          ----- ----- -------  -----  ----- | ---- ----- --------- --------- --------- |
          mn it mx it  avg it    its  ttits |   ss    ts        st      stps     stpit |
    0.000     0     0     0.0      0      0 |    1     1    0.0000    0.0000    0.0000 |
    0.010     0     0     0.0      0      0 |   10    11    0.0004    0.0000    0.0000 |
    0.020     0     0     0.0      0      0 |   10    21    0.0003    0.0000    0.0000 |
    0.030     0     0     0.0      0      0 |   10    31    0.0004    0.0000    0.0000 |
    0.040     0     0     0.0      0      0 |   10    41    0.0006    0.0001    0.0000 |
    0.050     0     0     0.0      0      0 |   10    51    0.0004    0.0000    0.0000 |
    0.060     0     0     0.0      0      0 |   10    61    0.0003    0.0000    0.0000 |
    0.070     0     0     0.0      0      0 |   10    71    0.0003    0.0000    0.0000 |
    0.080     0     0     0.0      0      0 |   10    81    0.0004    0.0000    0.0000 |
    0.090     0     0     0.0      0      0 |   10    91    0.0004    0.0000    0.0000 |
    0.100     0     0     0.0      0      0 |   10   101    0.0003    0.0000    0.0000 |
    0.110     0     0     0.0      0      0 |   10   111    0.0004    0.0000    0.0000 |
    0.120     0     0     0.0      0      0 |   10   121    0.0004    0.0000    0.0000 |
    0.130     0     0     0.0      0      0 |   10   131    0.0004    0.0000    0.0000 |
    0.140     0     0     0.0      0      0 |   10   141    0.0004    0.0000    0.0000 |
    0.150     0     0     0.0      0      0 |   10   151    0.0004    0.0000    0.0000 |
    0.160     0     0     0.0      0      0 |   10   161    0.0004    0.0000    0.0000 |
    0.170     0     0     0.0      0      0 |   10   171    0.0004    0.0000    0.0000 |
    0.180     0     0     0.0      0      0 |   10   181    0.0005    0.0001    0.0000 |
    0.190     0     0     0.0      0      0 |   10   191    0.0004    0.0000    0.0000 |
    0.200     0     0     0.0      0      0 |   10   201    0.0005    0.0000    0.0000 |
    0.210     0     0     0.0      0      0 |   10   211    0.0004    0.0000    0.0000 |
    0.220     0     0     0.0      0      0 |   10   221    0.0004    0.0000    0.0000 |
    0.230     0     0     0.0      0      0 |   10   231    0.0005    0.0000    0.0000 |
    0.240     0     0     0.0      0      0 |   10   241    0.0005    0.0000    0.0000 |
    0.250     0     0     0.0      0      0 |   10   251    0.0003    0.0000    0.0000 |
    0.260     0     0     0.0      0      0 |   10   261    0.0004    0.0000    0.0000 |
    0.270     0     0     0.0      0      0 |   10   271    0.0004    0.0000    0.0000 |
    0.280     0     0     0.0      0      0 |   10   281    0.0004    0.0000    0.0000 |
    0.290     0     0     0.0      0      0 |   10   291    0.0004    0.0000    0.0000 |
    0.300     0     0     0.0      0      0 |   10   301    0.0004    0.0000    0.0000 |
    0.310     0     0     0.0      0      0 |   10   311    0.0003    0.0000    0.0000 |
    0.320     0     0     0.0      0      0 |   10   321    0.0003    0.0000    0.0000 |
    0.330     0     0     0.0      0      0 |   10   331    0.0003    0.0000    0.0000 |
    0.340     0     0     0.0      0      0 |   10   341    0.0005    0.0000    0.0000 |
    0.350     0     0     0.0      0      0 |   10   351    0.0004    0.0000    0.0000 |
    0.360     0     0     0.0      0      0 |   10   361    0.0004    0.0000    0.0000 |
    0.370     0     0     0.0      0      0 |   10   371    0.0004    0.0000    0.0000 |
    0.380     0     0     0.0      0      0 |   10   381    0.0003    0.0000    0.0000 |
    0.390     0     0     0.0      0      0 |   10   391    0.0004    0.0000    0.0000 |
    0.400     0     0     0.0      0      0 |   10   401    0.0004    0.0000    0.0000 |
    0.410     0     0     0.0      0      0 |   10   411    0.0004    0.0000    0.0000 |
    0.420     0     0     0.0      0      0 |   10   421    0.0003    0.0000    0.0000 |
    0.430     0     0     0.0      0      0 |   10   431    0.0004    0.0000    0.0000 |
    0.440     0     0     0.0      0      0 |   10   441    0.0004    0.0000    0.0000 |
    0.450     0     0     0.0      0      0 |   10   451    0.0004    0.0000    0.0000 |
    0.460     0     0     0.0      0      0 |   10   461    0.0004    0.0000    0.0000 |
    0.470     0     0     0.0      0      0 |   10   471    0.0004    0.0000    0.0000 |
    0.480     0     0     0.0      0      0 |   10   481    0.0004    0.0000    0.0000 |
    0.490     0     0     0.0      0      0 |   10   491    0.0004    0.0000    0.0000 |
    0.500     0     0     0.0      0      0 |   10   501    0.0004    0.0000    0.0000 |
    0.510     0     0     0.0      0      0 |   10   511    0.0004    0.0000    0.0000 |
    0.520     0     0     0.0      0      0 |   10   521    0.0004    0.0000    0.0000 |
    0.530     0     0     0.0      0      0 |   10   531    0.0004    0.0000    0.0000 |
    0.540     0     0     0.0      0      0 |   10   541    0.0004    0.0000    0.0000 |
    0.550     0     0     0.0      0      0 |   10   551    0.0004    0.0000    0.0000 |
    0.560     0     0     0.0      0      0 |   10   561    0.0003    0.0000    0.0000 |
    0.570     0     0     0.0      0      0 |   10   571    0.0003    0.0000    0.0000 |
    0.580     0     0     0.0      0      0 |   10   581    0.0003    0.0000    0.0000 |
    0.590     0     0     0.0      0      0 |   10   591    0.0003    0.0000    0.0000 |
    0.600     0     0     0.0      0      0 |   10   601    0.0003    0.0000    0.0000 |
    0.610     0     0     0.0      0      0 |   10   611    0.0003    0.0000    0.0000 |
    0.620     0     0     0.0      0      0 |   10   621    0.0003    0.0000    0.0000 |
    0.630     0     0     0.0      0      0 |   10   631    0.0004    0.0000    0.0000 |
    0.640     0     0     0.0      0      0 |   10   641    0.0003    0.0000    0.0000 |
    0.650     0     0     0.0      0      0 |   10   651    0.0003    0.0000    0.0000 |
    0.660     0     0     0.0      0      0 |   10   661    0.0003    0.0000    0.0000 |
    0.670     0     0     0.0      0      0 |   10   671    0.0004    0.0000    0.0000 |
    0.680     0     0     0.0      0      0 |   10   681    0.0004    0.0000    0.0000 |
    0.690     0     0     0.0      0      0 |   10   691    0.0003    0.0000    0.0000 |
    0.700     0     0     0.0      0      0 |   10   701    0.0003    0.0000    0.0000 |
    0.710     0     0     0.0      0      0 |   10   711    0.0003    0.0000    0.0000 |
    0.720     0     0     0.0      0      0 |   10   721    0.0003    0.0000    0.0000 |
    0.730     0     0     0.0      0      0 |   10   731    0.0003    0.0000    0.0000 |
    0.740     0     0     0.0      0      0 |   10   741    0.0003    0.0000    0.0000 |
    0.750     0     0     0.0      0      0 |   10   751    0.0004    0.0000    0.0000 |
    0.760     0     0     0.0      0      0 |   10   761    0.0003    0.0000    0.0000 |
    0.770     0     0     0.0      0      0 |   10   771    0.0003    0.0000    0.0000 |
    0.780     0     0     0.0      0      0 |   10   781    0.0003    0.0000    0.0000 |
    0.790     0     0     0.0      0      0 |   10   791    0.0003    0.0000    0.0000 |
    0.800     0     0     0.0      0      0 |   10   801    0.0004    0.0000    0.0000 |
    0.810     0     0     0.0      0      0 |   10   811    0.0003    0.0000    0.0000 |
    0.820     0     0     0.0      0      0 |   10   821    0.0003    0.0000    0.0000 |
    0.830     0     0     0.0      0      0 |   10   831    0.0003    0.0000    0.0000 |
    0.840     0     0     0.0      0      0 |   10   841    0.0003    0.0000    0.0000 |
    0.850     0     0     0.0      0      0 |   10   851    0.0003    0.0000    0.0000 |
    0.860     0     0     0.0      0      0 |   10   861    0.0003    0.0000    0.0000 |
    0.870     0     0     0.0      0      0 |   10   871    0.0003    0.0000    0.0000 |
    0.880     0     0     0.0      0      0 |   10   881    0.0004    0.0000    0.0000 |
    0.890     0     0     0.0      0      0 |   10   891    0.0003    0.0000    0.0000 |
    0.900     0     0     0.0      0      0 |   10   901    0.0003    0.0000    0.0000 |
    0.910     0     0     0.0      0      0 |   10   911    0.0003    0.0000    0.0000 |
    0.920     0     0     0.0      0      0 |   10   921    0.0003    0.0000    0.0000 |
    0.930     0     0     0.0      0      0 |   10   931    0.0003    0.0000    0.0000 |
    0.940     0     0     0.0      0      0 |   10   941    0.0003    0.0000    0.0000 |
    0.950     0     0     0.0      0      0 |   10   951    0.0003    0.0000    0.0000 |
    0.960     0     0     0.0      0      0 |   10   961    0.0003    0.0000    0.0000 |
    0.970     0     0     0.0      0      0 |   10   971    0.0003    0.0000    0.0000 |
    0.980     0     0     0.0      0      0 |   10   981    0.0003    0.0000    0.0000 |
    0.990     0     0     0.0      0      0 |   10   991    0.0003    0.0000    0.0000 |
    1.000     0     0     0.0      0      0 |   10  1001    0.0003    0.0000    0.0000 |
    1.010     0     0     0.0      0      0 |   10  1011    0.0003    0.0000    0.0000 |
    1.020     0     0     0.0      0      0 |   10  1021    0.0003    0.0000    0.0000 |
    1.030     0     0     0.0      0      0 |   10  1031    0.0003    0.0000    0.0000 |
    1.040     0     0     0.0      0      0 |   10  1041    0.0004    0.0000    0.0000 |
    1.050     0     0     0.0      0      0 |   10  1051    0.0004    0.0000    0.0000 |
    1.060     0     0     0.0      0      0 |   10  1061    0.0004    0.0000    0.0000 |
    1.070     0     0     0.0      0      0 |   10  1071    0.0003    0.0000    0.0000 |
    1.080     0     0     0.0      0      0 |   10  1081    0.0003    0.0000    0.0000 |
    1.090     0     0     0.0      0      0 |   10  1091    0.0004    0.0000    0.0000 |
    1.100     0     0     0.0      0      0 |   10  1101    0.0003    0.0000    0.0000 |
    1.110     0     0     0.0      0      0 |   10  1111    0.0004    0.0000    0.0000 |
    1.120     0     0     0.0      0      0 |   10  1121    0.0003    0.0000    0.0000 |
    1.130     0     0     0.0      0      0 |   10  1131    0.0003    0.0000    0.0000 |
    1.140     0     0     0.0      0      0 |   10  1141    0.0003    0.0000    0.0000 |
    1.150     0     0     0.0      0      0 |   10  1151    0.0003    0.0000    0.0000 |
    1.160     0     0     0.0      0      0 |   10  1161    0.0003    0.0000    0.0000 |
    1.170     0     0     0.0      0      0 |   10  1171    0.0003    0.0000    0.0000 |
    1.180     0     0     0.0      0      0 |   10  1181    0.0003    0.0000    0.0000 |
    1.190     0     0     0.0      0      0 |   10  1191    0.0004    0.0000    0.0000 |
    1.200     0     0     0.0      0      0 |   10  1201    0.0004    0.0000    0.0000 |
    1.210     0     0     0.0      0      0 |   10  1211    0.0003    0.0000    0.0000 |
    1.220     0     0     0.0      0      0 |   10  1221    0.0003    0.0000    0.0000 |
    1.230     0     0     0.0      0      0 |   10  1231    0.0003    0.0000    0.0000 |
    1.240     0     0     0.0      0      0 |   10  1241    0.0003    0.0000    0.0000 |
    1.250     0     0     0.0      0      0 |   10  1251    0.0003    0.0000    0.0000 |
    1.260     0     0     0.0      0      0 |   10  1261    0.0004    0.0000    0.0000 |
    1.270     0     0     0.0      0      0 |   10  1271    0.0004    0.0000    0.0000 |
    1.280     0     0     0.0      0      0 |   10  1281    0.0004    0.0000    0.0000 |
    1.290     0     0     0.0      0      0 |   10  1291    0.0003    0.0000    0.0000 |
    1.300     0     0     0.0      0      0 |   10  1301    0.0003    0.0000    0.0000 |
    1.310     0     0     0.0      0      0 |   10  1311    0.0003    0.0000    0.0000 |
    1.320     0     0     0.0      0      0 |   10  1321    0.0004    0.0000    0.0000 |
    1.330     0     0     0.0      0      0 |   10  1331    0.0004    0.0000    0.0000 |
    1.340     0     0     0.0      0      0 |   10  1341    0.0003    0.0000    0.0000 |
    1.350     0     0     0.0      0      0 |   10  1351    0.0003    0.0000    0.0000 |
    1.360     0     0     0.0      0      0 |   10  1361    0.0003    0.0000    0.0000 |
    1.370     0     0     0.0      0      0 |   10  1371    0.0003    0.0000    0.0000 |
    1.380     0     0     0.0      0      0 |   10  1381    0.0003    0.0000    0.0000 |
    1.390     0     0     0.0      0      0 |   10  1391    0.0003    0.0000    0.0000 |
    1.400     0     0     0.0      0      0 |   10  1401    0.0004    0.0000    0.0000 |
    1.410     0     0     0.0      0      0 |   10  1411    0.0003    0.0000    0.0000 |
    1.420     0     0     0.0      0      0 |   10  1421    0.0003    0.0000    0.0000 |
    1.430     0     0     0.0      0      0 |   10  1431    0.0003    0.0000    0.0000 |
    1.440     0     0     0.0      0      0 |   10  1441    0.0003    0.0000    0.0000 |
    1.450     0     0     0.0      0      0 |   10  1451    0.0004    0.0000    0.0000 |
    1.460     0     0     0.0      0      0 |   10  1461    0.0003    0.0000    0.0000 |
    1.470     0     0     0.0      0      0 |   10  1471    0.0003    0.0000    0.0000 |
    1.480     0     0     0.0      0      0 |   10  1481    0.0004    0.0000    0.0000 |
    1.490     0     0     0.0      0      0 |   10  1491    0.0003    0.0000    0.0000 |
    1.500     0     0     0.0      0      0 |   10  1501    0.0003    0.0000    0.0000 |
    1.510     0     0     0.0      0      0 |   10  1511    0.0003    0.0000    0.0000 |
    1.520     0     0     0.0      0      0 |   10  1521    0.0003    0.0000    0.0000 |
    1.530     0     0     0.0      0      0 |   10  1531    0.0003    0.0000    0.0000 |
    1.540     0     0     0.0      0      0 |   10  1541    0.0003    0.0000    0.0000 |
    1.550     0     0     0.0      0      0 |   10  1551    0.0003    0.0000    0.0000 |
    1.560     0     0     0.0      0      0 |   10  1561    0.0003    0.0000    0.0000 |
    1.570     0     0     0.0      0      0 |   10  1571    0.0003    0.0000    0.0000 |
    1.580     0     0     0.0      0      0 |   10  1581    0.0004    0.0000    0.0000 |
    1.590     0     0     0.0      0      0 |   10  1591    0.0003    0.0000    0.0000 |
    1.600     0     0     0.0      0      0 |   10  1601    0.0003    0.0000    0.0000 |
    1.610     0     0     0.0      0      0 |   10  1611    0.0003    0.0000    0.0000 |
    1.620     0     0     0.0      0      0 |   10  1621    0.0004    0.0000    0.0000 |
    1.630     0     0     0.0      0      0 |   10  1631    0.0004    0.0000    0.0000 |
    1.640     0     0     0.0      0      0 |   10  1641    0.0003    0.0000    0.0000 |
    1.650     0     0     0.0      0      0 |   10  1651    0.0003    0.0000    0.0000 |
    1.660     0     0     0.0      0      0 |   10  1661    0.0003    0.0000    0.0000 |
    1.670     0     0     0.0      0      0 |   10  1671    0.0003    0.0000    0.0000 |
    1.680     0     0     0.0      0      0 |   10  1681    0.0003    0.0000    0.0000 |
    1.690     0     0     0.0      0      0 |   10  1691    0.0003    0.0000    0.0000 |
    1.700     0     0     0.0      0      0 |   10  1701    0.0003    0.0000    0.0000 |
    1.710     0     0     0.0      0      0 |   10  1711    0.0003    0.0000    0.0000 |
    1.720     0     0     0.0      0      0 |   10  1721    0.0003    0.0000    0.0000 |
    1.730     0     0     0.0      0      0 |   10  1731    0.0003    0.0000    0.0000 |
    1.740     0     0     0.0      0      0 |   10  1741    0.0003    0.0000    0.0000 |
    1.750     0     0     0.0      0      0 |   10  1751    0.0003    0.0000    0.0000 |
    1.760     0     0     0.0      0      0 |   10  1761    0.0003    0.0000    0.0000 |
    1.770     0     0     0.0      0      0 |   10  1771    0.0003    0.0000    0.0000 |
    1.780     0     0     0.0      0      0 |   10  1781    0.0004    0.0000    0.0000 |
    1.790     0     0     0.0      0      0 |   10  1791    0.0003    0.0000    0.0000 |
    1.800     0     0     0.0      0      0 |   10  1801    0.0003    0.0000    0.0000 |
    1.810     0     0     0.0      0      0 |   10  1811    0.0003    0.0000    0.0000 |
    1.820     0     0     0.0      0      0 |   10  1821    0.0003    0.0000    0.0000 |
    1.830     0     0     0.0      0      0 |   10  1831    0.0003    0.0000    0.0000 |
    1.840     0     0     0.0      0      0 |   10  1841    0.0004    0.0000    0.0000 |
    1.850     0     0     0.0      0      0 |   10  1851    0.0003    0.0000    0.0000 |
    1.860     0     0     0.0      0      0 |   10  1861    0.0003    0.0000    0.0000 |
    1.870     0     0     0.0      0      0 |   10  1871    0.0004    0.0000    0.0000 |
    1.880     0     0     0.0      0      0 |   10  1881    0.0004    0.0000    0.0000 |
    1.890     0     0     0.0      0      0 |   10  1891    0.0003    0.0000    0.0000 |
    1.900     0     0     0.0      0      0 |   10  1901    0.0003    0.0000    0.0000 |
    1.910     0     0     0.0      0      0 |   10  1911    0.0003    0.0000    0.0000 |
    1.920     0     0     0.0      0      0 |   10  1921    0.0004    0.0000    0.0000 |
    1.930     0     0     0.0      0      0 |   10  1931    0.0003    0.0000    0.0000 |
    1.940     0     0     0.0      0      0 |   10  1941    0.0003    0.0000    0.0000 |
    1.950     0     0     0.0      0      0 |   10  1951    0.0003    0.0000    0.0000 |
    1.960     0     0     0.0      0      0 |   10  1961    0.0003    0.0000    0.0000 |
    1.970     0     0     0.0      0      0 |   10  1971    0.0003    0.0000    0.0000 |
    1.980     0     0     0.0      0      0 |   10  1981    0.0004    0.0000    0.0000 |
    1.990     0     0     0.0      0      0 |   10  1991    0.0003    0.0000    0.0000 |
    2.000     0     0     0.0      0      0 |   10  2001    0.0004    0.0000    0.0000 |
    2.010     0    39    34.6    346    346 |   10  2011    0.1953    0.0195    0.0006 |
    2.020    39    39    39.0    390    736 |   10  2021    0.1889    0.0189    0.0005 |
    2.030    38    40    39.1    391   1127 |   10  2031    0.2182    0.0218    0.0006 |
    2.040    38    39    38.6    386   1513 |   10  2041    0.1921    0.0192    0.0005 |
    2.050    39    39    39.0    390   1903 |   10  2051    0.1917    0.0192    0.0005 |
    2.060    38    39    38.9    389   2292 |   10  2061    0.1900    0.0190    0.0005 |
    2.070    37    39    38.1    381   2673 |   10  2071    0.1911    0.0191    0.0005 |
    2.080    35    41    37.7    377   3050 |   10  2081    0.2187    0.0219    0.0006 |
    2.090    41    41    41.0    410   3460 |   10  2091    0.2385    0.0238    0.0006 |
    2.100    40    41    40.6    406   3866 |   10  2101    0.2296    0.0230    0.0006 |
    2.110    39    40    39.9    399   4265 |   10  2111    0.2285    0.0229    0.0006 |
    2.120    40    43    41.0    410   4675 |   10  2121    0.2107    0.0211    0.0005 |
    2.130    44    44    44.0    440   5115 |   10  2131    0.2155    0.0216    0.0005 |
    2.140    43    44    43.9    439   5554 |   10  2141    0.2140    0.0214    0.0005 |
    2.150    44    45    44.4    444   5998 |   10  2151    0.2157    0.0216    0.0005 |
    2.160    44    45    44.3    443   6441 |   10  2161    0.2185    0.0219    0.0005 |
    2.170    43    44    43.8    438   6879 |   10  2171    0.2125    0.0212    0.0005 |
    2.180    43    45    44.2    442   7321 |   10  2181    0.2142    0.0214    0.0005 |
    2.190    45    45    45.0    450   7771 |   10  2191    0.2197    0.0220    0.0005 |
    2.200    43    45    44.1    441   8212 |   10  2201    0.2188    0.0219    0.0005 |
    2.210    39    46    43.1    431   8643 |   10  2211    0.2153    0.0215    0.0005 |
    2.220    46    47    46.8    468   9111 |   10  2221    0.2319    0.0232    0.0005 |
    2.230    45    47    45.5    455   9566 |   10  2231    0.2256    0.0226    0.0005 |
    2.240    44    44    44.0    440  10006 |   10  2241    0.2174    0.0217    0.0005 |
    2.250    44    46    45.5    455  10461 |   10  2251    0.2248    0.0225    0.0005 |
    2.260    45    46    45.9    459  10920 |   10  2261    0.2260    0.0226    0.0005 |
    2.270    44    46    44.8    448  11368 |   10  2271    0.2172    0.0217    0.0005 |
    2.280    44    46    45.2    452  11820 |   10  2281    0.2206    0.0221    0.0005 |
    2.290    46    46    46.0    460  12280 |   10  2291    0.2244    0.0224    0.0005 |
    2.300    44    46    44.9    449  12729 |   10  2301    0.2179    0.0218    0.0005 |
    2.310    44    46    45.6    456  13185 |   10  2311    0.2254    0.0225    0.0005 |
    2.320    45    46    45.9    459  13644 |   10  2321    0.2253    0.0225    0.0005 |
    2.330    44    47    45.9    459  14103 |   10  2331    0.2230    0.0223    0.0005 |
    2.340    45    46    45.2    452  14555 |   10  2341    0.2204    0.0220    0.0005 |
    2.350    46    48    47.2    472  15027 |   10  2351    0.2312    0.0231    0.0005 |
    2.360    43    48    45.1    451  15478 |   10  2361    0.2210    0.0221    0.0005 |
    2.370    48    48    48.0    480  15958 |   10  2371    0.2332    0.0233    0.0005 |
    2.380    48    50    49.0    490  16448 |   10  2381    0.2397    0.0240    0.0005 |
    2.390    50    51    50.8    508  16956 |   10  2391    0.2483    0.0248    0.0005 |
    2.400    46    51    49.3    493  17449 |   10  2401    0.2518    0.0252    0.0005 |
    2.410    44    47    45.4    454  17903 |   10  2411    0.2316    0.0232    0.0005 |
    2.420    47    49    48.3    483  18386 |   10  2421    0.2488    0.0249    0.0005 |
    2.430    47    49    48.7    487  18873 |   10  2431    0.2348    0.0235    0.0005 |
    2.440    43    50    47.4    474  19347 |   10  2441    0.2293    0.0229    0.0005 |
    2.450    44    47    46.7    467  19814 |   10  2451    0.2279    0.0228    0.0005 |
    2.460    47    47    47.0    470  20284 |   10  2461    0.2292    0.0229    0.0005 |
    2.470    47    47    47.0    470  20754 |   10  2471    0.2281    0.0228    0.0005 |
    2.480    41    47    43.3    433  21187 |   10  2481    0.2095    0.0210    0.0005 |
    2.490    42    44    42.8    428  21615 |   10  2491    0.2111    0.0211    0.0005 |
    2.500    44    48    45.8    458  22073 |   10  2501    0.2221    0.0222    0.0005 |
    2.510    47    48    47.3    473  22546 |   10  2511    0.2338    0.0234    0.0005 |
    2.520    47    48    47.2    472  23018 |   10  2521    0.2334    0.0233    0.0005 |
    2.530    46    49    48.6    486  23504 |   10  2531    0.2361    0.0236    0.0005 |
    2.540    47    49    48.1    481  23985 |   10  2541    0.2359    0.0236    0.0005 |
    2.550    48    48    48.0    480  24465 |   10  2551    0.2320    0.0232    0.0005 |
    2.560    48    49    48.6    486  24951 |   10  2561    0.2393    0.0239    0.0005 |
    2.570    47    49    48.1    481  25432 |   10  2571    0.2320    0.0232    0.0005 |
    2.580    47    49    47.7    477  25909 |   10  2581    0.2314    0.0231    0.0005 |
    2.590    50    55    54.0    540  26449 |   10  2591    0.2593    0.0259    0.0005 |
    2.600    48    55    53.0    530  26979 |   10  2601    0.2571    0.0257    0.0005 |
    2.610    45    48    46.8    468  27447 |   10  2611    0.2227    0.0223    0.0005 |
    2.620    47    50    48.1    481  27928 |   10  2621    0.2337    0.0234    0.0005 |
    2.630    47    49    48.4    484  28412 |   10  2631    0.2331    0.0233    0.0005 |
    2.640    48    51    49.6    496  28908 |   10  2641    0.2239    0.0224    0.0005 |
    2.650    51    53    51.9    519  29427 |   10  2651    0.2338    0.0234    0.0005 |
    2.660    53    53    53.0    530  29957 |   10  2661    0.2358    0.0236    0.0004 |
    2.670    52    53    52.5    525  30482 |   10  2671    0.2343    0.0234    0.0004 |
    2.680    51    52    51.4    514  30996 |   10  2681    0.2287    0.0229    0.0004 |
    2.690    51    51    51.0    510  31506 |   10  2691    0.2273    0.0227    0.0004 |
    2.700    44    52    49.1    491  31997 |   10  2701    0.2195    0.0220    0.0004 |
    2.710    45    49    47.9    479  32476 |   10  2711    0.2172    0.0217    0.0005 |
    2.720    46    49    47.7    477  32953 |   10  2721    0.2146    0.0215    0.0004 |
    2.730    46    48    46.6    466  33419 |   10  2731    0.2118    0.0212    0.0005 |
    2.740    46    49    48.1    481  33900 |   10  2741    0.2116    0.0212    0.0004 |
    2.750    45    46    45.4    454  34354 |   10  2751    0.2047    0.0205    0.0005 |
    2.760    49    50    49.4    494  34848 |   10  2761    0.2221    0.0222    0.0004 |
    2.770    46    50    49.2    492  35340 |   10  2771    0.2192    0.0219    0.0004 |
    2.780    46    53    50.5    505  35845 |   10  2781    0.2273    0.0227    0.0005 |
    2.790    53    53    53.0    530  36375 |   10  2791    0.2346    0.0235    0.0004 |
    2.800    47    53    51.8    518  36893 |   10  2801    0.2325    0.0232    0.0004 |
    2.810    44    47    46.0    460  37353 |   10  2811    0.2034    0.0203    0.0004 |
    2.820    45    51    46.1    461  37814 |   10  2821    0.2074    0.0207    0.0004 |
    2.830    51    51    51.0    510  38324 |   10  2831    0.2272    0.0227    0.0004 |
    2.840    51    53    52.0    520  38844 |   10  2841    0.2322    0.0232    0.0004 |
    2.850    53    54    53.3    533  39377 |   10  2851    0.2391    0.0239    0.0004 |
    2.860    54    54    54.0    540  39917 |   10  2861    0.2370    0.0237    0.0004 |
    2.870    50    53    51.8    518  40435 |   10  2871    0.2288    0.0229    0.0004 |
    2.880    50    51    50.6    506  40941 |   10  2881    0.2250    0.0225    0.0004 |
    2.890    51    51    51.0    510  41451 |   10  2891    0.2270    0.0227    0.0004 |
    2.900    50    51    50.7    507  41958 |   10  2901    0.2282    0.0228    0.0005 |
    2.910    50    51    50.9    509  42467 |   10  2911    0.2251    0.0225    0.0004 |
    2.920    51    52    51.7    517  42984 |   10  2921    0.2297    0.0230    0.0004 |
    2.930    51    54    52.6    526  43510 |   10  2931    0.2350    0.0235    0.0004 |
    2.940    49    54    51.8    518  44028 |   10  2941    0.2310    0.0231    0.0004 |
    2.950    49    53    51.7    517  44545 |   10  2951    0.2274    0.0227    0.0004 |
    2.960    49    54    52.4    524  45069 |   10  2961    0.2321    0.0232    0.0004 |
    2.970    51    54    52.9    529  45598 |   10  2971    0.2354    0.0235    0.0004 |
    2.980    51    53    51.9    519  46117 |   10  2981    0.2318    0.0232    0.0004 |
    2.990    52    53    52.9    529  46646 |   10  2991    0.2369    0.0237    0.0004 |
    3.000    50    52    51.2    512  47158 |   10  3001    0.2282    0.0228    0.0004 |
    3.010    49    54    51.7    517  47675 |   10  3011    0.2280    0.0228    0.0004 |
    3.020    51    51    51.0    510  48185 |   10  3021    0.2294    0.0229    0.0004 |
    3.030    50    54    52.1    521  48706 |   10  3031    0.2317    0.0232    0.0004 |
    3.040    52    54    52.6    526  49232 |   10  3041    0.2365    0.0237    0.0004 |
    3.050    51    51    51.0    510  49742 |   10  3051    0.2285    0.0228    0.0004 |
    3.060    50    52    51.1    511  50253 |   10  3061    0.2284    0.0228    0.0004 |
    3.070    52    52    52.0    520  50773 |   10  3071    0.2319    0.0232    0.0004 |
    3.080    48    52    49.4    494  51267 |   10  3081    0.2218    0.0222    0.0004 |
    3.090    49    50    49.9    499  51766 |   10  3091    0.2230    0.0223    0.0004 |
    3.100    49    50    49.3    493  52259 |   10  3101    0.2178    0.0218    0.0004 |
    3.110    48    49    48.8    488  52747 |   10  3111    0.2171    0.0217    0.0004 |
    3.120    47    50    47.9    479  53226 |   10  3121    0.2081    0.0208    0.0004 |
    3.130    46    49    47.5    475  53701 |   10  3131    0.2098    0.0210    0.0004 |
    3.140    46    47    46.7    467  54168 |   10  3141    0.2051    0.0205    0.0004 |
    3.150    47    49    48.3    483  54651 |   10  3151    0.2172    0.0217    0.0004 |
    3.160    49    49    49.0    490  55141 |   10  3161    0.2192    0.0219    0.0004 |
    3.170    49    49    49.0    490  55631 |   10  3171    0.2210    0.0221    0.0005 |
    3.180    48    50    49.0    490  56121 |   10  3181    0.2183    0.0218    0.0004 |
    3.190    50    51    50.1    501  56622 |   10  3191    0.2221    0.0222    0.0004 |
    3.200    51    51    51.0    510  57132 |   10  3201    0.2260    0.0226    0.0004 |
    3.210    51    51    51.0    510  57642 |   10  3211    0.2257    0.0226    0.0004 |
    3.220    51    51    51.0    510  58152 |   10  3221    0.2254    0.0225    0.0004 |
    3.230    51    51    51.0    510  58662 |   10  3231    0.2247    0.0225    0.0004 |
    3.240    46    51    49.0    490  59152 |   10  3241    0.2276    0.0228    0.0005 |
    3.250    49    49    49.0    490  59642 |   10  3251    0.2171    0.0217    0.0004 |
    3.260    49    49    49.0    490  60132 |   10  3261    0.2176    0.0218    0.0004 |
    3.270    47    49    47.9    479  60611 |   10  3271    0.2111    0.0211    0.0004 |
    3.280    48    49    48.3    483  61094 |   10  3281    0.2125    0.0213    0.0004 |
    3.290    48    48    48.0    480  61574 |   10  3291    0.2115    0.0212    0.0004 |
    3.300    47    48    47.9    479  62053 |   10  3301    0.2080    0.0208    0.0004 |
    3.310    47    49    48.4    484  62537 |   10  3311    0.2158    0.0216    0.0004 |
    3.320    48    49    48.1    481  63018 |   10  3321    0.2096    0.0210    0.0004 |
    3.330    48    49    48.2    482  63500 |   10  3331    0.2140    0.0214    0.0004 |
    3.340    46    48    47.0    470  63970 |   10  3341    0.2089    0.0209    0.0004 |
    3.350    45    49    47.8    478  64448 |   10  3351    0.2112    0.0211    0.0004 |
    3.360    48    49    48.2    482  64930 |   10  3361    0.2153    0.0215    0.0004 |
    3.370    46    48    46.7    467  65397 |   10  3371    0.2065    0.0207    0.0004 |
    3.380    46    48    47.4    474  65871 |   10  3381    0.2092    0.0209    0.0004 |
    3.390    48    49    48.9    489  66360 |   10  3391    0.2163    0.0216    0.0004 |
    3.400    47    49    48.2    482  66842 |   10  3401    0.2133    0.0213    0.0004 |
    3.410    45    48    47.0    470  67312 |   10  3411    0.2082    0.0208    0.0004 |
    3.420    46    46    46.0    460  67772 |   10  3421    0.2024    0.0202    0.0004 |
    3.430    46    46    46.0    460  68232 |   10  3431    0.2052    0.0205    0.0004 |
    3.440    46    48    46.4    464  68696 |   10  3441    0.2037    0.0204    0.0004 |
    3.450    48    48    48.0    480  69176 |   10  3451    0.2080    0.0208    0.0004 |
    3.460    48    48    48.0    480  69656 |   10  3461    0.2080    0.0208    0.0004 |
    3.470    46    48    46.7    467  70123 |   10  3471    0.2056    0.0206    0.0004 |
    3.480    46    46    46.0    460  70583 |   10  3481    0.2034    0.0203    0.0004 |
    3.490    46    47    46.4    464  71047 |   10  3491    0.2013    0.0201    0.0004 |
    3.500    46    46    46.0    460  71507 |   10  3501    0.2055    0.0205    0.0004 |
    3.510    45    46    45.3    453  71960 |   10  3511    0.2061    0.0206    0.0005 |
    3.520    45    45    45.0    450  72410 |   10  3521    0.2011    0.0201    0.0004 |
    3.530    45    45    45.0    450  72860 |   10  3531    0.2026    0.0203    0.0005 |
    3.540    44    45    44.5    445  73305 |   10  3541    0.2000    0.0200    0.0004 |
    3.550    44    49    45.4    454  73759 |   10  3551    0.2026    0.0203    0.0004 |
    3.560    45    45    45.0    450  74209 |   10  3561    0.2007    0.0201    0.0004 |
    3.570    44    45    44.8    448  74657 |   10  3571    0.2014    0.0201    0.0004 |
    3.580    46    46    46.0    460  75117 |   10  3581    0.2059    0.0206    0.0004 |
    3.590    45    46    45.9    459  75576 |   10  3591    0.2017    0.0202    0.0004 |
    3.600    46    47    46.3    463  76039 |   10  3601    0.2051    0.0205    0.0004 |
    3.610    46    46    46.0    460  76499 |   10  3611    0.2019    0.0202    0.0004 |
    3.620    46    46    46.0    460  76959 |   10  3621    0.2079    0.0208    0.0005 |
    3.630    45    46    45.7    457  77416 |   10  3631    0.2100    0.0210    0.0005 |
    3.640    46    48    46.7    467  77883 |   10  3641    0.2122    0.0212    0.0005 |
    3.650    48    48    48.0    480  78363 |   10  3651    0.2148    0.0215    0.0004 |
    3.660    47    48    47.7    477  78840 |   10  3661    0.2112    0.0211    0.0004 |
    3.670    45    48    46.2    462  79302 |   10  3671    0.2047    0.0205    0.0004 |
    3.680    44    45    44.5    445  79747 |   10  3681    0.1981    0.0198    0.0004 |
    3.690    45    46    45.2    452  80199 |   10  3691    0.1962    0.0196    0.0004 |
    3.700    45    48    46.8    468  80667 |   10  3701    0.2055    0.0205    0.0004 |
    3.710    47    49    48.4    484  81151 |   10  3711    0.2126    0.0213    0.0004 |
    3.720    45    46    45.9    459  81610 |   10  3721    0.2029    0.0203    0.0004 |
    3.730    46    47    46.2    462  82072 |   10  3731    0.2024    0.0202    0.0004 |
    3.740    45    48    46.5    465  82537 |   10  3741    0.2051    0.0205    0.0004 |
    3.750    48    49    48.5    485  83022 |   10  3751    0.2112    0.0211    0.0004 |
    3.760    48    49    48.6    486  83508 |   10  3761    0.2150    0.0215    0.0004 |
    3.770    45    46    45.7    457  83965 |   10  3771    0.2022    0.0202    0.0004 |
    3.780    44    47    45.5    455  84420 |   10  3781    0.2009    0.0201    0.0004 |
    3.790    47    47    47.0    470  84890 |   10  3791    0.2091    0.0209    0.0004 |
    3.800    44    47    45.8    458  85348 |   10  3801    0.2015    0.0201    0.0004 |
    3.810    45    47    46.1    461  85809 |   10  3811    0.2092    0.0209    0.0005 |
    3.820    46    46    46.0    460  86269 |   10  3821    0.2008    0.0201    0.0004 |
    3.830    46    47    46.1    461  86730 |   10  3831    0.2034    0.0203    0.0004 |
    3.840    45    47    45.7    457  87187 |   10  3841    0.2001    0.0200    0.0004 |
    3.850    44    46    45.3    453  87640 |   10  3851    0.1984    0.0198    0.0004 |
    3.860    44    45    44.9    449  88089 |   10  3861    0.2026    0.0203    0.0005 |
    3.870    44    46    45.1    451  88540 |   10  3871    0.1972    0.0197    0.0004 |
    3.880    44    45    44.8    448  88988 |   10  3881    0.1997    0.0200    0.0004 |
    3.890    45    46    45.2    452  89440 |   10  3891    0.2027    0.0203    0.0004 |
    3.900    45    46    45.2    452  89892 |   10  3901    0.2007    0.0201    0.0004 |
    3.910    45    45    45.0    450  90342 |   10  3911    0.2041    0.0204    0.0005 |
    3.920    45    45    45.0    450  90792 |   10  3921    0.2024    0.0202    0.0004 |
    3.930    44    45    44.6    446  91238 |   10  3931    0.1976    0.0198    0.0004 |
    3.940    45    47    46.0    460  91698 |   10  3941    0.2050    0.0205    0.0004 |
    3.950    47    48    47.1    471  92169 |   10  3951    0.2061    0.0206    0.0004 |
    3.960    44    47    45.9    459  92628 |   10  3961    0.2062    0.0206    0.0004 |
    3.970    44    45    44.9    449  93077 |   10  3971    0.1981    0.0198    0.0004 |
    3.980    45    45    45.0    450  93527 |   10  3981    0.2032    0.0203    0.0005 |
    3.990    45    46    45.6    456  93983 |   10  3991    0.2019    0.0202    0.0004 |
    4.000    46    46    46.0    460  94443 |   10  4001    0.2070    0.0207    0.0005 |
    4.010    44    46    44.8    448  94891 |   10  4011    0.2021    0.0202    0.0005 |
    4.020    46    48    47.2    472  95363 |   10  4021    0.2132    0.0213    0.0005 |
    4.030    46    48    47.5    475  95838 |   10  4031    0.2125    0.0212    0.0004 |
    4.040    46    47    46.3    463  96301 |   10  4041    0.2035    0.0204    0.0004 |
    4.050    47    47    47.0    470  96771 |   10  4051    0.2079    0.0208    0.0004 |
    4.060    46    47    46.8    468  97239 |   10  4061    0.2092    0.0209    0.0004 |
    4.070    46    47    46.4    464  97703 |   10  4071    0.2076    0.0208    0.0004 |
    4.080    47    48    47.2    472  98175 |   10  4081    0.2084    0.0208    0.0004 |
    4.090    47    47    47.0    470  98645 |   10  4091    0.2084    0.0208    0.0004 |
    4.100    45    47    46.4    464  99109 |   10  4101    0.2098    0.0210    0.0005 |
    4.110    45    46    45.6    456  99565 |   10  4111    0.2019    0.0202    0.0004 |
    4.120    45    49    47.8    478 100043 |   10  4121    0.2125    0.0212    0.0004 |
    4.130    48    49    48.7    487 100530 |   10  4131    0.2189    0.0219    0.0004 |
    4.140    44    48    45.9    459 100989 |   10  4141    0.2054    0.0205    0.0004 |
    4.150    46    46    46.0    460 101449 |   10  4151    0.2088    0.0209    0.0005 |
    4.160    46    47    46.1    461 101910 |   10  4161    0.2025    0.0202    0.0004 |
    4.170    44    47    45.8    458 102368 |   10  4171    0.2042    0.0204    0.0004 |
    4.180    44    46    45.4    454 102822 |   10  4181    0.2008    0.0201    0.0004 |
    4.190    46    46    46.0    460 103282 |   10  4191    0.2030    0.0203    0.0004 |
    4.200    44    46    45.4    454 103736 |   10  4201    0.2051    0.0205    0.0005 |
    4.210    46    49    47.3    473 104209 |   10  4211    0.2125    0.0213    0.0004 |
    4.220    45    47    45.7    457 104666 |   10  4221    0.2036    0.0204    0.0004 |
    4.230    46    48    46.7    467 105133 |   10  4231    0.2093    0.0209    0.0004 |
    4.240    45    48    47.7    477 105610 |   10  4241    0.2118    0.0212    0.0004 |
    4.250    45    45    45.0    450 106060 |   10  4251    0.2013    0.0201    0.0004 |
    4.260    45    46    45.8    458 106518 |   10  4261    0.2031    0.0203    0.0004 |
    4.270    43    45    44.6    446 106964 |   10  4271    0.1949    0.0195    0.0004 |
    4.280    44    45    44.7    447 107411 |   10  4281    0.1976    0.0198    0.0004 |
    4.290    45    45    45.0    450 107861 |   10  4291    0.2017    0.0202    0.0004 |
    4.300    45    46    45.6    456 108317 |   10  4301    0.2058    0.0206    0.0005 |
    4.310    44    45    44.5    445 108762 |   10  4311    0.1999    0.0200    0.0004 |
    4.320    45    46    45.7    457 109219 |   10  4321    0.2052    0.0205    0.0004 |
    4.330    45    46    45.7    457 109676 |   10  4331    0.2046    0.0205    0.0004 |
    4.340    44    46    45.1    451 110127 |   10  4341    0.2008    0.0201    0.0004 |
    4.350    46    48    47.5    475 110602 |   10  4351    0.2143    0.0214    0.0005 |
    4.360    48    48    48.0    480 111082 |   10  4361    0.2133    0.0213    0.0004 |
    4.370    46    47    46.5    465 111547 |   10  4371    0.2077    0.0208    0.0004 |
    4.380    45    46    45.3    453 112000 |   10  4381    0.2030    0.0203    0.0004 |
    4.390    45    46    45.9    459 112459 |   10  4391    0.2050    0.0205    0.0004 |
    4.400    45    48    47.6    476 112935 |   10  4401    0.2124    0.0212    0.0004 |
    4.410    47    49    48.1    481 113416 |   10  4411    0.2115    0.0211    0.0004 |
    4.420    49    51    49.9    499 113915 |   10  4421    0.2251    0.0225    0.0005 |
    4.430    51    51    51.0    510 114425 |   10  4431    0.2259    0.0226    0.0004 |
    4.440    51    53    51.5    515 114940 |   10  4441    0.2302    0.0230    0.0004 |
    4.450    53    53    53.0    530 115470 |   10  4451    0.2319    0.0232    0.0004 |
    4.460    47    54    52.2    522 115992 |   10  4461    0.2291    0.0229    0.0004 |
    4.470    46    48    47.3    473 116465 |   10  4471    0.2090    0.0209    0.0004 |
    4.480    46    47    46.8    468 116933 |   10  4481    0.2105    0.0211    0.0004 |
    4.490    47    50    47.6    476 117409 |   10  4491    0.2146    0.0215    0.0005 |
    4.500    45    47    46.7    467 117876 |   10  4501    0.2080    0.0208    0.0004 |
    4.510    45    48    46.3    463 118339 |   10  4511    0.2090    0.0209    0.0005 |
    4.520    46    47    46.8    468 118807 |   10  4521    0.2099    0.0210    0.0004 |
    4.530    46    48    47.2    472 119279 |   10  4531    0.2113    0.0211    0.0004 |
    4.540    46    48    46.6    466 119745 |   10  4541    0.2084    0.0208    0.0004 |
    4.550    46    49    47.3    473 120218 |   10  4551    0.2086    0.0209    0.0004 |
    4.560    45    46    45.7    457 120675 |   10  4561    0.2026    0.0203    0.0004 |
    4.570    45    47    45.6    456 121131 |   10  4571    0.2024    0.0202    0.0004 |
    4.580    47    49    48.6    486 121617 |   10  4581    0.2179    0.0218    0.0004 |
    4.590    49    49    49.0    490 122107 |   10  4591    0.2192    0.0219    0.0004 |
    4.600    49    49    49.0    490 122597 |   10  4601    0.2202    0.0220    0.0004 |
    4.610    47    49    48.5    485 123082 |   10  4611    0.2190    0.0219    0.0005 |
    4.620    49    49    49.0    490 123572 |   10  4621    0.2218    0.0222    0.0005 |
    4.630    49    49    49.0    490 124062 |   10  4631    0.2187    0.0219    0.0004 |
    4.640    47    49    47.7    477 124539 |   10  4641    0.2217    0.0222    0.0005 |
    4.650    47    49    47.3    473 125012 |   10  4651    0.2110    0.0211    0.0004 |
    4.660    49    52    50.8    508 125520 |   10  4661    0.2268    0.0227    0.0004 |
    4.670    49    52    49.8    498 126018 |   10  4671    0.2252    0.0225    0.0005 |
    4.680    50    50    50.0    500 126518 |   10  4681    0.2457    0.0246    0.0005 |
    4.690    50    50    50.0    500 127018 |   10  4691    0.2864    0.0286    0.0006 |
    4.700    49    50    49.9    499 127517 |   10  4701    0.2736    0.0274    0.0005 |
    4.710    44    52    49.5    495 128012 |   10  4711    0.2399    0.0240    0.0005 |
    4.720    52    52    52.0    520 128532 |   10  4721    0.2699    0.0270    0.0005 |
    4.730    51    52    51.1    511 129043 |   10  4731    0.2430    0.0243    0.0005 |
    4.740    44    51    47.4    474 129517 |   10  4741    0.2190    0.0219    0.0005 |
    4.750    48    48    48.0    480 129997 |   10  4751    0.2245    0.0224    0.0005 |
    4.760    48    48    48.0    480 130477 |   10  4761    0.2290    0.0229    0.0005 |
    4.770    47    50    48.3    483 130960 |   10  4771    0.2230    0.0223    0.0005 |
    4.780    50    51    50.8    508 131468 |   10  4781    0.2330    0.0233    0.0005 |
    4.790    51    52    51.2    512 131980 |   10  4791    0.2397    0.0240    0.0005 |
    4.800    49    50    49.3    493 132473 |   10  4801    0.2313    0.0231    0.0005 |
    4.810    49    50    49.4    494 132967 |   10  4811    0.2292    0.0229    0.0005 |
    4.820    50    51    50.9    509 133476 |   10  4821    0.2532    0.0253    0.0005 |
    4.830    47    51    49.9    499 133975 |   10  4831    0.2277    0.0228    0.0005 |
    4.840    45    49    47.5    475 134450 |   10  4841    0.2116    0.0212    0.0004 |
    4.850    49    50    49.2    492 134942 |   10  4851    0.2239    0.0224    0.0005 |
    4.860    49    50    49.4    494 135436 |   10  4861    0.2364    0.0236    0.0005 |
    4.870    45    50    48.2    482 135918 |   10  4871    0.2209    0.0221    0.0005 |
    4.880    47    51    49.1    491 136409 |   10  4881    0.2250    0.0225    0.0005 |
    4.890    50    50    50.0    500 136909 |   10  4891    0.2316    0.0232    0.0005 |
    4.900    49    51    49.7    497 137406 |   10  4901    0.2328    0.0233    0.0005 |
    4.910    49    51    50.4    504 137910 |   10  4911    0.2352    0.0235    0.0005 |
    4.920    51    51    51.0    510 138420 |   10  4921    0.2301    0.0230    0.0005 |
    4.930    49    51    50.1    501 138921 |   10  4931    0.2312    0.0231    0.0005 |
    4.940    44    51    47.9    479 139400 |   10  4941    0.2273    0.0227    0.0005 |
    4.950    51    54    53.2    532 139932 |   10  4951    0.2509    0.0251    0.0005 |
    4.960    52    54    53.6    536 140468 |   10  4961    0.2458    0.0246    0.0005 |
    4.970    50    52    51.2    512 140980 |   10  4971    0.2475    0.0248    0.0005 |
    4.980    48    49    48.2    482 141462 |   10  4981    0.2447    0.0245    0.0005 |
    4.990    48    49    48.6    486 141948 |   10  4991    0.2368    0.0237    0.0005 |
    5.000    49    49    49.0    490 142438 |   10  5001    0.2456    0.0246    0.0005 |
    5.010    45    50    46.0    460 142898 |   10  5011    0.2216    0.0222    0.0005 |
    5.020    45    45    45.0    450 143348 |   10  5021    0.2082    0.0208    0.0005 |
    5.030    45    45    45.0    450 143798 |   10  5031    0.2100    0.0210    0.0005 |
    5.040    44    46    45.5    455 144253 |   10  5041    0.2157    0.0216    0.0005 |
    5.050    46    48    46.4    464 144717 |   10  5051    0.2221    0.0222    0.0005 |
    5.060    46    48    47.8    478 145195 |   10  5061    0.2227    0.0223    0.0005 |
    5.070    43    48    45.6    456 145651 |   10  5071    0.2133    0.0213    0.0005 |
    5.080    45    48    47.4    474 146125 |   10  5081    0.2269    0.0227    0.0005 |
    5.090    48    49    48.8    488 146613 |   10  5091    0.2389    0.0239    0.0005 |
    5.100    48    48    48.0    480 147093 |   10  5101    0.2456    0.0246    0.0005 |
    5.110    45    50    47.8    478 147571 |   10  5111    0.2441    0.0244    0.0005 |
    5.120    50    51    50.8    508 148079 |   10  5121    0.2878    0.0288    0.0006 |
    5.130    51    51    51.0    510 148589 |   10  5131    0.2642    0.0264    0.0005 |
    5.140    49    51    50.8    508 149097 |   10  5141    0.2519    0.0252    0.0005 |
    5.150    51    51    51.0    510 149607 |   10  5151    0.2499    0.0250    0.0005 |
    5.160    51    51    51.0    510 150117 |   10  5161    0.2417    0.0242    0.0005 |
    5.170    47    51    50.2    502 150619 |   10  5171    0.2514    0.0251    0.0005 |
    5.180    47    48    47.5    475 151094 |   10  5181    0.2258    0.0226    0.0005 |
    5.190    48    51    49.2    492 151586 |   10  5191    0.2368    0.0237    0.0005 |
    5.200    50    51    50.7    507 152093 |   10  5201    0.2388    0.0239    0.0005 |
    5.210    46    51    49.1    491 152584 |   10  5211    0.2349    0.0235    0.0005 |
    5.220    47    51    49.3    493 153077 |   10  5221    0.2446    0.0245    0.0005 |
    5.230    49    51    50.2    502 153579 |   10  5231    0.2476    0.0248    0.0005 |
    5.240    46    51    49.7    497 154076 |   10  5241    0.2331    0.0233    0.0005 |
    5.250    51    52    51.3    513 154589 |   10  5251    0.2481    0.0248    0.0005 |
    5.260    50    52    51.1    511 155100 |   10  5261    0.2496    0.0250    0.0005 |
    5.270    48    50    49.0    490 155590 |   10  5271    0.2334    0.0233    0.0005 |
    5.280    49    53    51.5    515 156105 |   10  5281    0.2480    0.0248    0.0005 |
    5.290    53    53    53.0    530 156635 |   10  5291    0.2582    0.0258    0.0005 |
    5.300    46    53    49.9    499 157134 |   10  5301    0.2446    0.0245    0.0005 |
    5.310    51    52    51.1    511 157645 |   10  5311    0.2543    0.0254    0.0005 |
    5.320    51    52    51.9    519 158164 |   10  5321    0.2580    0.0258    0.0005 |
    5.330    48    52    50.8    508 158672 |   10  5331    0.2510    0.0251    0.0005 |
    5.340    48    51    49.8    498 159170 |   10  5341    0.2431    0.0243    0.0005 |
    5.350    50    51    50.4    504 159674 |   10  5351    0.2425    0.0242    0.0005 |
    5.360    49    51    50.1    501 160175 |   10  5361    0.2350    0.0235    0.0005 |
    5.370    48    49    48.5    485 160660 |   10  5371    0.2424    0.0242    0.0005 |
    5.380    48    50    48.8    488 161148 |   10  5381    0.2465    0.0246    0.0005 |
    5.390    50    50    50.0    500 161648 |   10  5391    0.2415    0.0242    0.0005 |
    5.400    47    50    48.2    482 162130 |   10  5401    0.2252    0.0225    0.0005 |
    5.410    48    49    48.1    481 162611 |   10  5411    0.2183    0.0218    0.0005 |
    5.420    47    51    50.1    501 163112 |   10  5421    0.2399    0.0240    0.0005 |
    5.430    47    51    48.7    487 163599 |   10  5431    0.2314    0.0231    0.0005 |
    5.440    44    48    46.9    469 164068 |   10  5441    0.2271    0.0227    0.0005 |
    5.450    45    47    46.4    464 164532 |   10  5451    0.2144    0.0214    0.0005 |
    5.460    45    47    45.9    459 164991 |   10  5461    0.2163    0.0216    0.0005 |
    5.470    46    49    48.2    482 165473 |   10  5471    0.2228    0.0223    0.0005 |
    5.480    49    51    50.0    500 165973 |   10  5481    0.2246    0.0225    0.0004 |
    5.490    50    51    50.9    509 166482 |   10  5491    0.2456    0.0246    0.0005 |
    5.500    50    50    50.0    500 166982 |   10  5501    0.2369    0.0237    0.0005 |
    5.510    49    49    49.0    490 167472 |   10  5511    0.2336    0.0234    0.0005 |
    5.520    47    53    50.2    502 167974 |   10  5521    0.2276    0.0228    0.0005 |
    5.530    48    53    50.8    508 168482 |   10  5531    0.2233    0.0223    0.0004 |
    5.540    47    53    51.8    518 169000 |   10  5541    0.2302    0.0230    0.0004 |
    5.550    53    53    53.0    530 169530 |   10  5551    0.2332    0.0233    0.0004 |
    5.560    53    54    53.1    531 170061 |   10  5561    0.2362    0.0236    0.0004 |
    5.570    54    55    54.8    548 170609 |   10  5571    0.2437    0.0244    0.0004 |
    5.580    55    55    55.0    550 171159 |   10  5581    0.2443    0.0244    0.0004 |
    5.590    55    56    55.4    554 171713 |   10  5591    0.2443    0.0244    0.0004 |
    5.600    52    56    54.5    545 172258 |   10  5601    0.2441    0.0244    0.0004 |
    5.610    52    56    54.7    547 172805 |   10  5611    0.2416    0.0242    0.0004 |
    5.620    57    57    57.0    570 173375 |   10  5621    0.2478    0.0248    0.0004 |
    5.630    50    57    54.9    549 173924 |   10  5631    0.2473    0.0247    0.0005 |
    5.640    49    55    52.5    525 174449 |   10  5641    0.2584    0.0258    0.0005 |
    5.650    51    56    53.3    533 174982 |   10  5651    0.2569    0.0257    0.0005 |
    5.660    51    56    55.2    552 175534 |   10  5661    0.2609    0.0261    0.0005 |
    5.670    51    54    52.3    523 176057 |   10  5671    0.2461    0.0246    0.0005 |
    5.680    52    58    55.9    559 176616 |   10  5681    0.2551    0.0255    0.0005 |
    5.690    57    58    57.7    577 177193 |   10  5691    0.2586    0.0259    0.0004 |
    5.700    53    57    55.3    553 177746 |   10  5701    0.2478    0.0248    0.0004 |
    5.710    54    55    54.3    543 178289 |   10  5711    0.2430    0.0243    0.0004 |
    5.720    55    55    55.0    550 178839 |   10  5721    0.2456    0.0246    0.0004 |
    5.730    54    55    54.9    549 179388 |   10  5731    0.2459    0.0246    0.0004 |
    5.740    55    55    55.0    550 179938 |   10  5741    0.2554    0.0255    0.0005 |
    5.750    55    56    55.4    554 180492 |   10  5751    0.2630    0.0263    0.0005 |
    5.760    55    56    55.9    559 181051 |   10  5761    0.2686    0.0269    0.0005 |
    5.770    53    55    54.1    541 181592 |   10  5771    0.2618    0.0262    0.0005 |
    5.780    54    54    54.0    540 182132 |   10  5781    0.2610    0.0261    0.0005 |
    5.790    54    54    54.0    540 182672 |   10  5791    0.2671    0.0267    0.0005 |
    5.800    51    54    53.5    535 183207 |   10  5801    0.2721    0.0272    0.0005 |
    5.810    51    51    51.0    510 183717 |   10  5811    0.2517    0.0252    0.0005 |
    5.820    51    52    51.9    519 184236 |   10  5821    0.2475    0.0247    0.0005 |
    5.830    51    52    51.8    518 184754 |   10  5831    0.2438    0.0244    0.0005 |
    5.840    51    51    51.0    510 185264 |   10  5841    0.2575    0.0257    0.0005 |
    5.850    52    52    52.0    520 185784 |   10  5851    0.2806    0.0281    0.0005 |
    5.860    52    53    52.3    523 186307 |   10  5861    0.2956    0.0296    0.0006 |
    5.870    52    53    52.3    523 186830 |   10  5871    0.2513    0.0251    0.0005 |
    5.880    52    52    52.0    520 187350 |   10  5881    0.2528    0.0253    0.0005 |
    5.890    52    52    52.0    520 187870 |   10  5891    0.2601    0.0260    0.0005 |
    5.900    51    52    51.7    517 188387 |   10  5901    0.2549    0.0255    0.0005 |
    5.910    52    53    52.7    527 188914 |   10  5911    0.2406    0.0241    0.0005 |
    5.920    53    54    53.3    533 189447 |   10  5921    0.2392    0.0239    0.0004 |
    5.930    52    54    52.6    526 189973 |   10  5931    0.2417    0.0242    0.0005 |
    5.940    52    52    52.0    520 190493 |   10  5941    0.2325    0.0232    0.0004 |
    5.950    49    52    50.8    508 191001 |   10  5951    0.2264    0.0226    0.0004 |
    5.960    48    50    49.0    490 191491 |   10  5961    0.2220    0.0222    0.0005 |
    5.970    51    52    51.9    519 192010 |   10  5971    0.2317    0.0232    0.0004 |
    5.980    51    52    51.1    511 192521 |   10  5981    0.2280    0.0228    0.0004 |
    5.990    51    52    51.1    511 193032 |   10  5991    0.2361    0.0236    0.0005 |
    6.000    51    52    51.5    515 193547 |   10  6001    0.2314    0.0231    0.0004 |
    6.010    48    51    49.6    496 194043 |   10  6011    0.2203    0.0220    0.0004 |
    6.020    52    53    52.4    524 194567 |   10  6021    0.2327    0.0233    0.0004 |
    6.030    49    52    50.4    504 195071 |   10  6031    0.2268    0.0227    0.0005 |
    6.040    50    52    50.9    509 195580 |   10  6041    0.2295    0.0230    0.0005 |
    6.050    51    56    51.9    519 196099 |   10  6051    0.2308    0.0231    0.0004 |
    6.060    51    55    52.6    526 196625 |   10  6061    0.2344    0.0234    0.0004 |
    6.070    51    52    51.8    518 197143 |   10  6071    0.2309    0.0231    0.0004 |
    6.080    53    54    53.6    536 197679 |   10  6081    0.2366    0.0237    0.0004 |
    6.090    52    54    53.8    538 198217 |   10  6091    0.2413    0.0241    0.0004 |
    6.100    50    54    52.3    523 198740 |   10  6101    0.2315    0.0232    0.0004 |
    6.110    52    54    53.1    531 199271 |   10  6111    0.2344    0.0234    0.0004 |
    6.120    54    55    54.9    549 199820 |   10  6121    0.2447    0.0245    0.0004 |
    6.130    52    55    53.5    535 200355 |   10  6131    0.2398    0.0240    0.0004 |
    6.140    47    54    51.1    511 200866 |   10  6141    0.2277    0.0228    0.0004 |
    6.150    54    55    54.8    548 201414 |   10  6151    0.2473    0.0247    0.0005 |
    6.160    51    55    53.4    534 201948 |   10  6161    0.2381    0.0238    0.0004 |
    6.170    51    53    52.1    521 202469 |   10  6171    0.2385    0.0239    0.0005 |
    6.180    53    54    53.4    534 203003 |   10  6181    0.2397    0.0240    0.0004 |
    6.190    53    54    53.7    537 203540 |   10  6191    0.2398    0.0240    0.0004 |
    6.200    52    53    52.4    524 204064 |   10  6201    0.2313    0.0231    0.0004 |
    6.210    52    53    52.9    529 204593 |   10  6211    0.2356    0.0236    0.0004 |
    6.220    54    54    54.0    540 205133 |   10  6221    0.2375    0.0238    0.0004 |
    6.230    48    54    53.0    530 205663 |   10  6231    0.2350    0.0235    0.0004 |
    6.240    45    49    48.2    482 206145 |   10  6241    0.2146    0.0215    0.0004 |
    6.250    49    49    49.0    490 206635 |   10  6251    0.2182    0.0218    0.0004 |
    6.260    49    49    49.0    490 207125 |   10  6261    0.2151    0.0215    0.0004 |
    6.270    45    50    48.7    487 207612 |   10  6271    0.2167    0.0217    0.0004 |
    6.280    50    51    50.7    507 208119 |   10  6281    0.2362    0.0236    0.0005 |
    6.290    50    51    50.9    509 208628 |   10  6291    0.2414    0.0241    0.0005 |
    6.300    49    50    49.8    498 209126 |   10  6301    0.2290    0.0229    0.0005 |
    6.310    49    50    49.5    495 209621 |   10  6311    0.2210    0.0221    0.0004 |
    6.320    50    51    50.6    506 210127 |   10  6321    0.2384    0.0238    0.0005 |
    6.330    49    51    50.0    500 210627 |   10  6331    0.2412    0.0241    0.0005 |
    6.340    52    53    52.7    527 211154 |   10  6341    0.2575    0.0258    0.0005 |
    6.350    53    55    54.0    540 211694 |   10  6351    0.2558    0.0256    0.0005 |
    6.360    55    55    55.0    550 212244 |   10  6361    0.2640    0.0264    0.0005 |
    6.370    53    55    53.8    538 212782 |   10  6371    0.2528    0.0253    0.0005 |
    6.380    52    54    52.7    527 213309 |   10  6381    0.2572    0.0257    0.0005 |
    6.390    54    55    54.2    542 213851 |   10  6391    0.2737    0.0274    0.0005 |
    6.400    50    53    51.5    515 214366 |   10  6401    0.2496    0.0250    0.0005 |
    6.410    51    53    52.4    524 214890 |   10  6411    0.2822    0.0282    0.0005 |
    6.420    53    54    53.9    539 215429 |   10  6421    0.3027    0.0303    0.0006 |
    6.430    50    54    52.1    521 215950 |   10  6431    0.2465    0.0246    0.0005 |
    6.440    52    53    52.7    527 216477 |   10  6441    0.2504    0.0250    0.0005 |
    6.450    53    53    53.0    530 217007 |   10  6451    0.2638    0.0264    0.0005 |
    6.460    50    53    51.7    517 217524 |   10  6461    0.2570    0.0257    0.0005 |
    6.470    47    53    51.3    513 218037 |   10  6471    0.2591    0.0259    0.0005 |
    6.480    50    52    51.7    517 218554 |   10  6481    0.2503    0.0250    0.0005 |
    6.490    51    52    51.6    516 219070 |   10  6491    0.2536    0.0254    0.0005 |
    6.500    49    53    50.9    509 219579 |   10  6501    0.2506    0.0251    0.0005 |
    6.510    51    52    51.1    511 220090 |   10  6511    0.2499    0.0250    0.0005 |
    6.520    51    52    51.6    516 220606 |   10  6521    0.2536    0.0254    0.0005 |
    6.530    50    51    50.8    508 221114 |   10  6531    0.2449    0.0245    0.0005 |
    6.540    48    52    51.5    515 221629 |   10  6541    0.2371    0.0237    0.0005 |
    6.550    52    52    52.0    520 222149 |   10  6551    0.2475    0.0247    0.0005 |
    6.560    50    52    51.4    514 222663 |   10  6561    0.2414    0.0241    0.0005 |
    6.570    49    50    49.4    494 223157 |   10  6571    0.2380    0.0238    0.0005 |
    6.580    49    50    49.1    491 223648 |   10  6581    0.2236    0.0224    0.0005 |
    6.590    49    50    49.2    492 224140 |   10  6591    0.2194    0.0219    0.0004 |
    6.600    48    49    48.8    488 224628 |   10  6601    0.2187    0.0219    0.0004 |
    6.610    48    49    48.9    489 225117 |   10  6611    0.2325    0.0232    0.0005 |
    6.620    49    49    49.0    490 225607 |   10  6621    0.2375    0.0237    0.0005 |
    6.630    49    49    49.0    490 226097 |   10  6631    0.2328    0.0233    0.0005 |
    6.640    45    49    47.2    472 226569 |   10  6641    0.2225    0.0222    0.0005 |
    6.650    43    50    48.1    481 227050 |   10  6651    0.2179    0.0218    0.0005 |
    6.660    42    49    46.8    468 227518 |   10  6661    0.2205    0.0220    0.0005 |
    6.670    42    50    46.4    464 227982 |   10  6671    0.2078    0.0208    0.0004 |
    6.680    49    50    49.5    495 228477 |   10  6681    0.2217    0.0222    0.0004 |
    6.690    50    51    50.8    508 228985 |   10  6691    0.2332    0.0233    0.0005 |
    6.700    49    50    49.2    492 229477 |   10  6701    0.2216    0.0222    0.0005 |
    6.710    49    50    49.6    496 229973 |   10  6711    0.2238    0.0224    0.0005 |
    6.720    49    52    51.1    511 230484 |   10  6721    0.2294    0.0229    0.0004 |
    6.730    49    52    49.9    499 230983 |   10  6731    0.2228    0.0223    0.0004 |
    6.740    48    50    49.4    494 231477 |   10  6741    0.2150    0.0215    0.0004 |
    6.750    51    52    51.7    517 231994 |   10  6751    0.2299    0.0230    0.0004 |
    6.760    51    52    51.7    517 232511 |   10  6761    0.2295    0.0229    0.0004 |
    6.770    50    50    50.0    500 233011 |   10  6771    0.2223    0.0222    0.0004 |
    6.780    51    53    52.6    526 233537 |   10  6781    0.2331    0.0233    0.0004 |
    6.790    47    53    51.9    519 234056 |   10  6791    0.2335    0.0234    0.0004 |
    6.800    48    53    51.2    512 234568 |   10  6801    0.2353    0.0235    0.0005 |
    6.810    50    55    52.5    525 235093 |   10  6811    0.2362    0.0236    0.0004 |
    6.820    55    55    55.0    550 235643 |   10  6821    0.2461    0.0246    0.0004 |
    6.830    47    55    49.8    498 236141 |   10  6831    0.2225    0.0222    0.0004 |
    6.840    50    53    52.3    523 236664 |   10  6841    0.2311    0.0231    0.0004 |
    6.850    53    53    53.0    530 237194 |   10  6851    0.2347    0.0235    0.0004 |
    6.860    49    53    52.2    522 237716 |   10  6861    0.2335    0.0233    0.0004 |
    6.870    48    52    49.9    499 238215 |   10  6871    0.2227    0.0223    0.0004 |
    6.880    52    54    53.4    534 238749 |   10  6881    0.2386    0.0239    0.0004 |
    6.890    53    54    53.7    537 239286 |   10  6891    0.2370    0.0237    0.0004 |
    6.900    52    53    52.1    521 239807 |   10  6901    0.2273    0.0227    0.0004 |
    6.910    51    52    51.7    517 240324 |   10  6911    0.2278    0.0228    0.0004 |
    6.920    51    52    51.9    519 240843 |   10  6921    0.2326    0.0233    0.0004 |
    6.930    47    51    47.8    478 241321 |   10  6931    0.2122    0.0212    0.0004 |
    6.940    46    49    47.5    475 241796 |   10  6941    0.2110    0.0211    0.0004 |
    6.950    49    49    49.0    490 242286 |   10  6951    0.2182    0.0218    0.0004 |
    6.960    48    49    48.8    488 242774 |   10  6961    0.2228    0.0223    0.0005 |
    6.970    47    49    47.8    478 243252 |   10  6971    0.2162    0.0216    0.0005 |
    6.980    49    49    49.0    490 243742 |   10  6981    0.2195    0.0219    0.0004 |
    6.990    48    50    49.2    492 244234 |   10  6991    0.2149    0.0215    0.0004 |
    7.000    47    49    47.6    476 244710 |   10  7001    0.2136    0.0214    0.0004 |
    7.010    48    49    48.9    489 245199 |   10  7011    0.2216    0.0222    0.0005 |
    7.020    49    50    49.5    495 245694 |   10  7021    0.2209    0.0221    0.0004 |
    7.030    46    49    47.1    471 246165 |   10  7031    0.2094    0.0209    0.0004 |
    7.040    47    49    47.4    474 246639 |   10  7041    0.2119    0.0212    0.0004 |
    7.050    47    47    47.0    470 247109 |   10  7051    0.2104    0.0210    0.0004 |
    7.060    46    49    46.6    466 247575 |   10  7061    0.2102    0.0210    0.0005 |
    7.070    50    52    50.7    507 248082 |   10  7071    0.2352    0.0235    0.0005 |
    7.080    52    52    52.0    520 248602 |   10  7081    0.2422    0.0242    0.0005 |
    7.090    52    53    52.6    526 249128 |   10  7091    0.2367    0.0237    0.0005 |
    7.100    51    53    52.7    527 249655 |   10  7101    0.2341    0.0234    0.0004 |
    7.110    48    53    51.3    513 250168 |   10  7111    0.2267    0.0227    0.0004 |
    7.120    53    53    53.0    530 250698 |   10  7121    0.2344    0.0234    0.0004 |
    7.130    52    53    52.6    526 251224 |   10  7131    0.2318    0.0232    0.0004 |
    7.140    52    52    52.0    520 251744 |   10  7141    0.2313    0.0231    0.0004 |
    7.150    51    52    51.9    519 252263 |   10  7151    0.2312    0.0231    0.0004 |
    7.160    50    52    50.9    509 252772 |   10  7161    0.2258    0.0226    0.0004 |
    7.170    48    49    48.3    483 253255 |   10  7171    0.2125    0.0213    0.0004 |
    7.180    48    48    48.0    480 253735 |   10  7181    0.2131    0.0213    0.0004 |
    7.190    47    48    47.5    475 254210 |   10  7191    0.2106    0.0211    0.0004 |
    7.200    47    49    48.1    481 254691 |   10  7201    0.2127    0.0213    0.0004 |
    7.210    48    49    48.3    483 255174 |   10  7211    0.2129    0.0213    0.0004 |
    7.220    47    49    48.6    486 255660 |   10  7221    0.2164    0.0216    0.0004 |
    7.230    47    49    48.2    482 256142 |   10  7231    0.2175    0.0217    0.0005 |
    7.240    47    51    49.2    492 256634 |   10  7241    0.2175    0.0217    0.0004 |
    7.250    51    51    51.0    510 257144 |   10  7251    0.2238    0.0224    0.0004 |
    7.260    50    51    50.6    506 257650 |   10  7261    0.2244    0.0224    0.0004 |
    7.270    50    51    50.4    504 258154 |   10  7271    0.2274    0.0227    0.0005 |
    7.280    50    51    50.6    506 258660 |   10  7281    0.2261    0.0226    0.0004 |
    7.290    50    51    50.4    504 259164 |   10  7291    0.2229    0.0223    0.0004 |
    7.300    49    50    49.6    496 259660 |   10  7301    0.2184    0.0218    0.0004 |
    7.310    49    49    49.0    490 260150 |   10  7311    0.2191    0.0219    0.0004 |
    7.320    49    52    50.5    505 260655 |   10  7321    0.2236    0.0224    0.0004 |
    7.330    48    52    50.4    504 261159 |   10  7331    0.2210    0.0221    0.0004 |
    7.340    51    51    51.0    510 261669 |   10  7341    0.2243    0.0224    0.0004 |
    7.350    49    51    50.6    506 262175 |   10  7351    0.2269    0.0227    0.0004 |
    7.360    48    51    49.4    494 262669 |   10  7361    0.2238    0.0224    0.0005 |
    7.370    46    51    48.0    480 263149 |   10  7371    0.2147    0.0215    0.0004 |
    7.380    47    47    47.0    470 263619 |   10  7381    0.2075    0.0208    0.0004 |
    7.390    46    50    48.4    484 264103 |   10  7391    0.2153    0.0215    0.0004 |
    7.400    46    47    46.9    469 264572 |   10  7401    0.2289    0.0229    0.0005 |
    7.410    47    48    47.1    471 265043 |   10  7411    0.2199    0.0220    0.0005 |
    7.420    47    48    47.7    477 265520 |   10  7421    0.2127    0.0213    0.0004 |
    7.430    47    49    47.5    475 265995 |   10  7431    0.2248    0.0225    0.0005 |
    7.440    47    47    47.0    470 266465 |   10  7441    0.2335    0.0233    0.0005 |
    7.450    47    48    47.4    474 266939 |   10  7451    0.2327    0.0233    0.0005 |
    7.460    48    49    48.5    485 267424 |   10  7461    0.2331    0.0233    0.0005 |
    7.470    50    50    50.0    500 267924 |   10  7471    0.2435    0.0243    0.0005 |
    7.480    50    50    50.0    500 268424 |   10  7481    0.2411    0.0241    0.0005 |
    7.490    49    50    49.4    494 268918 |   10  7491    0.2285    0.0228    0.0005 |
    7.500    49    52    50.3    503 269421 |   10  7501    0.2225    0.0223    0.0004 |
    7.510    51    52    51.7    517 269938 |   10  7511    0.2331    0.0233    0.0005 |
    7.520    50    52    51.8    518 270456 |   10  7521    0.2322    0.0232    0.0004 |
    7.530    50    50    50.0    500 270956 |   10  7531    0.2239    0.0224    0.0004 |
    7.540    50    51    50.1    501 271457 |   10  7541    0.2220    0.0222    0.0004 |
    7.550    50    50    50.0    500 271957 |   10  7551    0.2233    0.0223    0.0004 |
    7.560    50    51    50.1    501 272458 |   10  7561    0.2226    0.0223    0.0004 |
    7.570    50    51    50.3    503 272961 |   10  7571    0.2259    0.0226    0.0004 |
    7.580    50    51    50.4    504 273465 |   10  7581    0.2259    0.0226    0.0004 |
    7.590    50    51    50.5    505 273970 |   10  7591    0.2246    0.0225    0.0004 |
    7.600    48    51    49.5    495 274465 |   10  7601    0.2231    0.0223    0.0005 |
    7.610    49    51    50.1    501 274966 |   10  7611    0.2237    0.0224    0.0004 |
    7.620    48    49    48.9    489 275455 |   10  7621    0.2363    0.0236    0.0005 |
    7.630    48    50    48.8    488 275943 |   10  7631    0.2376    0.0238    0.0005 |
    7.640    50    50    50.0    500 276443 |   10  7641    0.2391    0.0239    0.0005 |
    7.650    50    50    50.0    500 276943 |   10  7651    0.2400    0.0240    0.0005 |
    7.660    48    50    49.6    496 277439 |   10  7661    0.2471    0.0247    0.0005 |
    7.670    48    50    49.5    495 277934 |   10  7671    0.2315    0.0232    0.0005 |
    7.680    50    50    50.0    500 278434 |   10  7681    0.2235    0.0224    0.0004 |
    7.690    49    50    49.5    495 278929 |   10  7691    0.2211    0.0221    0.0004 |
    7.700    46    50    47.5    475 279404 |   10  7701    0.2111    0.0211    0.0004 |
    7.710    47    48    47.5    475 279879 |   10  7711    0.2127    0.0213    0.0004 |
    7.720    47    49    48.1    481 280360 |   10  7721    0.2299    0.0230    0.0005 |
    7.730    46    47    46.2    462 280822 |   10  7731    0.2229    0.0223    0.0005 |
    7.740    47    48    47.9    479 281301 |   10  7741    0.2331    0.0233    0.0005 |
    7.750    47    48    47.5    475 281776 |   10  7751    0.2358    0.0236    0.0005 |
    7.760    43    48    46.1    461 282237 |   10  7761    0.2296    0.0230    0.0005 |
    7.770    46    48    47.8    478 282715 |   10  7771    0.2297    0.0230    0.0005 |
    7.780    49    49    49.0    490 283205 |   10  7781    0.2262    0.0226    0.0005 |
    7.790    48    49    48.9    489 283694 |   10  7791    0.2191    0.0219    0.0004 |
    7.800    47    48    47.1    471 284165 |   10  7801    0.2189    0.0219    0.0005 |
    7.810    43    47    44.2    442 284607 |   10  7811    0.2159    0.0216    0.0005 |
    7.820    44    44    44.0    440 285047 |   10  7821    0.2036    0.0204    0.0005 |
    7.830    44    48    46.8    468 285515 |   10  7831    0.2266    0.0227    0.0005 |
    7.840    47    48    47.7    477 285992 |   10  7841    0.2241    0.0224    0.0005 |
    7.850    48    49    48.9    489 286481 |   10  7851    0.2233    0.0223    0.0005 |
    7.860    48    49    48.7    487 286968 |   10  7861    0.2204    0.0220    0.0005 |
    7.870    47    47    47.0    470 287438 |   10  7871    0.2150    0.0215    0.0005 |
    7.880    46    47    46.2    462 287900 |   10  7881    0.2266    0.0227    0.0005 |
    7.890    46    48    46.7    467 288367 |   10  7891    0.2263    0.0226    0.0005 |
    7.900    46    47    46.4    464 288831 |   10  7901    0.2124    0.0212    0.0005 |
    7.910    47    47    47.0    470 289301 |   10  7911    0.2192    0.0219    0.0005 |
    7.920    47    47    47.0    470 289771 |   10  7921    0.2146    0.0215    0.0005 |
    7.930    44    47    46.2    462 290233 |   10  7931    0.2049    0.0205    0.0004 |
    7.940    44    49    47.6    476 290709 |   10  7941    0.2099    0.0210    0.0004 |
    7.950    49    50    49.2    492 291201 |   10  7951    0.2209    0.0221    0.0004 |
    7.960    44    49    46.1    461 291662 |   10  7961    0.2050    0.0205    0.0004 |
    7.970    45    46    45.8    458 292120 |   10  7971    0.2044    0.0204    0.0004 |
    7.980    46    47    46.2    462 292582 |   10  7981    0.2059    0.0206    0.0004 |
    7.990    44    46    44.4    444 293026 |   10  7991    0.2169    0.0217    0.0005 |
    8.000    44    44    44.0    440 293466 |   10  8001    0.2154    0.0215    0.0005 |
    8.010    44    46    45.4    454 293920 |   10  8011    0.2154    0.0215    0.0005 |
    8.020    45    46    45.8    458 294378 |   10  8021    0.2180    0.0218    0.0005 |
    8.030    44    45    44.3    443 294821 |   10  8031    0.2042    0.0204    0.0005 |
    8.040    45    46    45.5    455 295276 |   10  8041    0.2234    0.0223    0.0005 |
    8.050    46    46    46.0    460 295736 |   10  8051    0.2216    0.0222    0.0005 |
    8.060    44    46    44.8    448 296184 |   10  8061    0.2128    0.0213    0.0005 |
    8.070    45    46    45.9    459 296643 |   10  8071    0.2101    0.0210    0.0005 |
    8.080    46    46    46.0    460 297103 |   10  8081    0.2163    0.0216    0.0005 |
    8.090    46    46    46.0    460 297563 |   10  8091    0.2220    0.0222    0.0005 |
    8.100    45    46    45.1    451 298014 |   10  8101    0.2163    0.0216    0.0005 |
    8.110    45    46    45.5    455 298469 |   10  8111    0.2197    0.0220    0.0005 |
    8.120    45    45    45.0    450 298919 |   10  8121    0.2117    0.0212    0.0005 |
    8.130    44    46    44.9    449 299368 |   10  8131    0.2069    0.0207    0.0005 |
    8.140    45    46    45.4    454 299822 |   10  8141    0.2027    0.0203    0.0004 |
    8.150    46    46    46.0    460 300282 |   10  8151    0.2141    0.0214    0.0005 |
    8.160    45    46    45.7    457 300739 |   10  8161    0.2133    0.0213    0.0005 |
    8.170    45    46    45.6    456 301195 |   10  8171    0.2201    0.0220    0.0005 |
    8.180    46    46    46.0    460 301655 |   10  8181    0.2214    0.0221    0.0005 |
    8.190    46    46    46.0    460 302115 |   10  8191    0.2162    0.0216    0.0005 |
    8.200    44    46    45.0    450 302565 |   10  8201    0.2114    0.0211    0.0005 |
    8.210    45    45    45.0    450 303015 |   10  8211    0.2041    0.0204    0.0005 |
    8.220    45    46    45.2    452 303467 |   10  8221    0.2028    0.0203    0.0004 |
    8.230    46    48    46.8    468 303935 |   10  8231    0.2111    0.0211    0.0005 |
    8.240    46    47    46.9    469 304404 |   10  8241    0.2109    0.0211    0.0004 |
    8.250    46    47    46.9    469 304873 |   10  8251    0.2090    0.0209    0.0004 |
    8.260    46    46    46.0    460 305333 |   10  8261    0.2075    0.0208    0.0005 |
    8.270    45    46    45.1    451 305784 |   10  8271    0.2036    0.0204    0.0005 |
    8.280    45    46    45.1    451 306235 |   10  8281    0.2007    0.0201    0.0004 |
    8.290    45    45    45.0    450 306685 |   10  8291    0.2065    0.0206    0.0005 |
    8.300    45    47    46.3    463 307148 |   10  8301    0.2096    0.0210    0.0005 |
    8.310    46    47    46.5    465 307613 |   10  8311    0.2084    0.0208    0.0004 |
    8.320    46    47    46.7    467 308080 |   10  8321    0.2088    0.0209    0.0004 |
    8.330    46    47    46.1    461 308541 |   10  8331    0.2065    0.0206    0.0004 |
    8.340    46    47    46.6    466 309007 |   10  8341    0.2056    0.0206    0.0004 |
    8.350    47    47    47.0    470 309477 |   10  8351    0.2110    0.0211    0.0004 |
    8.360    46    47    46.9    469 309946 |   10  8361    0.2082    0.0208    0.0004 |
    8.370    45    46    45.8    458 310404 |   10  8371    0.2180    0.0218    0.0005 |
    8.380    45    45    45.0    450 310854 |   10  8381    0.2093    0.0209    0.0005 |
    8.390    45    47    46.0    460 311314 |   10  8391    0.2076    0.0208    0.0005 |
    8.400    46    47    46.1    461 311775 |   10  8401    0.2067    0.0207    0.0004 |
    8.410    47    47    47.0    470 312245 |   10  8411    0.2123    0.0212    0.0005 |
    8.420    47    47    47.0    470 312715 |   10  8421    0.2099    0.0210    0.0004 |
    8.430    45    47    45.6    456 313171 |   10  8431    0.2014    0.0201    0.0004 |
    8.440    45    46    45.8    458 313629 |   10  8441    0.2062    0.0206    0.0005 |
    8.450    46    46    46.0    460 314089 |   10  8451    0.2049    0.0205    0.0004 |
    8.460    46    47    46.3    463 314552 |   10  8461    0.2105    0.0211    0.0005 |
    8.470    47    47    47.0    470 315022 |   10  8471    0.2111    0.0211    0.0004 |
    8.480    47    48    47.1    471 315493 |   10  8481    0.2099    0.0210    0.0004 |
    8.490    46    47    46.8    468 315961 |   10  8491    0.2052    0.0205    0.0004 |
    8.500    44    45    44.2    442 316403 |   10  8501    0.1971    0.0197    0.0004 |
    8.510    44    45    44.5    445 316848 |   10  8511    0.2002    0.0200    0.0004 |
    8.520    44    44    44.0    440 317288 |   10  8521    0.1965    0.0197    0.0004 |
    8.530    45    45    45.0    450 317738 |   10  8531    0.2020    0.0202    0.0004 |
    8.540    45    46    45.4    454 318192 |   10  8541    0.2031    0.0203    0.0004 |
    8.550    46    46    46.0    460 318652 |   10  8551    0.2026    0.0203    0.0004 |
    8.560    44    46    44.9    449 319101 |   10  8561    0.2020    0.0202    0.0004 |
    8.570    44    46    45.7    457 319558 |   10  8571    0.2034    0.0203    0.0004 |
    8.580    46    47    46.8    468 320026 |   10  8581    0.2118    0.0212    0.0005 |
    8.590    46    47    46.1    461 320487 |   10  8591    0.2073    0.0207    0.0004 |
    8.600    45    46    45.9    459 320946 |   10  8601    0.2046    0.0205    0.0004 |
    8.610    46    46    46.0    460 321406 |   10  8611    0.2050    0.0205    0.0004 |
    8.620    45    46    45.7    457 321863 |   10  8621    0.2017    0.0202    0.0004 |
    8.630    45    46    45.7    457 322320 |   10  8631    0.2056    0.0206    0.0004 |
    8.640    46    47    46.5    465 322785 |   10  8641    0.2088    0.0209    0.0004 |
    8.650    47    47    47.0    470 323255 |   10  8651    0.2164    0.0216    0.0005 |
    8.660    47    47    47.0    470 323725 |   10  8661    0.2126    0.0213    0.0005 |
    8.670    47    48    47.1    471 324196 |   10  8671    0.2091    0.0209    0.0004 |
    8.680    48    48    48.0    480 324676 |   10  8681    0.2146    0.0215    0.0004 |
    8.690    47    47    47.0    470 325146 |   10  8691    0.2192    0.0219    0.0005 |
    8.700    44    47    45.1    451 325597 |   10  8701    0.2172    0.0217    0.0005 |
    8.710    45    45    45.0    450 326047 |   10  8711    0.2172    0.0217    0.0005 |
    8.720    45    46    45.1    451 326498 |   10  8721    0.2143    0.0214    0.0005 |
    8.730    45    45    45.0    450 326948 |   10  8731    0.2170    0.0217    0.0005 |
    8.740    45    45    45.0    450 327398 |   10  8741    0.2184    0.0218    0.0005 |
    8.750    45    46    45.2    452 327850 |   10  8751    0.2134    0.0213    0.0005 |
    8.760    44    45    44.6    446 328296 |   10  8761    0.2011    0.0201    0.0005 |
    8.770    44    45    44.7    447 328743 |   10  8771    0.1984    0.0198    0.0004 |
    8.780    44    45    44.4    444 329187 |   10  8781    0.2069    0.0207    0.0005 |
    8.790    45    45    45.0    450 329637 |   10  8791    0.2182    0.0218    0.0005 |
    8.800    44    45    44.5    445 330082 |   10  8801    0.2131    0.0213    0.0005 |
    8.810    45    46    45.2    452 330534 |   10  8811    0.2188    0.0219    0.0005 |
    8.820    45    46    45.3    453 330987 |   10  8821    0.2181    0.0218    0.0005 |
    8.830    44    45    44.5    445 331432 |   10  8831    0.2008    0.0201    0.0005 |
    8.840    45    46    45.3    453 331885 |   10  8841    0.2082    0.0208    0.0005 |
    8.850    45    46    45.6    456 332341 |   10  8851    0.2075    0.0208    0.0005 |
    8.860    44    45    44.9    449 332790 |   10  8861    0.2111    0.0211    0.0005 |
    8.870    45    45    45.0    450 333240 |   10  8871    0.2061    0.0206    0.0005 |
    8.880    45    46    45.9    459 333699 |   10  8881    0.2078    0.0208    0.0005 |
    8.890    44    46    45.0    450 334149 |   10  8891    0.2070    0.0207    0.0005 |
    8.900    43    44    43.2    432 334581 |   10  8901    0.1921    0.0192    0.0004 |
    8.910    43    43    43.0    430 335011 |   10  8911    0.1972    0.0197    0.0005 |
    8.920    41    42    41.3    413 335424 |   10  8921    0.1930    0.0193    0.0005 |
    8.930    41    41    41.0    410 335834 |   10  8931    0.1884    0.0188    0.0005 |
    8.940    41    41    41.0    410 336244 |   10  8941    0.1850    0.0185    0.0005 |
    8.950    41    41    41.0    410 336654 |   10  8951    0.1875    0.0187    0.0005 |
    8.960    41    41    41.0    410 337064 |   10  8961    0.1914    0.0191    0.0005 |
    8.970    41    41    41.0    410 337474 |   10  8971    0.1912    0.0191    0.0005 |
    8.980    41    41    41.0    410 337884 |   10  8981    0.1988    0.0199    0.0005 |
    8.990    41    41    41.0    410 338294 |   10  8991    0.1848    0.0185    0.0005 |
    9.000    41    41    41.0    410 338704 |   10  9001    0.1833    0.0183    0.0004 |
    9.010    40    41    40.9    409 339113 |   10  9011    0.1863    0.0186    0.0005 |
    9.020    40    40    40.0    400 339513 |   10  9021    0.1819    0.0182    0.0005 |
    9.030    40    40    40.0    400 339913 |   10  9031    0.1806    0.0181    0.0005 |
    9.040    40    40    40.0    400 340313 |   10  9041    0.1801    0.0180    0.0005 |
    9.050    40    40    40.0    400 340713 |   10  9051    0.1802    0.0180    0.0005 |
    9.060    40    40    40.0    400 341113 |   10  9061    0.1845    0.0184    0.0005 |
    9.070    40    40    40.0    400 341513 |   10  9071    0.1894    0.0189    0.0005 |
    9.080    40    40    40.0    400 341913 |   10  9081    0.1871    0.0187    0.0005 |
    9.090    40    40    40.0    400 342313 |   10  9091    0.1919    0.0192    0.0005 |
    9.100    40    40    40.0    400 342713 |   10  9101    0.1916    0.0192    0.0005 |
    9.110    40    40    40.0    400 343113 |   10  9111    0.1878    0.0188    0.0005 |
    9.120    39    40    39.6    396 343509 |   10  9121    0.1867    0.0187    0.0005 |
    9.130    39    39    39.0    390 343899 |   10  9131    0.1858    0.0186    0.0005 |
    9.140    39    39    39.0    390 344289 |   10  9141    0.1812    0.0181    0.0005 |
    9.150    39    39    39.0    390 344679 |   10  9151    0.1814    0.0181    0.0005 |
    9.160    39    39    39.0    390 345069 |   10  9161    0.1765    0.0176    0.0005 |
    9.170    39    39    39.0    390 345459 |   10  9171    0.1864    0.0186    0.0005 |
    9.180    39    39    39.0    390 345849 |   10  9181    0.1812    0.0181    0.0005 |
    9.190    39    39    39.0    390 346239 |   10  9191    0.1838    0.0184    0.0005 |
    9.200    38    39    38.1    381 346620 |   10  9201    0.1792    0.0179    0.0005 |
    9.210    38    38    38.0    380 347000 |   10  9211    0.1727    0.0173    0.0005 |
    9.220    37    37    37.0    370 347370 |   10  9221    0.1737    0.0174    0.0005 |
    9.230    37    38    37.4    374 347744 |   10  9231    0.1730    0.0173    0.0005 |
    9.240    37    37    37.0    370 348114 |   10  9241    0.1671    0.0167    0.0005 |
    9.250    36    36    36.0    360 348474 |   10  9251    0.1641    0.0164    0.0005 |
    9.260    36    36    36.0    360 348834 |   10  9261    0.1652    0.0165    0.0005 |
    9.270    36    36    36.0    360 349194 |   10  9271    0.1692    0.0169    0.0005 |
    9.280    35    36    35.6    356 349550 |   10  9281    0.1678    0.0168    0.0005 |
    9.290    35    35    35.0    350 349900 |   10  9291    0.1650    0.0165    0.0005 |
    9.300    35    35    35.0    350 350250 |   10  9301    0.1612    0.0161    0.0005 |
    9.310    34    35    34.5    345 350595 |   10  9311    0.1557    0.0156    0.0005 |
    9.320    34    34    34.0    340 350935 |   10  9321    0.1535    0.0153    0.0005 |
    9.330    34    34    34.0    340 351275 |   10  9331    0.1551    0.0155    0.0005 |
    9.340    33    34    33.2    332 351607 |   10  9341    0.1547    0.0155    0.0005 |
    9.350    33    33    33.0    330 351937 |   10  9351    0.1512    0.0151    0.0005 |
    9.360    33    33    33.0    330 352267 |   10  9361    0.1593    0.0159    0.0005 |
    9.370    33    33    33.0    330 352597 |   10  9371    0.1569    0.0157    0.0005 |
    9.380    33    33    33.0    330 352927 |   10  9381    0.1564    0.0156    0.0005 |
    9.390    33    33    33.0    330 353257 |   10  9391    0.1523    0.0152    0.0005 |
    9.400    33    33    33.0    330 353587 |   10  9401    0.1520    0.0152    0.0005 |
    9.410    33    33    33.0    330 353917 |   10  9411    0.1525    0.0153    0.0005 |
    9.420    33    33    33.0    330 354247 |   10  9421    0.1504    0.0150    0.0005 |
    9.430    33    33    33.0    330 354577 |   10  9431    0.1579    0.0158    0.0005 |
    9.440    32    33    32.4    324 354901 |   10  9441    0.1515    0.0152    0.0005 |
    9.450    32    32    32.0    320 355221 |   10  9451    0.1444    0.0144    0.0005 |
    9.460    32    32    32.0    320 355541 |   10  9461    0.1465    0.0147    0.0005 |
    9.470    32    32    32.0    320 355861 |   10  9471    0.1464    0.0146    0.0005 |
    9.480    32    32    32.0    320 356181 |   10  9481    0.1481    0.0148    0.0005 |
    9.490    32    33    32.3    323 356504 |   10  9491    0.1484    0.0148    0.0005 |
    9.500    33    33    33.0    330 356834 |   10  9501    0.1512    0.0151    0.0005 |
    9.510    33    33    33.0    330 357164 |   10  9511    0.1502    0.0150    0.0005 |
    9.520    33    33    33.0    330 357494 |   10  9521    0.1502    0.0150    0.0005 |
    9.530    33    33    33.0    330 357824 |   10  9531    0.1519    0.0152    0.0005 |
    9.540    33    33    33.0    330 358154 |   10  9541    0.1527    0.0153    0.0005 |
    9.550    33    33    33.0    330 358484 |   10  9551    0.1494    0.0149    0.0005 |
    9.560    32    33    32.8    328 358812 |   10  9561    0.1503    0.0150    0.0005 |
    9.570    32    32    32.0    320 359132 |   10  9571    0.1460    0.0146    0.0005 |
    9.580    32    32    32.0    320 359452 |   10  9581    0.1484    0.0148    0.0005 |
    9.590    32    32    32.0    320 359772 |   10  9591    0.1475    0.0147    0.0005 |
    9.600    32    32    32.0    320 360092 |   10  9601    0.1514    0.0151    0.0005 |
    9.610    32    32    32.0    320 360412 |   10  9611    0.1499    0.0150    0.0005 |
    9.620    32    32    32.0    320 360732 |   10  9621    0.1479    0.0148    0.0005 |
    9.630    32    32    32.0    320 361052 |   10  9631    0.1534    0.0153    0.0005 |
    9.640    31    32    31.8    318 361370 |   10  9641    0.1454    0.0145    0.0005 |
    9.650    31    31    31.0    310 361680 |   10  9651    0.1435    0.0144    0.0005 |
    9.660    31    31    31.0    310 361990 |   10  9661    0.1433    0.0143    0.0005 |
    9.670    29    31    30.4    304 362294 |   10  9671    0.1405    0.0140    0.0005 |
    9.680    29    29    29.0    290 362584 |   10  9681    0.1315    0.0131    0.0005 |
    9.690    29    29    29.0    290 362874 |   10  9691    0.1319    0.0132    0.0005 |
    9.700    29    29    29.0    290 363164 |   10  9701    0.1342    0.0134    0.0005 |
    9.710    28    29    28.7    287 363451 |   10  9711    0.1319    0.0132    0.0005 |
    9.720    28    28    28.0    280 363731 |   10  9721    0.1280    0.0128    0.0005 |
    9.730    28    28    28.0    280 364011 |   10  9731    0.1293    0.0129    0.0005 |
    9.740    28    28    28.0    280 364291 |   10  9741    0.1311    0.0131    0.0005 |
    9.750    27    28    27.1    271 364562 |   10  9751    0.1256    0.0126    0.0005 |
    9.760    27    27    27.0    270 364832 |   10  9761    0.1246    0.0125    0.0005 |
    9.770    27    27    27.0    270 365102 |   10  9771    0.1264    0.0126    0.0005 |
    9.780    26    27    26.8    268 365370 |   10  9781    0.1261    0.0126    0.0005 |
    9.790    26    26    26.0    260 365630 |   10  9791    0.1267    0.0127    0.0005 |
    9.800    26    26    26.0    260 365890 |   10  9801    0.1273    0.0127    0.0005 |
    9.810    26    26    26.0    260 366150 |   10  9811    0.1275    0.0128    0.0005 |
    9.820    26    26    26.0    260 366410 |   10  9821    0.1274    0.0127    0.0005 |
    9.830    26    26    26.0    260 366670 |   10  9831    0.1256    0.0126    0.0005 |
    9.840    26    26    26.0    260 366930 |   10  9841    0.1258    0.0126    0.0005 |
    9.850    25    26    25.6    256 367186 |   10  9851    0.1217    0.0122    0.0005 |
    9.860    25    25    25.0    250 367436 |   10  9861    0.1167    0.0117    0.0005 |
    9.870    25    25    25.0    250 367686 |   10  9871    0.1177    0.0118    0.0005 |
    9.880    25    25    25.0    250 367936 |   10  9881    0.1150    0.0115    0.0005 |
    9.890    25    25    25.0    250 368186 |   10  9891    0.1174    0.0117    0.0005 |
    9.900    25    25    25.0    250 368436 |   10  9901    0.1154    0.0115    0.0005 |
    9.910    25    25    25.0    250 368686 |   10  9911    0.1178    0.0118    0.0005 |
    9.920    24    25    24.8    248 368934 |   10  9921    0.1171    0.0117    0.0005 |
    9.930    24    24    24.0    240 369174 |   10  9931    0.1151    0.0115    0.0005 |
    9.940    24    24    24.0    240 369414 |   10  9941    0.1135    0.0113    0.0005 |
    9.950    24    24    24.0    240 369654 |   10  9951    0.1137    0.0114    0.0005 |
    9.960    24    24    24.0    240 369894 |   10  9961    0.1126    0.0113    0.0005 |
    9.970    24    24    24.0    240 370134 |   10  9971    0.1123    0.0112    0.0005 |
    9.980    24    24    24.0    240 370374 |   10  9981    0.1142    0.0114    0.0005 |
    9.990    24    24    24.0    240 370614 |   10  9991    0.1127    0.0113    0.0005 |
   10.000    24    24    24.0    240 370854 |   10 10001    0.1138    0.0114    0.0005 |
