2.02801
2.01555
2.01552
2.02798
2.39712
2.40575
2.40608
2.39746
2.78044
2.78966
2.79002
2.78077
3.16363
3.1727
3.17304
3.16398
3.54674
3.55554
3.55588
3.54709
3.92936
3.93821
3.93855
3.9297
4.3122
4.32079
4.32112
4.31255
4.69458
4.7035
4.70385
4.69492
5.07767
5.0858
5.08613
5.07802
5.45969
5.46868
5.46903
5.46003
5.84264
5.8507
5.85103
5.84299
6.22487
6.23325
6.23359
6.22521
6.60725
6.61583
6.61617
6.60758
6.98991
6.99783
6.99817
6.99025
7.37249
7.38016
7.38048
7.37284
7.75449
7.76296
7.76331
7.75482
8.13711
8.14549
8.14584
8.13743
8.51973
8.52772
8.52807
8.52006
8.89355
8.90154
8.90154
8.89355
2.02612
2.02957
2.03273
2.03599
2.0392
2.04241
2.04563
2.04883
2.05196
2.05538
2.05891
2.06245
2.06561
2.06866
2.07204
2.07557
2.07912
2.08227
2.08568
2.08923
2.09245
2.09556
2.09899
2.10221
2.10569
2.10926
2.11251
2.11562
2.11905
2.12264
2.12589
2.12942
2.13275
2.13604
2.13929
2.14256
2.14578
2.14894
2.15241
2.15598
2.15916
2.16219
2.16551
2.169
2.1725
2.176
2.17916
2.18259
2.18575
2.1892
2.19275
2.19598
2.19909
2.20252
2.20574
2.20922
2.21279
2.21603
2.21909
2.22245
2.22596
2.22912
2.2325
2.23603
2.23966
2.24297
2.2462
2.2494
2.25258
2.25568
2.25909
2.26258
2.26571
2.26903
2.27244
2.27592
2.27941
2.28294
2.28614
2.28923
2.29267
2.2959
2.29938
2.30258
2.30607
2.30928
2.31277
2.31598
2.31946
2.32307
2.32636
2.32957
2.33276
2.33598
2.33958
2.34295
2.34618
2.34931
2.35239
2.35575
2.3592
2.36266
2.36614
2.36968
2.37296
2.37615
2.37933
2.38292
2.38623
2.38942
2.39294
2.39626
2.39948
2.40263
2.01572
2.01943
2.0224
2.02524
2.0286
2.03222
2.03584
2.03943
2.04307
2.04638
2.04955
2.05267
2.05618
2.05984
2.06317
2.06636
2.06954
2.07311
2.07642
2.07958
2.08299
2.08653
2.08977
2.09322
2.09643
2.09958
2.10304
2.10667
2.10995
2.11306
2.11642
2.11954
2.12288
2.12626
2.12968
2.1331
2.13657
2.14012
2.14335
2.14647
2.14992
2.15355
2.15687
2.16007
2.16323
2.16642
2.16996
2.17327
2.17681
2.18005
2.18315
2.18655
2.19009
2.19333
2.19678
2.20001
2.20317
2.20665
2.2103
2.2136
2.21674
2.22021
2.22347
2.22662
2.22967
2.23304
2.23653
2.24004
2.24355
2.24709
2.25031
2.25346
2.25698
2.26034
2.2636
2.26682
2.27003
2.2732
2.27669
2.28027
2.28348
2.28689
2.29006
2.29351
2.29672
2.3002
2.30344
2.30695
2.31017
2.31325
2.31657
2.32
2.32344
2.32685
2.32994
2.33327
2.33675
2.34033
2.34393
2.34722
2.35041
2.35358
2.35672
2.35982
2.36322
2.36673
2.37024
2.37338
2.37676
2.38023
2.38336
2.38667
2.39009
2.39359
2.40954
2.41307
2.41621
2.41954
2.42294
2.42642
2.42992
2.43311
2.43661
2.43991
2.44314
2.44631
2.44985
2.45314
2.45669
2.45995
2.46314
2.46625
2.46933
2.47271
2.47618
2.47964
2.48307
2.48652
2.48961
2.493
2.49652
2.49977
2.50328
2.50656
2.50978
2.51293
2.51643
2.51966
2.52311
2.52624
2.52968
2.53323
2.5365
2.54005
2.5434
2.5467
2.54998
2.55324
2.55645
2.55961
2.56271
2.56613
2.56967
2.57324
2.57646
2.57998
2.58328
2.58649
2.58959
2.59265
2.59603
2.59951
2.60302
2.60652
2.60973
2.61324
2.61652
2.61969
2.62276
2.6262
2.62977
2.633
2.63647
2.63969
2.64285
2.64629
2.64948
2.6529
2.65636
2.65947
2.66281
2.66629
2.66985
2.67308
2.67661
2.67995
2.68323
2.68643
2.68961
2.69273
2.69617
2.69932
2.70271
2.70616
2.70969
2.71324
2.71646
2.71959
2.72309
2.72635
2.72952
2.73302
2.73628
2.73944
2.74292
2.74659
2.74992
2.75311
2.75623
2.75934
2.76279
2.76597
2.76937
2.77287
2.77643
2.77963
2.7827
2.78611
2.4007
2.40388
2.40745
2.41084
2.4141
2.41724
2.42036
2.42378
2.42695
2.43034
2.43381
2.43732
2.4405
2.44391
2.44704
2.4504
2.45385
2.45736
2.46092
2.4642
2.46743
2.47068
2.47394
2.47718
2.48072
2.48399
2.48711
2.49048
2.49363
2.49703
2.50051
2.50405
2.50726
2.51071
2.51395
2.51743
2.52062
2.52373
2.5271
2.53023
2.53358
2.53699
2.54041
2.54382
2.54724
2.55069
2.5542
2.55741
2.56054
2.56364
2.56709
2.57029
2.57371
2.5772
2.58074
2.58428
2.58752
2.59068
2.59383
2.59698
2.60044
2.60365
2.60709
2.61062
2.61418
2.61736
2.62044
2.62383
2.62703
2.63047
2.63401
2.63727
2.64078
2.64407
2.64728
2.65077
2.65406
2.65722
2.66031
2.66372
2.66689
2.67027
2.6737
2.67718
2.68063
2.68411
2.6873
2.69077
2.69405
2.69727
2.70042
2.70355
2.70703
2.71058
2.71377
2.71712
2.72056
2.72372
2.7271
2.7306
2.73381
2.73687
2.74023
2.74375
2.74726
2.75074
2.75391
2.75737
2.76062
2.76379
2.76691
2.7704
2.77404
2.77732
2.7932
2.79663
2.79985
2.80339
2.80665
2.80983
2.81291
2.81634
2.81987
2.82341
2.82657
2.83005
2.8333
2.83648
2.83959
2.84304
2.8462
2.84956
2.85295
2.85633
2.8597
2.86311
2.86658
2.86976
2.87322
2.87643
2.87956
2.88297
2.88649
2.88963
2.89299
2.89649
2.9001
2.90339
2.90661
2.90984
2.91306
2.91624
2.91976
2.92341
2.92673
2.92997
2.9332
2.93646
2.93971
2.94293
2.9465
2.94982
2.953
2.95647
2.95971
2.96285
2.96629
2.9695
2.97298
2.97615
2.97961
2.98317
2.9864
2.9899
2.99314
2.99632
2.99945
3.00297
3.00624
3.00978
3.01303
3.01618
3.01963
3.02281
3.02624
3.02936
3.03276
3.03624
3.03941
3.04281
3.04632
3.04952
3.05295
3.05652
3.05979
3.06295
3.06605
3.06913
3.07253
3.07603
3.07953
3.08302
3.08616
3.08958
3.09274
3.09622
3.09939
3.10246
3.10581
3.10928
3.11278
3.11625
3.11936
3.12275
3.12629
3.12952
3.13263
3.13609
3.13934
3.14286
3.14608
3.14917
3.15254
3.15605
3.15957
3.16275
3.16623
3.16949
2.78418
2.78737
2.79079
2.79392
2.79732
2.80084
2.80443
2.8077
2.81087
2.81398
2.81741
2.82057
2.82396
2.82743
2.83097
2.8342
2.83774
2.8411
2.84441
2.84766
2.8509
2.85408
2.85723
2.86068
2.86391
2.86738
2.87096
2.87425
2.87742
2.88093
2.8842
2.88732
2.89034
2.89368
2.89712
2.90058
2.90403
2.90752
2.91069
2.91372
2.91701
2.9204
2.92379
2.92715
2.93055
2.93399
2.93712
2.94051
2.94402
2.94721
2.95058
2.95406
2.95726
2.96068
2.96389
2.96739
2.97063
2.97379
2.97723
2.9804
2.98378
2.98721
2.99069
2.99383
2.99721
3.00036
3.00382
3.00736
3.01061
3.01407
3.01728
3.02077
3.024
3.02717
3.03065
3.03395
3.03714
3.04063
3.04389
3.04699
3.05032
3.05379
3.0573
3.06083
3.06409
3.06728
3.07047
3.07367
3.07719
3.08045
3.0839
3.08706
3.0905
3.09409
3.09739
3.1006
3.10379
3.10701
3.11056
3.11383
3.11694
3.12031
3.12382
3.12702
3.13041
3.13358
3.13707
3.14068
3.14399
3.14714
3.15022
3.15363
3.15679
3.16017
3.17617
3.17966
3.18287
3.18631
3.18982
3.19298
3.19599
3.1993
3.20275
3.20622
3.20965
3.21274
3.21607
3.21948
3.22295
3.22642
3.22957
3.23303
3.23624
3.23938
3.24281
3.24598
3.24938
3.25282
3.25628
3.25934
3.26267
3.26614
3.26968
3.27286
3.27592
3.27932
3.28289
3.28646
3.28965
3.29275
3.29623
3.29948
3.30264
3.30609
3.30932
3.31282
3.31641
3.31968
3.32281
3.32589
3.32937
3.33303
3.33635
3.33957
3.34277
3.346
3.34958
3.35289
3.35606
3.35912
3.36254
3.3657
3.36909
3.37254
3.37605
3.37917
3.38255
3.38605
3.3892
3.39261
3.39617
3.39943
3.40258
3.40568
3.40915
3.41235
3.41577
3.41924
3.42277
3.42593
3.42941
3.43266
3.43586
3.43899
3.44252
3.44622
3.44958
3.45282
3.45606
3.45932
3.46258
3.46582
3.46902
3.47217
3.47563
3.47881
3.48221
3.48565
3.48913
3.49264
3.49584
3.49895
3.50201
3.50544
3.50898
3.51213
3.51547
3.51891
3.52239
3.52547
3.52884
3.53233
3.53554
3.53899
3.54219
3.54568
3.5489
3.55238
3.1675
3.1707
3.17418
3.17744
3.18059
3.18404
3.18766
3.19098
3.19417
3.19735
3.20058
3.20418
3.20756
3.21083
3.214
3.21713
3.22057
3.22376
3.22719
3.23071
3.23398
3.23749
3.24081
3.24405
3.24723
3.25076
3.25406
3.25722
3.26031
3.26378
3.2674
3.2707
3.27385
3.27695
3.28038
3.2839
3.28706
3.29041
3.2939
3.29712
3.30056
3.30376
3.30688
3.31028
3.31382
3.31733
3.32045
3.32345
3.32674
3.33019
3.33366
3.3371
3.34022
3.34359
3.34709
3.35061
3.35381
3.35727
3.36053
3.36374
3.36691
3.37046
3.37378
3.37699
3.38046
3.38367
3.38675
3.39009
3.39359
3.39713
3.40034
3.40383
3.40713
3.41033
3.41345
3.41688
3.42003
3.4234
3.42685
3.43035
3.4335
3.43653
3.43985
3.44329
3.4467
3.45003
3.45335
3.45672
3.46014
3.46362
3.46684
3.47035
3.47368
3.47693
3.48008
3.48317
3.48657
3.49011
3.49366
3.49688
3.50004
3.50356
3.50693
3.51017
3.51334
3.51685
3.5201
3.52324
3.52666
3.52989
3.53336
3.53656
3.54004
3.54326
3.55891
3.56222
3.56567
3.56914
3.57263
3.57619
3.57947
3.58267
3.58583
3.58897
3.59244
3.59563
3.59908
3.60221
3.60563
3.60917
3.61278
3.61605
3.61921
3.62232
3.6254
3.62883
3.63239
3.63601
3.63926
3.64245
3.6456
3.64872
3.65217
3.65569
3.65884
3.66222
3.66574
3.669
3.67252
3.67584
3.67909
3.68227
3.68542
3.6889
3.69209
3.69557
3.69918
3.70251
3.70575
3.70899
3.71225
3.71549
3.71911
3.72246
3.72572
3.72896
3.73221
3.73545
3.73868
3.74228
3.74564
3.74888
3.75202
3.75511
3.75854
3.7621
3.76532
3.76878
3.77199
3.77513
3.77858
3.78219
3.78542
3.78848
3.79188
3.79504
3.79845
3.80194
3.80511
3.80852
3.81207
3.81528
3.81833
3.82167
3.82517
3.8287
3.83186
3.83491
3.83831
3.8419
3.84553
3.84881
3.85201
3.85516
3.85831
3.86183
3.86508
3.8682
3.87163
3.87522
3.87845
3.88151
3.88488
3.88836
3.89147
3.89479
3.89821
3.90168
3.90479
3.90815
3.91164
3.91521
3.91841
3.92191
3.92517
3.92839
3.93155
3.9347
3.55067
3.55396
3.55714
3.56029
3.56344
3.56654
3.56994
3.57345
3.57697
3.58044
3.58359
3.587
3.5902
3.5937
3.59695
3.6001
3.60317
3.60657
3.61011
3.61363
3.61713
3.62031
3.62338
3.62641
3.62979
3.63329
3.63683
3.64037
3.6436
3.64674
3.65019
3.65342
3.65654
3.65991
3.66305
3.66642
3.66986
3.67337
3.67687
3.68004
3.68344
3.68658
3.68963
3.69292
3.69634
3.69976
3.70317
3.70659
3.70968
3.71298
3.71633
3.7197
3.72305
3.72642
3.72982
3.73292
3.73625
3.73971
3.74325
3.74677
3.74994
3.75302
3.7564
3.75959
3.76304
3.76658
3.76982
3.77292
3.77636
3.77994
3.78318
3.78661
3.78983
3.79299
3.79645
3.79972
3.80288
3.80635
3.81
3.81329
3.81641
3.81948
3.82293
3.82652
3.82978
3.83288
3.83593
3.83932
3.84283
3.84631
3.84973
3.85283
3.8562
3.85971
3.86295
3.86605
3.86949
3.87314
3.87644
3.87961
3.88311
3.88641
3.88961
3.89277
3.8963
3.89962
3.90282
3.90595
3.9094
3.91257
3.91592
3.91931
3.92276
3.92621
3.9418
3.94529
3.94892
3.95223
3.95541
3.95857
3.96172
3.96482
3.96825
3.9718
3.97537
3.97857
3.98167
3.98509
3.98824
3.99165
3.99512
3.99829
4.00167
4.00479
4.00818
4.01166
4.01517
4.01828
4.02163
4.02467
4.028
4.03135
4.03474
4.03811
4.0415
4.04494
4.04841
4.05155
4.05497
4.05856
4.06188
4.06511
4.06833
4.07157
4.07481
4.07841
4.08176
4.08499
4.0881
4.09117
4.0946
4.09817
4.10179
4.10509
4.10831
4.11154
4.11477
4.11795
4.12146
4.12468
4.12777
4.13115
4.13467
4.13785
4.14125
4.14478
4.148
4.15144
4.15459
4.15764
4.16097
4.16443
4.16791
4.17099
4.17429
4.17771
4.18118
4.18463
4.18813
4.19131
4.19438
4.1974
4.20075
4.20419
4.20762
4.21103
4.21446
4.21793
4.22107
4.22448
4.22767
4.23118
4.2344
4.23754
4.24098
4.24417
4.24761
4.2511
4.25423
4.2576
4.26111
4.26434
4.26783
4.27108
4.27425
4.27734
4.28077
4.28428
4.28738
4.29068
4.29408
4.29757
4.30108
4.30426
4.30735
4.31081
4.31444
4.3177
3.93313
3.93632
3.93942
3.94277
3.94624
3.94968
3.95312
3.95661
3.95982
3.96294
3.96603
3.9695
3.97312
3.97639
3.97986
3.98308
3.98622
3.98966
3.99294
3.99647
3.99976
4.00298
4.00615
4.0097
4.01303
4.01657
4.01988
4.02314
4.02638
4.02965
4.03292
4.03615
4.03936
4.04288
4.04611
4.04916
4.05244
4.05584
4.05924
4.06263
4.06604
4.06914
4.07248
4.07595
4.07947
4.08298
4.08615
4.08922
4.09223
4.09558
4.09904
4.10248
4.10593
4.1094
4.11254
4.11593
4.11946
4.1227
4.12582
4.12929
4.13256
4.13574
4.1392
4.14245
4.14595
4.14951
4.15279
4.15595
4.15911
4.16268
4.16605
4.16932
4.17254
4.17574
4.17887
4.1823
4.18585
4.18944
4.19271
4.19594
4.19917
4.20243
4.20567
4.20888
4.21237
4.21558
4.219
4.22213
4.22554
4.22906
4.2323
4.23578
4.23905
4.24225
4.24575
4.24899
4.25211
4.25548
4.25864
4.26205
4.26555
4.26913
4.27239
4.27557
4.2791
4.28242
4.28563
4.28875
4.29187
4.29532
4.2989
4.30214
4.30522
4.30862
4.32414
4.3275
4.331
4.33451
4.33806
4.34129
4.34443
4.34753
4.35101
4.35459
4.3578
4.36088
4.36427
4.36745
4.37088
4.37442
4.37803
4.3813
4.38446
4.38757
4.39066
4.39409
4.39762
4.4008
4.40419
4.4073
4.41068
4.41414
4.41763
4.42113
4.42428
4.42736
4.43078
4.43398
4.43745
4.44102
4.44426
4.44735
4.45076
4.45389
4.45728
4.46074
4.46426
4.46743
4.47049
4.4739
4.4775
4.48114
4.48441
4.48761
4.4908
4.49401
4.49716
4.50025
4.50365
4.50716
4.51068
4.51419
4.51736
4.52042
4.52383
4.52744
4.53071
4.53385
4.53693
4.54041
4.54402
4.54725
4.55029
4.55364
4.55714
4.56027
4.56362
4.56712
4.5707
4.57394
4.57706
4.58013
4.58355
4.58708
4.59062
4.5938
4.59689
4.60032
4.60356
4.60705
4.61023
4.61368
4.61681
4.62019
4.62364
4.62676
4.63012
4.63361
4.63719
4.64042
4.64355
4.64661
4.65003
4.65354
4.65708
4.66025
4.66374
4.66703
4.67025
4.67344
4.67702
4.68036
4.68355
4.68665
4.69012
4.69333
4.69681
4.70001
4.31612
4.31934
4.32248
4.32559
4.32868
4.33211
4.33567
4.33924
4.34244
4.34552
4.34891
4.35245
4.35568
4.35913
4.36236
4.36551
4.36858
4.37199
4.37551
4.37904
4.38252
4.3857
4.3888
4.39224
4.39553
4.39909
4.4024
4.40565
4.40882
4.41195
4.41539
4.41893
4.42214
4.42556
4.42875
4.43188
4.43531
4.43892
4.4422
4.44569
4.44893
4.45208
4.45516
4.45862
4.46221
4.46548
4.46859
4.47164
4.47502
4.47847
4.48189
4.48527
4.4887
4.49223
4.49548
4.49866
4.50182
4.50499
4.50849
4.51208
4.51527
4.5183
4.52163
4.52514
4.52868
4.53188
4.53497
4.53843
4.54207
4.54536
4.54848
4.55195
4.55522
4.55837
4.56143
4.56485
4.56843
4.57204
4.57529
4.57841
4.58147
4.58489
4.58842
4.59162
4.59504
4.59824
4.60174
4.605
4.60854
4.61181
4.61499
4.61845
4.62172
4.62487
4.62794
4.63135
4.63494
4.63854
4.6418
4.64494
4.64802
4.65141
4.65456
4.65792
4.66134
4.66481
4.66793
4.67128
4.67477
4.67829
4.68144
4.68482
4.68798
4.6914
4.70706
4.71016
4.71354
4.71708
4.72062
4.72378
4.72684
4.73023
4.7334
4.73682
4.74033
4.74391
4.74712
4.75021
4.75364
4.75685
4.76032
4.76351
4.767
4.7702
4.77329
4.77668
4.78021
4.78374
4.78688
4.7903
4.79351
4.79706
4.80034
4.80355
4.80672
4.81028
4.81357
4.81672
4.82015
4.82334
4.82682
4.83001
4.83349
4.83671
4.84024
4.84349
4.84665
4.85011
4.85331
4.8568
4.86
4.8635
4.86675
4.86993
4.87343
4.8767
4.87986
4.88331
4.88693
4.8902
4.89336
4.89651
4.90008
4.90342
4.90665
4.90981
4.91336
4.91662
4.91974
4.92315
4.92631
4.92975
4.93328
4.93648
4.93954
4.94292
4.94646
4.95002
4.95317
4.95663
4.95987
4.96307
4.96661
4.96997
4.97323
4.97643
4.97958
4.98265
4.986
4.98942
4.99284
4.99626
4.99972
5.00289
5.00635
5.00958
5.01313
5.01637
5.01951
5.02298
5.02625
5.02982
5.03315
5.03644
5.0397
5.04298
5.04622
5.04939
5.05247
5.05586
5.05936
5.06289
5.06605
5.06908
5.07242
5.07593
5.07942
5.0825
4.69837
4.70197
4.70526
4.70842
4.71151
4.71495
4.71849
4.72173
4.72518
4.72842
4.73159
4.7347
4.73817
4.74175
4.74498
4.74837
4.75152
4.75494
4.7581
4.76156
4.76514
4.76843
4.77161
4.77475
4.77822
4.78142
4.78482
4.78792
4.79126
4.7947
4.79819
4.80133
4.80472
4.80825
4.81147
4.81487
4.81803
4.82145
4.82461
4.82804
4.8312
4.83463
4.83816
4.84139
4.84481
4.84796
4.85136
4.85448
4.85787
4.86134
4.86452
4.86793
4.87146
4.87469
4.87774
4.88105
4.8845
4.88796
4.89103
4.89434
4.89779
4.90129
4.90445
4.90786
4.91138
4.9146
4.91803
4.92121
4.92433
4.92777
4.93139
4.93469
4.93786
4.94098
4.94443
4.9476
4.95098
4.95439
4.95749
4.96079
4.9642
4.96768
4.97119
4.97477
4.97807
4.98126
4.98444
4.98762
4.99078
4.99424
4.99748
5.00093
5.0041
5.00754
5.01103
5.01419
5.01752
5.02057
5.02389
5.02725
5.03065
5.03404
5.03746
5.04095
5.04449
5.04771
5.05082
5.05391
5.05738
5.06102
5.06433
5.06752
5.07071
5.0743
5.08954
5.09303
5.09654
5.09976
5.1029
5.10642
5.10973
5.11291
5.11596
5.11933
5.12282
5.12631
5.12945
5.13284
5.136
5.13946
5.14303
5.14628
5.14979
5.15305
5.15624
5.15937
5.16247
5.16592
5.16947
5.17267
5.17611
5.1797
5.18297
5.18609
5.18916
5.19263
5.19627
5.19957
5.20275
5.20587
5.20898
5.2124
5.21591
5.21942
5.22297
5.22623
5.22944
5.23267
5.23592
5.23916
5.24277
5.24614
5.24937
5.25253
5.25567
5.25918
5.26246
5.26602
5.26932
5.27255
5.27575
5.27936
5.28273
5.28598
5.28917
5.29236
5.29551
5.29859
5.30197
5.30544
5.30893
5.3124
5.31593
5.31913
5.32224
5.32532
5.32875
5.33193
5.33532
5.3388
5.34232
5.34547
5.34887
5.35198
5.35538
5.35888
5.36207
5.36549
5.36867
5.37216
5.37535
5.37882
5.38197
5.38536
5.38843
5.39175
5.39513
5.39856
5.40199
5.40545
5.40861
5.41203
5.41517
5.41859
5.42211
5.42532
5.4288
5.43205
5.43521
5.43829
5.44173
5.4453
5.44889
5.45208
5.45516
5.45819
5.46158
5.46512
5.08121
5.08431
5.08739
5.0908
5.09431
5.09748
5.10086
5.10438
5.108
5.11125
5.11438
5.11748
5.12095
5.12421
5.1277
5.13092
5.13406
5.13748
5.14066
5.14405
5.14746
5.15094
5.15442
5.1576
5.16071
5.16417
5.16743
5.17056
5.17395
5.17748
5.181
5.18413
5.18713
5.19045
5.19394
5.19747
5.20103
5.20429
5.20747
5.21059
5.21364
5.21697
5.22038
5.22378
5.22717
5.23057
5.23366
5.23699
5.24043
5.24392
5.24735
5.25045
5.25379
5.25688
5.26024
5.26368
5.26715
5.27024
5.27356
5.27695
5.28036
5.28375
5.2872
5.29073
5.294
5.29721
5.30041
5.3036
5.30675
5.31018
5.31369
5.3172
5.32038
5.32384
5.32711
5.33031
5.33347
5.337
5.3403
5.34382
5.34704
5.35016
5.35357
5.35679
5.36025
5.36346
5.36695
5.37019
5.37371
5.37698
5.38051
5.38381
5.38705
5.39024
5.39343
5.39662
5.40014
5.40344
5.40697
5.4102
5.41331
5.41668
5.41984
5.42323
5.42672
5.43028
5.43352
5.43666
5.43975
5.44319
5.44674
5.45029
5.45349
5.4566
5.47223
5.47574
5.47904
5.48225
5.48538
5.4889
5.49217
5.49531
5.49834
5.50171
5.50519
5.50867
5.51212
5.5152
5.51853
5.522
5.52555
5.52875
5.53184
5.53488
5.53825
5.54173
5.54519
5.54862
5.55209
5.55524
5.55871
5.56195
5.56512
5.5682
5.57164
5.57524
5.57885
5.5821
5.58524
5.58834
5.59142
5.59485
5.5984
5.602
5.60522
5.60837
5.61191
5.61521
5.61837
5.62145
5.62491
5.62851
5.63178
5.63491
5.63797
5.6414
5.64496
5.64852
5.6517
5.65521
5.65852
5.66181
5.66508
5.66837
5.67167
5.67495
5.67818
5.68134
5.68484
5.68806
5.69154
5.69477
5.69831
5.70161
5.70484
5.70799
5.71111
5.71454
5.71809
5.72166
5.72489
5.72803
5.73116
5.7347
5.73802
5.74161
5.74494
5.7482
5.75139
5.75457
5.75771
5.76076
5.76411
5.76753
5.77094
5.7743
5.77767
5.78107
5.7845
5.78801
5.79119
5.79429
5.79732
5.8007
5.8042
5.8077
5.81118
5.81431
5.81771
5.82084
5.82431
5.82789
5.83119
5.83437
5.83751
5.84063
5.84408
5.84759
5.46346
5.46665
5.47006
5.47353
5.47702
5.48011
5.48344
5.48693
5.49051
5.49379
5.49699
5.50019
5.50342
5.50701
5.51032
5.51347
5.51652
5.51992
5.52348
5.52709
5.53037
5.53359
5.53681
5.54004
5.5432
5.54663
5.54979
5.55318
5.55665
5.5602
5.56342
5.56653
5.5696
5.57302
5.57653
5.58004
5.58352
5.58671
5.58981
5.59287
5.59629
5.59982
5.60301
5.60638
5.60986
5.61337
5.61651
5.61954
5.62289
5.62644
5.63003
5.63327
5.63642
5.63954
5.64297
5.64609
5.64939
5.65273
5.65609
5.65941
5.66276
5.66616
5.6696
5.67309
5.67625
5.67964
5.68278
5.68617
5.68927
5.69263
5.69608
5.6996
5.70314
5.70638
5.70949
5.71253
5.71589
5.71937
5.72285
5.72598
5.72933
5.73244
5.7358
5.73923
5.74266
5.74607
5.74952
5.75306
5.75634
5.75958
5.76284
5.76615
5.76945
5.77272
5.77591
5.77901
5.78242
5.78597
5.78954
5.7928
5.796
5.79917
5.80237
5.8059
5.80917
5.81263
5.81579
5.81884
5.82216
5.82563
5.82916
5.83269
5.83593
5.8391
5.85433
5.85775
5.86126
5.8648
5.86805
5.87121
5.87436
5.87788
5.8811
5.88414
5.88744
5.89086
5.8943
5.89774
5.90124
5.90446
5.908
5.91131
5.91456
5.91772
5.92085
5.92392
5.9273
5.93079
5.9343
5.93781
5.94101
5.94409
5.94748
5.9506
5.95397
5.95738
5.96086
5.96436
5.96754
5.97063
5.97404
5.9772
5.98056
5.98395
5.98738
5.99083
5.99436
5.99761
6.00079
6.00396
6.00753
6.01085
6.01401
6.01704
6.02042
6.02394
6.02747
6.03063
6.03368
6.03708
6.04066
6.04428
6.04751
6.05065
6.05375
6.05725
6.06049
6.0636
6.067
6.07059
6.07423
6.07752
6.08074
6.08393
6.08713
6.09028
6.09336
6.09675
6.10025
6.10375
6.10685
6.1102
6.11366
6.11718
6.12031
6.12374
6.12692
6.13002
6.13339
6.13691
6.14005
6.14336
6.14676
6.15018
6.15358
6.15664
6.15996
6.16339
6.16693
6.17048
6.17373
6.1769
6.18002
6.1835
6.18672
6.19021
6.19342
6.19696
6.20022
6.20343
6.207
6.21036
6.21361
6.21677
6.21989
6.22295
6.22631
6.22978
5.8463
5.84948
5.85258
5.85566
5.85906
5.86257
5.8661
5.86927
5.87272
5.87633
5.87964
5.88284
5.88601
5.88917
5.89231
5.89574
5.89892
5.9023
5.90574
5.9092
5.91266
5.91617
5.9194
5.92256
5.92569
5.92883
5.93232
5.93594
5.93923
5.94274
5.94601
5.9492
5.95233
5.95544
5.9589
5.96249
5.96578
5.96931
5.97264
5.9759
5.97906
5.98219
5.98526
5.98863
5.99212
5.9956
5.99873
6.0021
6.00563
6.00922
6.01244
6.01554
6.01862
6.02208
6.02568
6.02896
6.03208
6.03515
6.03857
6.0421
6.04558
6.04869
6.05207
6.05559
6.05884
6.06194
6.06498
6.06836
6.07183
6.07527
6.07866
6.0821
6.08561
6.08885
6.09201
6.09518
6.09875
6.10211
6.10533
6.10846
6.1119
6.1151
6.11854
6.12209
6.12535
6.12852
6.13206
6.13545
6.13873
6.14194
6.14513
6.14867
6.15199
6.15518
6.15829
6.16138
6.16481
6.16835
6.17189
6.17506
6.17843
6.18157
6.18497
6.18809
6.19147
6.19492
6.19806
6.20139
6.20482
6.2083
6.21176
6.21528
6.21852
6.22169
6.23705
6.24017
6.24357
6.2471
6.25031
6.25378
6.257
6.26014
6.2632
6.2666
6.27014
6.27368
6.27684
6.28024
6.28338
6.28685
6.29043
6.29374
6.29694
6.30012
6.30327
6.30636
6.30973
6.31315
6.31652
6.31986
6.32322
6.32665
6.33014
6.3333
6.33636
6.33975
6.34326
6.34637
6.34964
6.35298
6.35636
6.35973
6.36314
6.36662
6.3702
6.37349
6.37672
6.37992
6.3831
6.38622
6.3897
6.39333
6.39661
6.39977
6.4029
6.4064
6.40965
6.41313
6.41627
6.4197
6.42284
6.42627
6.42982
6.43305
6.43615
6.43955
6.44271
6.44609
6.4495
6.45297
6.45645
6.45964
6.46317
6.46649
6.46978
6.47303
6.47628
6.47949
6.48306
6.48636
6.48957
6.49273
6.4963
6.49964
6.50289
6.50607
6.50965
6.51298
6.51616
6.51925
6.52228
6.52563
6.52908
6.53251
6.53595
6.53944
6.54303
6.54631
6.54952
6.55274
6.55599
6.5592
6.56236
6.56544
6.56883
6.5723
6.57577
6.57922
6.58271
6.58588
6.58897
6.59241
6.59566
6.59916
6.60236
6.60546
6.60883
6.61233
6.22841
6.23196
6.23525
6.23842
6.24183
6.245
6.24838
6.25186
6.25542
6.25865
6.2618
6.26495
6.26846
6.27175
6.27524
6.2784
6.28144
6.28474
6.28817
6.29164
6.29513
6.2987
6.30203
6.30529
6.30855
6.31181
6.31503
6.3182
6.32134
6.32482
6.32844
6.33174
6.33494
6.3385
6.3419
6.34516
6.34837
6.3516
6.35481
6.35796
6.36104
6.36442
6.3679
6.37137
6.37482
6.37827
6.38139
6.38441
6.38774
6.39125
6.39478
6.39796
6.4014
6.40462
6.40811
6.41131
6.41477
6.41796
6.42107
6.42447
6.42805
6.43133
6.43486
6.43818
6.44141
6.44454
6.44764
6.45104
6.45417
6.4575
6.46089
6.46431
6.46774
6.47118
6.47427
6.47756
6.48097
6.48441
6.48748
6.49079
6.49422
6.49771
6.50083
6.50418
6.50764
6.51116
6.5147
6.51796
6.52116
6.52436
6.52758
6.53075
6.53386
6.53724
6.54067
6.54407
6.54741
6.55079
6.55424
6.55779
6.56107
6.56429
6.56751
6.57072
6.57387
6.5773
6.58082
6.58401
6.58738
6.59054
6.59402
6.59761
6.60093
6.60411
6.61928
6.62268
6.62627
6.62959
6.6328
6.63598
6.63916
6.64268
6.6459
6.64894
6.65222
6.6556
6.65901
6.66238
6.66579
6.66928
6.67286
6.67614
6.67933
6.68249
6.68561
6.68868
6.69204
6.69548
6.69894
6.70239
6.70589
6.70908
6.71255
6.71576
6.71888
6.72189
6.72523
6.72865
6.73208
6.73547
6.7389
6.74237
6.74551
6.74893
6.75252
6.75584
6.75908
6.76231
6.76557
6.76881
6.77201
6.77553
6.77875
6.7818
6.78511
6.78855
6.79203
6.7955
6.79867
6.80213
6.80538
6.80894
6.8122
6.81537
6.81845
6.82189
6.82508
6.82852
6.83205
6.83528
6.83875
6.84201
6.84557
6.84886
6.85209
6.85528
6.85845
6.86159
6.86504
6.8682
6.87158
6.87502
6.87848
6.88193
6.88503
6.88844
6.89203
6.89534
6.89855
6.90174
6.90494
6.90847
6.91172
6.9148
6.91817
6.92172
6.92533
6.92861
6.93184
6.93507
6.93831
6.94149
6.94457
6.94794
6.95139
6.95487
6.95835
6.96154
6.96506
6.96835
6.97159
6.97477
6.97833
6.98162
6.98478
6.98786
6.99128
6.99444
6.61106
6.61426
6.61731
6.62062
6.62407
6.62755
6.63103
6.6342
6.63766
6.64128
6.6446
6.64782
6.65103
6.65427
6.65749
6.66065
6.66375
6.66715
6.67065
6.67413
6.67759
6.68111
6.68436
6.68756
6.69075
6.69396
6.69713
6.70061
6.70384
6.70727
6.71078
6.71436
6.71763
6.72084
6.72407
6.72732
6.73056
6.73377
6.73729
6.74052
6.74357
6.74684
6.75023
6.75362
6.75699
6.7604
6.76387
6.76704
6.77049
6.7741
6.7774
6.78057
6.7837
6.78684
6.7903
6.79353
6.79698
6.80013
6.80354
6.80703
6.81053
6.81369
6.81711
6.82031
6.82345
6.82688
6.8301
6.83354
6.83667
6.84002
6.8434
6.84681
6.85023
6.85369
6.8569
6.8604
6.86372
6.867
6.8702
6.87338
6.87687
6.88007
6.88312
6.88642
6.88987
6.89334
6.8968
6.89996
6.90339
6.90696
6.9102
6.91327
6.91627
6.9196
6.92303
6.92646
6.92989
6.93338
6.93696
6.94023
6.94339
6.94651
6.94963
6.95305
6.95621
6.95959
6.96305
6.96654
6.96967
6.97302
6.97647
6.97999
6.98317
6.98663
7.00163
7.00517
7.00873
7.01199
7.01514
7.01826
7.02137
7.02479
7.02794
7.03129
7.03468
7.03811
7.04151
7.04495
7.04843
7.0516
7.05511
7.0584
7.06166
7.06486
7.06805
7.07118
7.07462
7.07813
7.08124
7.08454
7.08797
7.09148
7.09505
7.09831
7.10152
7.10472
7.10788
7.11095
7.11428
7.11768
7.12107
7.12443
7.12784
7.13132
7.13489
7.13818
7.14139
7.14457
7.14773
7.15125
7.15449
7.15762
7.16104
7.16422
7.16765
7.17119
7.1748
7.17805
7.1812
7.18433
7.1879
7.19123
7.19446
7.19762
7.20076
7.20421
7.20737
7.21072
7.21408
7.21747
7.22087
7.22429
7.2274
7.2308
7.23433
7.23753
7.24056
7.24385
7.24725
7.25062
7.25396
7.25731
7.26073
7.26419
7.26735
7.2708
7.27442
7.27773
7.28092
7.28406
7.2872
7.2907
7.29393
7.29701
7.30035
7.30382
7.3073
7.31077
7.3143
7.31753
7.32069
7.32384
7.32698
7.33048
7.33412
7.3374
7.34056
7.34408
7.34737
7.35055
7.35366
7.35715
7.36041
7.36393
7.36715
7.37028
7.37369
7.37682
6.99346
6.9966
6.99971
7.00312
7.00662
7.01011
7.01357
7.01676
7.02025
7.02357
7.02685
7.0301
7.03336
7.03659
7.03974
7.04315
7.04627
7.0496
7.05299
7.05642
7.05989
7.06342
7.06666
7.06985
7.07337
7.07669
7.07988
7.08297
7.08603
7.08939
7.09286
7.09635
7.09986
7.10344
7.10675
7.10997
7.11318
7.11641
7.11962
7.12277
7.12586
7.12925
7.13275
7.13624
7.13969
7.14279
7.14615
7.14963
7.15287
7.15633
7.15957
7.16273
7.16582
7.16922
7.17273
7.17618
7.17923
7.18251
7.18592
7.1894
7.19291
7.19614
7.19967
7.20303
7.2063
7.2095
7.2127
7.21587
7.21938
7.22264
7.2258
7.22928
7.23297
7.23635
7.2396
7.24283
7.24608
7.24931
7.25251
7.25568
7.25918
7.26242
7.26553
7.26888
7.27236
7.27582
7.27924
7.28236
7.28576
7.28935
7.29267
7.2959
7.2991
7.30228
7.30538
7.30875
7.3122
7.31567
7.31913
7.32228
7.32534
7.32872
7.33225
7.33543
7.33878
7.34221
7.34568
7.34882
7.35218
7.35533
7.35878
7.36233
7.36562
7.36916
7.38385
7.38725
7.39066
7.39412
7.39727
7.40068
7.40385
7.40728
7.41036
7.41367
7.41701
7.42037
7.4237
7.42706
7.43045
7.4339
7.43741
7.44062
7.44411
7.44735
7.45051
7.45359
7.45703
7.46019
7.46359
7.46706
7.47058
7.47372
7.47711
7.48019
7.48357
7.48704
7.49057
7.49379
7.4973
7.50063
7.5039
7.50711
7.51027
7.51337
7.51678
7.52034
7.52394
7.52721
7.53041
7.5336
7.53682
7.54038
7.54367
7.54681
7.55027
7.55352
7.55708
7.56036
7.56359
7.56679
7.57039
7.57376
7.57702
7.58019
7.58333
7.58642
7.58985
7.59337
7.59654
7.59994
7.60344
7.60664
7.61006
7.61317
7.61659
7.6201
7.62328
7.62632
7.62968
7.6332
7.63673
7.63989
7.64331
7.6469
7.65019
7.65338
7.65655
7.65975
7.66332
7.66663
7.66982
7.6729
7.67632
7.67983
7.68296
7.6863
7.68979
7.69338
7.69664
7.69982
7.703
7.70656
7.70986
7.71301
7.71604
7.71943
7.72296
7.72651
7.7297
7.73278
7.73619
7.73936
7.74274
7.74616
7.74963
7.75314
7.75633
7.75946
7.37608
7.37927
7.38245
7.38561
7.3891
7.39237
7.39589
7.39918
7.40277
7.40612
7.40939
7.41262
7.41589
7.41915
7.42238
7.42558
7.42875
7.43222
7.43543
7.43884
7.44229
7.4458
7.44898
7.45244
7.45571
7.45892
7.46208
7.46561
7.46893
7.47246
7.47571
7.47885
7.48193
7.48532
7.48847
7.49183
7.49524
7.49872
7.5022
7.50572
7.50891
7.51199
7.515
7.51834
7.5218
7.52527
7.52871
7.53185
7.53524
7.53873
7.5419
7.54524
7.54833
7.55167
7.5551
7.55855
7.56164
7.56496
7.56839
7.57186
7.5753
7.57878
7.58197
7.58509
7.58856
7.59185
7.59504
7.59852
7.60181
7.60532
7.60852
7.61163
7.61505
7.61865
7.62194
7.6251
7.62824
7.63176
7.63502
7.63811
7.6414
7.64482
7.64825
7.65166
7.65475
7.6581
7.66161
7.66521
7.66846
7.67161
7.67508
7.67834
7.68148
7.68451
7.68788
7.69138
7.69488
7.69802
7.70139
7.7049
7.70846
7.71166
7.71476
7.71783
7.72128
7.72488
7.72816
7.73167
7.73499
7.73822
7.74133
7.74442
7.74783
7.75133
7.76661
7.76978
7.77326
7.77647
7.77952
7.78282
7.78625
7.78969
7.79312
7.7962
7.79955
7.80304
7.80657
7.80973
7.81314
7.81629
7.81977
7.82297
7.82647
7.8297
7.83284
7.83631
7.83996
7.84324
7.84636
7.84944
7.85289
7.8561
7.85953
7.86266
7.86608
7.86958
7.87315
7.87635
7.87985
7.88315
7.8864
7.88963
7.89287
7.89611
7.89973
7.90313
7.90642
7.90966
7.91291
7.91612
7.91931
7.92288
7.92622
7.92945
7.93263
7.93622
7.93957
7.94279
7.94589
7.94896
7.95235
7.95587
7.95941
7.96261
7.9661
7.96936
7.97254
7.97561
7.97903
7.98257
7.98617
7.98943
7.99263
7.99583
7.99902
8.00215
8.0056
8.00913
8.01226
8.0156
8.01904
8.02218
8.02555
8.02903
8.03221
8.03561
8.03914
8.04234
8.04577
8.0489
8.05195
8.05525
8.05868
8.06213
8.06555
8.06902
8.07217
8.07559
8.07917
8.08243
8.08559
8.08873
8.09227
8.09557
8.09877
8.10228
8.10555
8.1087
8.11212
8.11529
8.11874
8.1223
8.12556
8.12872
8.13225
8.13559
8.13883
8.14197
7.75819
7.76169
7.76492
7.76838
7.77199
7.77529
7.77847
7.78163
7.78482
7.78837
7.7917
7.79492
7.79807
7.80157
7.80482
7.80826
7.81141
7.81482
7.81797
7.82139
7.82492
7.82813
7.83121
7.83458
7.83811
7.84162
7.84477
7.84817
7.85138
7.8549
7.85817
7.86136
7.86448
7.86793
7.87109
7.87441
7.87776
7.88114
7.8845
7.88789
7.89096
7.89425
7.89765
7.90108
7.90446
7.90783
7.91121
7.91427
7.91757
7.921
7.92446
7.92757
7.93092
7.93439
7.93792
7.94143
7.94463
7.94775
7.95083
7.95426
7.95746
7.96089
7.96441
7.968
7.97122
7.97429
7.9773
7.98063
7.98407
7.98752
7.99098
7.9945
7.99774
8.00091
8.00442
8.0077
8.01087
8.01434
8.0176
8.02078
8.02427
8.02755
8.03073
8.03419
8.03743
8.0409
8.04447
8.04778
8.05098
8.05418
8.05739
8.06059
8.06413
8.06739
8.07048
8.07381
8.07727
8.08072
8.08382
8.08716
8.09063
8.09382
8.09723
8.10077
8.10401
8.10743
8.11059
8.11366
8.11702
8.1205
8.12365
8.127
8.13046
8.13397
8.1491
8.15223
8.15568
8.15891
8.162
8.16535
8.16884
8.17232
8.17537
8.17864
8.18199
8.18539
8.1888
8.19226
8.19581
8.19908
8.20226
8.20543
8.209
8.21227
8.21542
8.21847
8.22188
8.22545
8.22905
8.23231
8.23548
8.23862
8.24215
8.24538
8.24848
8.25188
8.25545
8.2587
8.2622
8.26548
8.26869
8.27184
8.27534
8.27857
8.28206
8.28528
8.28883
8.29214
8.29538
8.29859
8.3018
8.30537
8.30866
8.3118
8.31482
8.31819
8.32169
8.3252
8.32834
8.33178
8.33538
8.33869
8.34187
8.34499
8.34851
8.35179
8.35495
8.358
8.3614
8.36494
8.36849
8.37166
8.3751
8.37829
8.3818
8.38504
8.38821
8.39172
8.39503
8.39825
8.4018
8.40515
8.40838
8.41151
8.41462
8.4181
8.42172
8.42501
8.42815
8.43126
8.43474
8.43797
8.44141
8.44492
8.44812
8.45158
8.45482
8.458
8.46152
8.46483
8.46801
8.47109
8.47451
8.47806
8.48163
8.48485
8.48799
8.49111
8.49461
8.49785
8.50094
8.50426
8.50769
8.5111
8.51446
8.51786
8.52093
8.52426
8.14078
8.14423
8.14741
8.15082
8.15439
8.1577
8.16091
8.16411
8.16773
8.17112
8.17437
8.17756
8.18075
8.1839
8.18699
8.19038
8.1939
8.1974
8.20053
8.20389
8.20736
8.2109
8.2141
8.21718
8.22022
8.22361
8.22714
8.23066
8.23383
8.23722
8.24074
8.24395
8.24702
8.25038
8.25354
8.25693
8.26041
8.26394
8.26712
8.27052
8.27366
8.27704
8.28013
8.28345
8.28685
8.2903
8.29375
8.29688
8.30026
8.30378
8.30735
8.31057
8.3137
8.31682
8.3203
8.32354
8.32665
8.33002
8.33354
8.33704
8.34013
8.34344
8.34692
8.35048
8.35371
8.35686
8.35999
8.36349
8.36675
8.37019
8.37331
8.37668
8.38012
8.38325
8.38659
8.39003
8.39318
8.39652
8.39997
8.40347
8.40694
8.41007
8.41309
8.41642
8.41993
8.42347
8.42667
8.43014
8.43338
8.43653
8.43992
8.44308
8.44646
8.4499
8.45305
8.4564
8.45991
8.4635
8.46675
8.46986
8.4729
8.47626
8.47975
8.48324
8.48639
8.48981
8.49343
8.4968
8.50006
8.50328
8.5065
8.50969
8.51322
8.51653
8.53159
8.53475
8.5382
8.54181
8.54512
8.54831
8.5515
8.55469
8.55787
8.56137
8.56462
8.56811
8.5713
8.57477
8.57792
8.58138
8.58498
8.58829
8.59153
8.59476
8.59802
8.60123
8.6044
8.60789
8.6115
8.61475
8.61788
8.62096
8.62441
8.6276
8.63104
8.63456
8.63816
8.6414
8.64452
8.64762
8.6511
8.65435
8.65786
8.6611
8.66467
8.66799
8.67123
8.67439
8.67751
8.68097
8.68415
8.68757
8.69067
8.69404
8.69747
8.70097
8.70446
8.70762
8.71107
8.71424
8.71733
8.72074
8.7243
8.72754
8.73102
8.73425
8.73739
8.74081
8.74396
8.74736
8.75085
8.75444
8.7577
8.76089
8.76405
8.76722
8.77074
8.77438
8.77766
8.78081
8.78391
8.78699
8.7904
8.79393
8.79747
8.80065
8.80411
8.80729
8.81036
8.81371
8.81718
8.82029
8.8236
8.827
8.83046
8.83394
8.83746
8.84065
8.84374
8.84718
8.85037
8.85343
8.85674
8.86018
8.86362
8.86704
8.87048
8.87357
8.87691
8.88033
8.88343
8.88673
8.89006
8.89297
8.89554
8.89807
8.89982
8.9012
8.5232
8.5267
8.52996
8.53305
8.53637
8.53979
8.5432
8.54659
8.55003
8.55318
8.55659
8.55981
8.56331
8.56654
8.57002
8.57318
8.57621
8.57949
8.58289
8.5863
8.58969
8.59314
8.59664
8.59982
8.60288
8.60622
8.60972
8.61323
8.61641
8.61987
8.62312
8.62628
8.62937
8.6328
8.63632
8.63982
8.64295
8.6463
8.64944
8.65285
8.65597
8.65933
8.66279
8.6663
8.66978
8.67294
8.67635
8.67957
8.6831
8.68639
8.68962
8.6928
8.69599
8.69948
8.70271
8.70615
8.70965
8.71286
8.71595
8.71934
8.72254
8.72601
8.72955
8.73282
8.7363
8.73952
8.74264
8.74566
8.74901
8.75248
8.75598
8.75947
8.76264
8.7657
8.76905
8.77252
8.77603
8.77952
8.78274
8.78587
8.78899
8.79247
8.79573
8.79923
8.80281
8.80607
8.80921
8.8127
8.81604
8.81929
8.82249
8.82567
8.82883
8.8323
8.83587
8.83906
8.84246
8.84603
8.84933
8.85255
8.85577
8.859
8.86223
8.86578
8.86907
8.87219
8.87555
8.87864
8.88155
8.88459
8.8875
8.88979
8.89182
8.89295
