          ----- ----- -------  -----  ----- | ---- ----- --------- --------- --------- |
          mn it mx it  avg it    its  ttits |   ss    ts        st      stps     stpit |
    0.000     0     0     0.0      0      0 |    1     1    0.0000    0.0000    0.0000 |
    0.010     0     0     0.0      0      0 |   10    11    0.0131    0.0013    0.0000 |
    0.020     0     0     0.0      0      0 |   10    21    0.0013    0.0001    0.0000 |
    0.030     0     0     0.0      0      0 |   10    31    0.0013    0.0001    0.0000 |
    0.040     0     0     0.0      0      0 |   10    41    0.0014    0.0001    0.0000 |
    0.050     0     0     0.0      0      0 |   10    51    0.0014    0.0001    0.0000 |
    0.060     0     0     0.0      0      0 |   10    61    0.0014    0.0001    0.0000 |
    0.070     0     0     0.0      0      0 |   10    71    0.0014    0.0001    0.0000 |
    0.080     0     0     0.0      0      0 |   10    81    0.0013    0.0001    0.0000 |
    0.090     0     0     0.0      0      0 |   10    91    0.0013    0.0001    0.0000 |
    0.100     0     0     0.0      0      0 |   10   101    0.0014    0.0001    0.0000 |
    0.110     0     0     0.0      0      0 |   10   111    0.0015    0.0001    0.0000 |
    0.120     0     0     0.0      0      0 |   10   121    0.0014    0.0001    0.0000 |
    0.130     0     0     0.0      0      0 |   10   131    0.0015    0.0002    0.0000 |
    0.140     0     0     0.0      0      0 |   10   141    0.0014    0.0001    0.0000 |
    0.150     0     0     0.0      0      0 |   10   151    0.0015    0.0001    0.0000 |
    0.160     0     0     0.0      0      0 |   10   161    0.0017    0.0002    0.0000 |
    0.170     0     0     0.0      0      0 |   10   171    0.0014    0.0001    0.0000 |
    0.180     0     0     0.0      0      0 |   10   181    0.0016    0.0002    0.0000 |
    0.190     0     0     0.0      0      0 |   10   191    0.0015    0.0002    0.0000 |
    0.200     0     0     0.0      0      0 |   10   201    0.0015    0.0001    0.0000 |
    0.210     0     0     0.0      0      0 |   10   211    0.0014    0.0001    0.0000 |
    0.220     0     0     0.0      0      0 |   10   221    0.0015    0.0001    0.0000 |
    0.230     0     0     0.0      0      0 |   10   231    0.0015    0.0002    0.0000 |
    0.240     0     0     0.0      0      0 |   10   241    0.0014    0.0001    0.0000 |
    0.250     0     0     0.0      0      0 |   10   251    0.0013    0.0001    0.0000 |
    0.260     0     0     0.0      0      0 |   10   261    0.0014    0.0001    0.0000 |
    0.270     0     0     0.0      0      0 |   10   271    0.0015    0.0001    0.0000 |
    0.280     0     0     0.0      0      0 |   10   281    0.0017    0.0002    0.0000 |
    0.290     0     0     0.0      0      0 |   10   291    0.0013    0.0001    0.0000 |
    0.300     0     0     0.0      0      0 |   10   301    0.0013    0.0001    0.0000 |
    0.310     0     0     0.0      0      0 |   10   311    0.0012    0.0001    0.0000 |
    0.320     0     0     0.0      0      0 |   10   321    0.0016    0.0002    0.0000 |
    0.330     0     0     0.0      0      0 |   10   331    0.0015    0.0001    0.0000 |
    0.340     0     0     0.0      0      0 |   10   341    0.0014    0.0001    0.0000 |
    0.350     0     0     0.0      0      0 |   10   351    0.0013    0.0001    0.0000 |
    0.360     0     0     0.0      0      0 |   10   361    0.0013    0.0001    0.0000 |
    0.370     0     0     0.0      0      0 |   10   371    0.0014    0.0001    0.0000 |
    0.380     0     0     0.0      0      0 |   10   381    0.0014    0.0001    0.0000 |
    0.390     0     0     0.0      0      0 |   10   391    0.0017    0.0002    0.0000 |
    0.400     0     0     0.0      0      0 |   10   401    0.0015    0.0002    0.0000 |
    0.410     0     0     0.0      0      0 |   10   411    0.0014    0.0001    0.0000 |
    0.420     0     0     0.0      0      0 |   10   421    0.0014    0.0001    0.0000 |
    0.430     0     0     0.0      0      0 |   10   431    0.0015    0.0002    0.0000 |
    0.440     0     0     0.0      0      0 |   10   441    0.0014    0.0001    0.0000 |
    0.450     0     0     0.0      0      0 |   10   451    0.0013    0.0001    0.0000 |
    0.460     0     0     0.0      0      0 |   10   461    0.0015    0.0001    0.0000 |
    0.470     0     0     0.0      0      0 |   10   471    0.0016    0.0002    0.0000 |
    0.480     0     0     0.0      0      0 |   10   481    0.0014    0.0001    0.0000 |
    0.490     0     0     0.0      0      0 |   10   491    0.0015    0.0002    0.0000 |
    0.500     0     0     0.0      0      0 |   10   501    0.0013    0.0001    0.0000 |
    0.510     0     0     0.0      0      0 |   10   511    0.0014    0.0001    0.0000 |
    0.520     0     0     0.0      0      0 |   10   521    0.0015    0.0002    0.0000 |
    0.530     0     0     0.0      0      0 |   10   531    0.0017    0.0002    0.0000 |
    0.540     0     0     0.0      0      0 |   10   541    0.0012    0.0001    0.0000 |
    0.550     0     0     0.0      0      0 |   10   551    0.0013    0.0001    0.0000 |
    0.560     0     0     0.0      0      0 |   10   561    0.0011    0.0001    0.0000 |
    0.570     0     0     0.0      0      0 |   10   571    0.0012    0.0001    0.0000 |
    0.580     0     0     0.0      0      0 |   10   581    0.0012    0.0001    0.0000 |
    0.590     0     0     0.0      0      0 |   10   591    0.0012    0.0001    0.0000 |
    0.600     0     0     0.0      0      0 |   10   601    0.0012    0.0001    0.0000 |
    0.610     0     0     0.0      0      0 |   10   611    0.0012    0.0001    0.0000 |
    0.620     0     0     0.0      0      0 |   10   621    0.0011    0.0001    0.0000 |
    0.630     0     0     0.0      0      0 |   10   631    0.0011    0.0001    0.0000 |
    0.640     0     0     0.0      0      0 |   10   641    0.0010    0.0001    0.0000 |
    0.650     0     0     0.0      0      0 |   10   651    0.0011    0.0001    0.0000 |
    0.660     0     0     0.0      0      0 |   10   661    0.0011    0.0001    0.0000 |
    0.670     0     0     0.0      0      0 |   10   671    0.0013    0.0001    0.0000 |
    0.680     0     0     0.0      0      0 |   10   681    0.0011    0.0001    0.0000 |
    0.690     0     0     0.0      0      0 |   10   691    0.0011    0.0001    0.0000 |
    0.700     0     0     0.0      0      0 |   10   701    0.0010    0.0001    0.0000 |
    0.710     0     0     0.0      0      0 |   10   711    0.0011    0.0001    0.0000 |
    0.720     0     0     0.0      0      0 |   10   721    0.0012    0.0001    0.0000 |
    0.730     0     0     0.0      0      0 |   10   731    0.0011    0.0001    0.0000 |
    0.740     0     0     0.0      0      0 |   10   741    0.0011    0.0001    0.0000 |
    0.750     0     0     0.0      0      0 |   10   751    0.0011    0.0001    0.0000 |
    0.760     0     0     0.0      0      0 |   10   761    0.0010    0.0001    0.0000 |
    0.770     0     0     0.0      0      0 |   10   771    0.0012    0.0001    0.0000 |
    0.780     0     0     0.0      0      0 |   10   781    0.0011    0.0001    0.0000 |
    0.790     0     0     0.0      0      0 |   10   791    0.0011    0.0001    0.0000 |
    0.800     0     0     0.0      0      0 |   10   801    0.0012    0.0001    0.0000 |
    0.810     0     0     0.0      0      0 |   10   811    0.0012    0.0001    0.0000 |
    0.820     0     0     0.0      0      0 |   10   821    0.0013    0.0001    0.0000 |
    0.830     0     0     0.0      0      0 |   10   831    0.0012    0.0001    0.0000 |
    0.840     0     0     0.0      0      0 |   10   841    0.0012    0.0001    0.0000 |
    0.850     0     0     0.0      0      0 |   10   851    0.0011    0.0001    0.0000 |
    0.860     0     0     0.0      0      0 |   10   861    0.0013    0.0001    0.0000 |
    0.870     0     0     0.0      0      0 |   10   871    0.0011    0.0001    0.0000 |
    0.880     0     0     0.0      0      0 |   10   881    0.0013    0.0001    0.0000 |
    0.890     0     0     0.0      0      0 |   10   891    0.0011    0.0001    0.0000 |
    0.900     0     0     0.0      0      0 |   10   901    0.0011    0.0001    0.0000 |
    0.910     0     0     0.0      0      0 |   10   911    0.0012    0.0001    0.0000 |
    0.920     0     0     0.0      0      0 |   10   921    0.0011    0.0001    0.0000 |
    0.930     0     0     0.0      0      0 |   10   931    0.0012    0.0001    0.0000 |
    0.940     0     0     0.0      0      0 |   10   941    0.0012    0.0001    0.0000 |
    0.950     0     0     0.0      0      0 |   10   951    0.0012    0.0001    0.0000 |
    0.960     0     0     0.0      0      0 |   10   961    0.0011    0.0001    0.0000 |
    0.970     0     0     0.0      0      0 |   10   971    0.0013    0.0001    0.0000 |
    0.980     0     0     0.0      0      0 |   10   981    0.0012    0.0001    0.0000 |
    0.990     0     0     0.0      0      0 |   10   991    0.0012    0.0001    0.0000 |
    1.000     0     0     0.0      0      0 |   10  1001    0.0011    0.0001    0.0000 |
    1.010     0     0     0.0      0      0 |   10  1011    0.0013    0.0001    0.0000 |
    1.020     0     0     0.0      0      0 |   10  1021    0.0012    0.0001    0.0000 |
    1.030     0     0     0.0      0      0 |   10  1031    0.0012    0.0001    0.0000 |
    1.040     0     0     0.0      0      0 |   10  1041    0.0011    0.0001    0.0000 |
    1.050     0     0     0.0      0      0 |   10  1051    0.0012    0.0001    0.0000 |
    1.060     0     0     0.0      0      0 |   10  1061    0.0012    0.0001    0.0000 |
    1.070     0     0     0.0      0      0 |   10  1071    0.0011    0.0001    0.0000 |
    1.080     0     0     0.0      0      0 |   10  1081    0.0011    0.0001    0.0000 |
    1.090     0     0     0.0      0      0 |   10  1091    0.0011    0.0001    0.0000 |
    1.100     0     0     0.0      0      0 |   10  1101    0.0012    0.0001    0.0000 |
    1.110     0     0     0.0      0      0 |   10  1111    0.0013    0.0001    0.0000 |
    1.120     0     0     0.0      0      0 |   10  1121    0.0011    0.0001    0.0000 |
    1.130     0     0     0.0      0      0 |   10  1131    0.0011    0.0001    0.0000 |
    1.140     0     0     0.0      0      0 |   10  1141    0.0013    0.0001    0.0000 |
    1.150     0     0     0.0      0      0 |   10  1151    0.0012    0.0001    0.0000 |
    1.160     0     0     0.0      0      0 |   10  1161    0.0011    0.0001    0.0000 |
    1.170     0     0     0.0      0      0 |   10  1171    0.0012    0.0001    0.0000 |
    1.180     0     0     0.0      0      0 |   10  1181    0.0012    0.0001    0.0000 |
    1.190     0     0     0.0      0      0 |   10  1191    0.0012    0.0001    0.0000 |
    1.200     0     0     0.0      0      0 |   10  1201    0.0011    0.0001    0.0000 |
    1.210     0     0     0.0      0      0 |   10  1211    0.0011    0.0001    0.0000 |
    1.220     0     0     0.0      0      0 |   10  1221    0.0011    0.0001    0.0000 |
    1.230     0     0     0.0      0      0 |   10  1231    0.0011    0.0001    0.0000 |
    1.240     0     0     0.0      0      0 |   10  1241    0.0011    0.0001    0.0000 |
    1.250     0     0     0.0      0      0 |   10  1251    0.0011    0.0001    0.0000 |
    1.260     0     0     0.0      0      0 |   10  1261    0.0012    0.0001    0.0000 |
    1.270     0     0     0.0      0      0 |   10  1271    0.0011    0.0001    0.0000 |
    1.280     0     0     0.0      0      0 |   10  1281    0.0011    0.0001    0.0000 |
    1.290     0     0     0.0      0      0 |   10  1291    0.0012    0.0001    0.0000 |
    1.300     0     0     0.0      0      0 |   10  1301    0.0010    0.0001    0.0000 |
    1.310     0     0     0.0      0      0 |   10  1311    0.0011    0.0001    0.0000 |
    1.320     0     0     0.0      0      0 |   10  1321    0.0012    0.0001    0.0000 |
    1.330     0     0     0.0      0      0 |   10  1331    0.0013    0.0001    0.0000 |
    1.340     0     0     0.0      0      0 |   10  1341    0.0012    0.0001    0.0000 |
    1.350     0     0     0.0      0      0 |   10  1351    0.0013    0.0001    0.0000 |
    1.360     0     0     0.0      0      0 |   10  1361    0.0011    0.0001    0.0000 |
    1.370     0     0     0.0      0      0 |   10  1371    0.0012    0.0001    0.0000 |
    1.380     0     0     0.0      0      0 |   10  1381    0.0013    0.0001    0.0000 |
    1.390     0     0     0.0      0      0 |   10  1391    0.0012    0.0001    0.0000 |
    1.400     0     0     0.0      0      0 |   10  1401    0.0014    0.0001    0.0000 |
    1.410     0     0     0.0      0      0 |   10  1411    0.0011    0.0001    0.0000 |
    1.420     0     0     0.0      0      0 |   10  1421    0.0012    0.0001    0.0000 |
    1.430     0     0     0.0      0      0 |   10  1431    0.0011    0.0001    0.0000 |
    1.440     0     0     0.0      0      0 |   10  1441    0.0011    0.0001    0.0000 |
    1.450     0     0     0.0      0      0 |   10  1451    0.0013    0.0001    0.0000 |
    1.460     0     0     0.0      0      0 |   10  1461    0.0011    0.0001    0.0000 |
    1.470     0     0     0.0      0      0 |   10  1471    0.0012    0.0001    0.0000 |
    1.480     0     0     0.0      0      0 |   10  1481    0.0011    0.0001    0.0000 |
    1.490     0     0     0.0      0      0 |   10  1491    0.0012    0.0001    0.0000 |
    1.500     0     0     0.0      0      0 |   10  1501    0.0010    0.0001    0.0000 |
    1.510     0     0     0.0      0      0 |   10  1511    0.0012    0.0001    0.0000 |
    1.520     0     0     0.0      0      0 |   10  1521    0.0012    0.0001    0.0000 |
    1.530     0     0     0.0      0      0 |   10  1531    0.0012    0.0001    0.0000 |
    1.540     0     0     0.0      0      0 |   10  1541    0.0011    0.0001    0.0000 |
    1.550     0     0     0.0      0      0 |   10  1551    0.0012    0.0001    0.0000 |
    1.560     0     0     0.0      0      0 |   10  1561    0.0012    0.0001    0.0000 |
    1.570     0     0     0.0      0      0 |   10  1571    0.0011    0.0001    0.0000 |
    1.580     0     0     0.0      0      0 |   10  1581    0.0012    0.0001    0.0000 |
    1.590     0     0     0.0      0      0 |   10  1591    0.0011    0.0001    0.0000 |
    1.600     0     0     0.0      0      0 |   10  1601    0.0011    0.0001    0.0000 |
    1.610     0     0     0.0      0      0 |   10  1611    0.0012    0.0001    0.0000 |
    1.620     0     0     0.0      0      0 |   10  1621    0.0011    0.0001    0.0000 |
    1.630     0     0     0.0      0      0 |   10  1631    0.0012    0.0001    0.0000 |
    1.640     0     0     0.0      0      0 |   10  1641    0.0012    0.0001    0.0000 |
    1.650     0     0     0.0      0      0 |   10  1651    0.0012    0.0001    0.0000 |
    1.660     0     0     0.0      0      0 |   10  1661    0.0011    0.0001    0.0000 |
    1.670     0     0     0.0      0      0 |   10  1671    0.0011    0.0001    0.0000 |
    1.680     0     0     0.0      0      0 |   10  1681    0.0010    0.0001    0.0000 |
    1.690     0     0     0.0      0      0 |   10  1691    0.0013    0.0001    0.0000 |
    1.700     0     0     0.0      0      0 |   10  1701    0.0011    0.0001    0.0000 |
    1.710     0     0     0.0      0      0 |   10  1711    0.0012    0.0001    0.0000 |
    1.720     0     0     0.0      0      0 |   10  1721    0.0011    0.0001    0.0000 |
    1.730     0     0     0.0      0      0 |   10  1731    0.0012    0.0001    0.0000 |
    1.740     0     0     0.0      0      0 |   10  1741    0.0012    0.0001    0.0000 |
    1.750     0     0     0.0      0      0 |   10  1751    0.0012    0.0001    0.0000 |
    1.760     0     0     0.0      0      0 |   10  1761    0.0011    0.0001    0.0000 |
    1.770     0     0     0.0      0      0 |   10  1771    0.0013    0.0001    0.0000 |
    1.780     0     0     0.0      0      0 |   10  1781    0.0012    0.0001    0.0000 |
    1.790     0     0     0.0      0      0 |   10  1791    0.0011    0.0001    0.0000 |
    1.800     0     0     0.0      0      0 |   10  1801    0.0011    0.0001    0.0000 |
    1.810     0     0     0.0      0      0 |   10  1811    0.0012    0.0001    0.0000 |
    1.820     0     0     0.0      0      0 |   10  1821    0.0013    0.0001    0.0000 |
    1.830     0     0     0.0      0      0 |   10  1831    0.0012    0.0001    0.0000 |
    1.840     0     0     0.0      0      0 |   10  1841    0.0012    0.0001    0.0000 |
    1.850     0     0     0.0      0      0 |   10  1851    0.0012    0.0001    0.0000 |
    1.860     0     0     0.0      0      0 |   10  1861    0.0011    0.0001    0.0000 |
    1.870     0     0     0.0      0      0 |   10  1871    0.0011    0.0001    0.0000 |
    1.880     0     0     0.0      0      0 |   10  1881    0.0011    0.0001    0.0000 |
    1.890     0     0     0.0      0      0 |   10  1891    0.0011    0.0001    0.0000 |
    1.900     0     0     0.0      0      0 |   10  1901    0.0012    0.0001    0.0000 |
    1.910     0     0     0.0      0      0 |   10  1911    0.0012    0.0001    0.0000 |
    1.920     0     0     0.0      0      0 |   10  1921    0.0011    0.0001    0.0000 |
    1.930     0     0     0.0      0      0 |   10  1931    0.0011    0.0001    0.0000 |
    1.940     0     0     0.0      0      0 |   10  1941    0.0011    0.0001    0.0000 |
    1.950     0     0     0.0      0      0 |   10  1951    0.0014    0.0001    0.0000 |
    1.960     0     0     0.0      0      0 |   10  1961    0.0011    0.0001    0.0000 |
    1.970     0     0     0.0      0      0 |   10  1971    0.0012    0.0001    0.0000 |
    1.980     0     0     0.0      0      0 |   10  1981    0.0012    0.0001    0.0000 |
    1.990     0     0     0.0      0      0 |   10  1991    0.0010    0.0001    0.0000 |
    2.000     0     0     0.0      0      0 |   10  2001    0.0012    0.0001    0.0000 |
    2.010     8     8     8.0     80     80 |   10  2011    0.0048    0.0005    0.0001 |
    2.020     8     9     8.2     82    162 |   10  2021    0.0051    0.0005    0.0001 |
    2.030     9     9     9.0     90    252 |   10  2031    0.0064    0.0006    0.0001 |
    2.040     9     9     9.0     90    342 |   10  2041    0.0054    0.0005    0.0001 |
    2.050     9     9     9.0     90    432 |   10  2051    0.0054    0.0005    0.0001 |
    2.060     9    10     9.4     94    526 |   10  2061    0.0055    0.0005    0.0001 |
    2.070     9    10     9.5     95    621 |   10  2071    0.0061    0.0006    0.0001 |
    2.080     9    10     9.2     92    713 |   10  2081    0.0069    0.0007    0.0001 |
    2.090     9    10     9.2     92    805 |   10  2091    0.0071    0.0007    0.0001 |
    2.100     9    10     9.1     91    896 |   10  2101    0.0069    0.0007    0.0001 |
    2.110     9    10     9.3     93    989 |   10  2111    0.0068    0.0007    0.0001 |
    2.120     9    10     9.3     93   1082 |   10  2121    0.0057    0.0006    0.0001 |
    2.130     9    10     9.2     92   1174 |   10  2131    0.0053    0.0005    0.0001 |
    2.140     9    10     9.1     91   1265 |   10  2141    0.0054    0.0005    0.0001 |
    2.150     9    10     9.4     94   1359 |   10  2151    0.0057    0.0006    0.0001 |
    2.160     9    10     9.4     94   1453 |   10  2161    0.0058    0.0006    0.0001 |
    2.170     9    10     9.5     95   1548 |   10  2171    0.0054    0.0005    0.0001 |
    2.180     9    10     9.5     95   1643 |   10  2181    0.0055    0.0005    0.0001 |
    2.190     9    10     9.4     94   1737 |   10  2191    0.0056    0.0006    0.0001 |
    2.200     9    10     9.6     96   1833 |   10  2201    0.0056    0.0006    0.0001 |
    2.210     9    10     9.4     94   1927 |   10  2211    0.0054    0.0005    0.0001 |
    2.220     9    10     9.5     95   2022 |   10  2221    0.0055    0.0006    0.0001 |
    2.230     9    10     9.6     96   2118 |   10  2231    0.0061    0.0006    0.0001 |
    2.240     9    10     9.8     98   2216 |   10  2241    0.0057    0.0006    0.0001 |
    2.250     9    10     9.2     92   2308 |   10  2251    0.0055    0.0006    0.0001 |
    2.260     9    10     9.2     92   2400 |   10  2261    0.0057    0.0006    0.0001 |
    2.270     9    10     9.9     99   2499 |   10  2271    0.0057    0.0006    0.0001 |
    2.280     9    10     9.9     99   2598 |   10  2281    0.0057    0.0006    0.0001 |
    2.290    10    10    10.0    100   2698 |   10  2291    0.0057    0.0006    0.0001 |
    2.300    10    10    10.0    100   2798 |   10  2301    0.0056    0.0006    0.0001 |
    2.310    10    11    10.1    101   2899 |   10  2311    0.0058    0.0006    0.0001 |
    2.320    11    11    11.0    110   3009 |   10  2321    0.0062    0.0006    0.0001 |
    2.330    11    11    11.0    110   3119 |   10  2331    0.0065    0.0006    0.0001 |
    2.340    11    11    11.0    110   3229 |   10  2341    0.0061    0.0006    0.0001 |
    2.350    11    11    11.0    110   3339 |   10  2351    0.0061    0.0006    0.0001 |
    2.360    11    11    11.0    110   3449 |   10  2361    0.0065    0.0006    0.0001 |
    2.370    11    12    11.3    113   3562 |   10  2371    0.0063    0.0006    0.0001 |
    2.380    11    12    11.2    112   3674 |   10  2381    0.0063    0.0006    0.0001 |
    2.390    11    12    11.3    113   3787 |   10  2391    0.0066    0.0007    0.0001 |
    2.400    11    12    11.1    111   3898 |   10  2401    0.0068    0.0007    0.0001 |
    2.410    11    11    11.0    110   4008 |   10  2411    0.0074    0.0007    0.0001 |
    2.420    11    12    11.3    113   4121 |   10  2421    0.0064    0.0006    0.0001 |
    2.430    11    12    11.5    115   4236 |   10  2431    0.0063    0.0006    0.0001 |
    2.440    11    12    11.1    111   4347 |   10  2441    0.0060    0.0006    0.0001 |
    2.450    11    11    11.0    110   4457 |   10  2451    0.0061    0.0006    0.0001 |
    2.460    11    11    11.0    110   4567 |   10  2461    0.0061    0.0006    0.0001 |
    2.470    11    11    11.0    110   4677 |   10  2471    0.0064    0.0006    0.0001 |
    2.480    11    11    11.0    110   4787 |   10  2481    0.0063    0.0006    0.0001 |
    2.490    11    12    11.4    114   4901 |   10  2491    0.0063    0.0006    0.0001 |
    2.500    11    12    11.5    115   5016 |   10  2501    0.0061    0.0006    0.0001 |
    2.510    11    12    11.6    116   5132 |   10  2511    0.0064    0.0006    0.0001 |
    2.520    11    12    11.3    113   5245 |   10  2521    0.0068    0.0007    0.0001 |
    2.530    12    12    12.0    120   5365 |   10  2531    0.0066    0.0007    0.0001 |
    2.540    12    12    12.0    120   5485 |   10  2541    0.0066    0.0007    0.0001 |
    2.550    12    12    12.0    120   5605 |   10  2551    0.0071    0.0007    0.0001 |
    2.560    12    12    12.0    120   5725 |   10  2561    0.0066    0.0007    0.0001 |
    2.570    12    12    12.0    120   5845 |   10  2571    0.0065    0.0006    0.0001 |
    2.580    12    12    12.0    120   5965 |   10  2581    0.0066    0.0007    0.0001 |
    2.590    12    12    12.0    120   6085 |   10  2591    0.0063    0.0006    0.0001 |
    2.600    12    12    12.0    120   6205 |   10  2601    0.0069    0.0007    0.0001 |
    2.610    11    12    11.5    115   6320 |   10  2611    0.0066    0.0007    0.0001 |
    2.620    12    12    12.0    120   6440 |   10  2621    0.0065    0.0006    0.0001 |
    2.630    12    12    12.0    120   6560 |   10  2631    0.0069    0.0007    0.0001 |
    2.640    11    12    11.2    112   6672 |   10  2641    0.0057    0.0006    0.0001 |
    2.650    11    12    11.5    115   6787 |   10  2651    0.0058    0.0006    0.0001 |
    2.660    11    12    11.9    119   6906 |   10  2661    0.0060    0.0006    0.0001 |
    2.670    12    12    12.0    120   7026 |   10  2671    0.0060    0.0006    0.0001 |
    2.680    12    12    12.0    120   7146 |   10  2681    0.0064    0.0006    0.0001 |
    2.690    11    12    11.3    113   7259 |   10  2691    0.0057    0.0006    0.0001 |
    2.700    11    11    11.0    110   7369 |   10  2701    0.0056    0.0006    0.0001 |
    2.710    11    11    11.0    110   7479 |   10  2711    0.0057    0.0006    0.0001 |
    2.720    11    12    11.5    115   7594 |   10  2721    0.0056    0.0006    0.0000 |
    2.730    12    12    12.0    120   7714 |   10  2731    0.0062    0.0006    0.0001 |
    2.740    12    12    12.0    120   7834 |   10  2741    0.0060    0.0006    0.0000 |
    2.750    12    12    12.0    120   7954 |   10  2751    0.0061    0.0006    0.0001 |
    2.760    12    12    12.0    120   8074 |   10  2761    0.0060    0.0006    0.0000 |
    2.770    12    12    12.0    120   8194 |   10  2771    0.0059    0.0006    0.0000 |
    2.780    12    12    12.0    120   8314 |   10  2781    0.0063    0.0006    0.0001 |
    2.790    12    12    12.0    120   8434 |   10  2791    0.0059    0.0006    0.0000 |
    2.800    12    12    12.0    120   8554 |   10  2801    0.0059    0.0006    0.0000 |
    2.810    12    12    12.0    120   8674 |   10  2811    0.0060    0.0006    0.0001 |
    2.820    12    12    12.0    120   8794 |   10  2821    0.0061    0.0006    0.0001 |
    2.830    12    12    12.0    120   8914 |   10  2831    0.0061    0.0006    0.0001 |
    2.840    12    12    12.0    120   9034 |   10  2841    0.0062    0.0006    0.0001 |
    2.850    12    12    12.0    120   9154 |   10  2851    0.0060    0.0006    0.0000 |
    2.860    12    12    12.0    120   9274 |   10  2861    0.0059    0.0006    0.0000 |
    2.870    11    12    11.9    119   9393 |   10  2871    0.0062    0.0006    0.0001 |
    2.880    11    12    11.1    111   9504 |   10  2881    0.0059    0.0006    0.0001 |
    2.890    11    11    11.0    110   9614 |   10  2891    0.0057    0.0006    0.0001 |
    2.900    11    11    11.0    110   9724 |   10  2901    0.0058    0.0006    0.0001 |
    2.910    11    12    11.3    113   9837 |   10  2911    0.0058    0.0006    0.0001 |
    2.920    11    12    11.7    117   9954 |   10  2921    0.0058    0.0006    0.0000 |
    2.930    12    12    12.0    120  10074 |   10  2931    0.0061    0.0006    0.0001 |
    2.940    12    12    12.0    120  10194 |   10  2941    0.0060    0.0006    0.0000 |
    2.950    12    12    12.0    120  10314 |   10  2951    0.0061    0.0006    0.0001 |
    2.960    12    12    12.0    120  10434 |   10  2961    0.0059    0.0006    0.0000 |
    2.970    12    12    12.0    120  10554 |   10  2971    0.0060    0.0006    0.0001 |
    2.980    12    12    12.0    120  10674 |   10  2981    0.0059    0.0006    0.0000 |
    2.990    12    12    12.0    120  10794 |   10  2991    0.0062    0.0006    0.0001 |
    3.000    12    12    12.0    120  10914 |   10  3001    0.0061    0.0006    0.0001 |
    3.010    12    12    12.0    120  11034 |   10  3011    0.0059    0.0006    0.0000 |
    3.020    12    12    12.0    120  11154 |   10  3021    0.0060    0.0006    0.0000 |
    3.030    12    12    12.0    120  11274 |   10  3031    0.0062    0.0006    0.0001 |
    3.040    12    12    12.0    120  11394 |   10  3041    0.0063    0.0006    0.0001 |
    3.050    12    12    12.0    120  11514 |   10  3051    0.0064    0.0006    0.0001 |
    3.060    12    12    12.0    120  11634 |   10  3061    0.0059    0.0006    0.0000 |
    3.070    12    12    12.0    120  11754 |   10  3071    0.0061    0.0006    0.0001 |
    3.080    12    12    12.0    120  11874 |   10  3081    0.0060    0.0006    0.0000 |
    3.090    12    12    12.0    120  11994 |   10  3091    0.0062    0.0006    0.0001 |
    3.100    12    12    12.0    120  12114 |   10  3101    0.0061    0.0006    0.0001 |
    3.110    12    12    12.0    120  12234 |   10  3111    0.0064    0.0006    0.0001 |
    3.120    12    13    12.9    129  12363 |   10  3121    0.0063    0.0006    0.0000 |
    3.130    12    12    12.0    120  12483 |   10  3131    0.0058    0.0006    0.0000 |
    3.140    12    12    12.0    120  12603 |   10  3141    0.0060    0.0006    0.0001 |
    3.150    12    12    12.0    120  12723 |   10  3151    0.0060    0.0006    0.0000 |
    3.160    12    12    12.0    120  12843 |   10  3161    0.0060    0.0006    0.0001 |
    3.170    12    12    12.0    120  12963 |   10  3171    0.0064    0.0006    0.0001 |
    3.180    12    12    12.0    120  13083 |   10  3181    0.0061    0.0006    0.0001 |
    3.190    12    12    12.0    120  13203 |   10  3191    0.0060    0.0006    0.0000 |
    3.200    12    12    12.0    120  13323 |   10  3201    0.0059    0.0006    0.0000 |
    3.210    12    12    12.0    120  13443 |   10  3211    0.0060    0.0006    0.0000 |
    3.220    12    12    12.0    120  13563 |   10  3221    0.0060    0.0006    0.0000 |
    3.230    12    12    12.0    120  13683 |   10  3231    0.0060    0.0006    0.0001 |
    3.240    12    12    12.0    120  13803 |   10  3241    0.0064    0.0006    0.0001 |
    3.250    12    12    12.0    120  13923 |   10  3251    0.0063    0.0006    0.0001 |
    3.260    12    12    12.0    120  14043 |   10  3261    0.0057    0.0006    0.0000 |
    3.270    12    12    12.0    120  14163 |   10  3271    0.0059    0.0006    0.0000 |
    3.280    12    12    12.0    120  14283 |   10  3281    0.0060    0.0006    0.0001 |
    3.290    12    12    12.0    120  14403 |   10  3291    0.0065    0.0007    0.0001 |
    3.300    12    12    12.0    120  14523 |   10  3301    0.0058    0.0006    0.0000 |
    3.310    12    12    12.0    120  14643 |   10  3311    0.0060    0.0006    0.0000 |
    3.320    12    12    12.0    120  14763 |   10  3321    0.0058    0.0006    0.0000 |
    3.330    12    12    12.0    120  14883 |   10  3331    0.0060    0.0006    0.0001 |
    3.340    12    12    12.0    120  15003 |   10  3341    0.0060    0.0006    0.0001 |
    3.350    12    12    12.0    120  15123 |   10  3351    0.0058    0.0006    0.0000 |
    3.360    12    12    12.0    120  15243 |   10  3361    0.0059    0.0006    0.0000 |
    3.370    12    12    12.0    120  15363 |   10  3371    0.0062    0.0006    0.0001 |
    3.380    12    12    12.0    120  15483 |   10  3381    0.0061    0.0006    0.0001 |
    3.390    12    12    12.0    120  15603 |   10  3391    0.0058    0.0006    0.0000 |
    3.400    12    12    12.0    120  15723 |   10  3401    0.0062    0.0006    0.0001 |
    3.410    12    12    12.0    120  15843 |   10  3411    0.0058    0.0006    0.0000 |
    3.420    12    12    12.0    120  15963 |   10  3421    0.0061    0.0006    0.0001 |
    3.430    12    12    12.0    120  16083 |   10  3431    0.0063    0.0006    0.0001 |
    3.440    12    12    12.0    120  16203 |   10  3441    0.0061    0.0006    0.0001 |
    3.450    12    12    12.0    120  16323 |   10  3451    0.0062    0.0006    0.0001 |
    3.460    12    12    12.0    120  16443 |   10  3461    0.0058    0.0006    0.0000 |
    3.470    11    12    11.9    119  16562 |   10  3471    0.0059    0.0006    0.0000 |
    3.480    12    12    12.0    120  16682 |   10  3481    0.0061    0.0006    0.0001 |
    3.490    12    12    12.0    120  16802 |   10  3491    0.0061    0.0006    0.0001 |
    3.500    12    12    12.0    120  16922 |   10  3501    0.0062    0.0006    0.0001 |
    3.510    12    12    12.0    120  17042 |   10  3511    0.0061    0.0006    0.0001 |
    3.520    12    12    12.0    120  17162 |   10  3521    0.0062    0.0006    0.0001 |
    3.530    12    12    12.0    120  17282 |   10  3531    0.0064    0.0006    0.0001 |
    3.540    12    12    12.0    120  17402 |   10  3541    0.0060    0.0006    0.0000 |
    3.550    12    12    12.0    120  17522 |   10  3551    0.0062    0.0006    0.0001 |
    3.560    12    13    12.9    129  17651 |   10  3561    0.0064    0.0006    0.0000 |
    3.570    12    13    12.9    129  17780 |   10  3571    0.0062    0.0006    0.0000 |
    3.580    12    13    12.6    126  17906 |   10  3581    0.0062    0.0006    0.0000 |
    3.590    13    13    13.0    130  18036 |   10  3591    0.0063    0.0006    0.0000 |
    3.600    12    13    12.4    124  18160 |   10  3601    0.0059    0.0006    0.0000 |
    3.610    12    12    12.0    120  18280 |   10  3611    0.0058    0.0006    0.0000 |
    3.620    12    12    12.0    120  18400 |   10  3621    0.0065    0.0007    0.0001 |
    3.630    12    12    12.0    120  18520 |   10  3631    0.0063    0.0006    0.0001 |
    3.640    12    12    12.0    120  18640 |   10  3641    0.0059    0.0006    0.0000 |
    3.650    12    12    12.0    120  18760 |   10  3651    0.0058    0.0006    0.0000 |
    3.660    12    12    12.0    120  18880 |   10  3661    0.0059    0.0006    0.0000 |
    3.670    12    12    12.0    120  19000 |   10  3671    0.0061    0.0006    0.0001 |
    3.680    12    12    12.0    120  19120 |   10  3681    0.0058    0.0006    0.0000 |
    3.690    12    12    12.0    120  19240 |   10  3691    0.0059    0.0006    0.0000 |
    3.700    12    12    12.0    120  19360 |   10  3701    0.0063    0.0006    0.0001 |
    3.710    12    12    12.0    120  19480 |   10  3711    0.0059    0.0006    0.0000 |
    3.720    12    12    12.0    120  19600 |   10  3721    0.0061    0.0006    0.0001 |
    3.730    12    13    12.2    122  19722 |   10  3731    0.0060    0.0006    0.0000 |
    3.740    12    13    12.9    129  19851 |   10  3741    0.0062    0.0006    0.0000 |
    3.750    12    13    12.5    125  19976 |   10  3751    0.0062    0.0006    0.0000 |
    3.760    12    12    12.0    120  20096 |   10  3761    0.0061    0.0006    0.0001 |
    3.770    12    12    12.0    120  20216 |   10  3771    0.0058    0.0006    0.0000 |
    3.780    12    12    12.0    120  20336 |   10  3781    0.0060    0.0006    0.0001 |
    3.790    12    12    12.0    120  20456 |   10  3791    0.0062    0.0006    0.0001 |
    3.800    12    12    12.0    120  20576 |   10  3801    0.0059    0.0006    0.0000 |
    3.810    12    12    12.0    120  20696 |   10  3811    0.0060    0.0006    0.0000 |
    3.820    12    12    12.0    120  20816 |   10  3821    0.0060    0.0006    0.0000 |
    3.830    12    12    12.0    120  20936 |   10  3831    0.0062    0.0006    0.0001 |
    3.840    12    12    12.0    120  21056 |   10  3841    0.0060    0.0006    0.0000 |
    3.850    12    12    12.0    120  21176 |   10  3851    0.0058    0.0006    0.0000 |
    3.860    12    12    12.0    120  21296 |   10  3861    0.0061    0.0006    0.0001 |
    3.870    12    12    12.0    120  21416 |   10  3871    0.0060    0.0006    0.0000 |
    3.880    12    12    12.0    120  21536 |   10  3881    0.0061    0.0006    0.0001 |
    3.890    12    13    12.1    121  21657 |   10  3891    0.0058    0.0006    0.0000 |
    3.900    12    13    12.9    129  21786 |   10  3901    0.0063    0.0006    0.0000 |
    3.910    12    13    12.6    126  21912 |   10  3911    0.0063    0.0006    0.0001 |
    3.920    13    13    13.0    130  22042 |   10  3921    0.0067    0.0007    0.0001 |
    3.930    13    13    13.0    130  22172 |   10  3931    0.0067    0.0007    0.0001 |
    3.940    12    13    12.1    121  22293 |   10  3941    0.0059    0.0006    0.0000 |
    3.950    12    12    12.0    120  22413 |   10  3951    0.0059    0.0006    0.0000 |
    3.960    12    12    12.0    120  22533 |   10  3961    0.0060    0.0006    0.0001 |
    3.970    12    12    12.0    120  22653 |   10  3971    0.0059    0.0006    0.0000 |
    3.980    12    12    12.0    120  22773 |   10  3981    0.0062    0.0006    0.0001 |
    3.990    12    12    12.0    120  22893 |   10  3991    0.0061    0.0006    0.0001 |
    4.000    12    12    12.0    120  23013 |   10  4001    0.0060    0.0006    0.0001 |
    4.010    12    12    12.0    120  23133 |   10  4011    0.0060    0.0006    0.0001 |
    4.020    12    12    12.0    120  23253 |   10  4021    0.0062    0.0006    0.0001 |
    4.030    12    12    12.0    120  23373 |   10  4031    0.0059    0.0006    0.0000 |
    4.040    12    12    12.0    120  23493 |   10  4041    0.0059    0.0006    0.0000 |
    4.050    12    12    12.0    120  23613 |   10  4051    0.0066    0.0007    0.0001 |
    4.060    12    12    12.0    120  23733 |   10  4061    0.0057    0.0006    0.0000 |
    4.070    12    12    12.0    120  23853 |   10  4071    0.0057    0.0006    0.0000 |
    4.080    12    12    12.0    120  23973 |   10  4081    0.0060    0.0006    0.0001 |
    4.090    12    12    12.0    120  24093 |   10  4091    0.0059    0.0006    0.0000 |
    4.100    12    12    12.0    120  24213 |   10  4101    0.0062    0.0006    0.0001 |
    4.110    12    12    12.0    120  24333 |   10  4111    0.0063    0.0006    0.0001 |
    4.120    12    12    12.0    120  24453 |   10  4121    0.0063    0.0006    0.0001 |
    4.130    12    12    12.0    120  24573 |   10  4131    0.0060    0.0006    0.0001 |
    4.140    12    12    12.0    120  24693 |   10  4141    0.0059    0.0006    0.0000 |
    4.150    12    12    12.0    120  24813 |   10  4151    0.0065    0.0006    0.0001 |
    4.160    12    12    12.0    120  24933 |   10  4161    0.0060    0.0006    0.0000 |
    4.170    12    12    12.0    120  25053 |   10  4171    0.0061    0.0006    0.0001 |
    4.180    12    12    12.0    120  25173 |   10  4181    0.0061    0.0006    0.0001 |
    4.190    12    12    12.0    120  25293 |   10  4191    0.0063    0.0006    0.0001 |
    4.200    12    12    12.0    120  25413 |   10  4201    0.0060    0.0006    0.0001 |
    4.210    12    12    12.0    120  25533 |   10  4211    0.0062    0.0006    0.0001 |
    4.220    12    12    12.0    120  25653 |   10  4221    0.0061    0.0006    0.0001 |
    4.230    12    12    12.0    120  25773 |   10  4231    0.0060    0.0006    0.0000 |
    4.240    12    12    12.0    120  25893 |   10  4241    0.0060    0.0006    0.0000 |
    4.250    12    12    12.0    120  26013 |   10  4251    0.0059    0.0006    0.0000 |
    4.260    12    12    12.0    120  26133 |   10  4261    0.0058    0.0006    0.0000 |
    4.270    12    12    12.0    120  26253 |   10  4271    0.0062    0.0006    0.0001 |
    4.280    12    12    12.0    120  26373 |   10  4281    0.0062    0.0006    0.0001 |
    4.290    12    13    12.3    123  26496 |   10  4291    0.0060    0.0006    0.0000 |
    4.300    12    13    12.8    128  26624 |   10  4301    0.0065    0.0006    0.0001 |
    4.310    13    13    13.0    130  26754 |   10  4311    0.0068    0.0007    0.0001 |
    4.320    12    13    12.1    121  26875 |   10  4321    0.0061    0.0006    0.0001 |
    4.330    12    12    12.0    120  26995 |   10  4331    0.0059    0.0006    0.0000 |
    4.340    12    13    12.3    123  27118 |   10  4341    0.0060    0.0006    0.0000 |
    4.350    12    13    12.9    129  27247 |   10  4351    0.0062    0.0006    0.0000 |
    4.360    12    13    12.8    128  27375 |   10  4361    0.0067    0.0007    0.0001 |
    4.370    12    12    12.0    120  27495 |   10  4371    0.0064    0.0006    0.0001 |
    4.380    12    12    12.0    120  27615 |   10  4381    0.0061    0.0006    0.0001 |
    4.390    12    12    12.0    120  27735 |   10  4391    0.0058    0.0006    0.0000 |
    4.400    12    12    12.0    120  27855 |   10  4401    0.0059    0.0006    0.0000 |
    4.410    12    12    12.0    120  27975 |   10  4411    0.0059    0.0006    0.0000 |
    4.420    12    12    12.0    120  28095 |   10  4421    0.0060    0.0006    0.0000 |
    4.430    12    12    12.0    120  28215 |   10  4431    0.0061    0.0006    0.0001 |
    4.440    12    12    12.0    120  28335 |   10  4441    0.0060    0.0006    0.0001 |
    4.450    12    12    12.0    120  28455 |   10  4451    0.0061    0.0006    0.0001 |
    4.460    12    12    12.0    120  28575 |   10  4461    0.0060    0.0006    0.0000 |
    4.470    12    12    12.0    120  28695 |   10  4471    0.0061    0.0006    0.0001 |
    4.480    12    12    12.0    120  28815 |   10  4481    0.0060    0.0006    0.0001 |
    4.490    12    12    12.0    120  28935 |   10  4491    0.0059    0.0006    0.0000 |
    4.500    12    12    12.0    120  29055 |   10  4501    0.0060    0.0006    0.0001 |
    4.510    12    12    12.0    120  29175 |   10  4511    0.0061    0.0006    0.0001 |
    4.520    12    12    12.0    120  29295 |   10  4521    0.0065    0.0006    0.0001 |
    4.530    12    12    12.0    120  29415 |   10  4531    0.0059    0.0006    0.0000 |
    4.540    12    12    12.0    120  29535 |   10  4541    0.0058    0.0006    0.0000 |
    4.550    12    12    12.0    120  29655 |   10  4551    0.0059    0.0006    0.0000 |
    4.560    12    12    12.0    120  29775 |   10  4561    0.0064    0.0006    0.0001 |
    4.570    12    12    12.0    120  29895 |   10  4571    0.0062    0.0006    0.0001 |
    4.580    12    12    12.0    120  30015 |   10  4581    0.0058    0.0006    0.0000 |
    4.590    12    12    12.0    120  30135 |   10  4591    0.0059    0.0006    0.0000 |
    4.600    12    12    12.0    120  30255 |   10  4601    0.0063    0.0006    0.0001 |
    4.610    12    12    12.0    120  30375 |   10  4611    0.0060    0.0006    0.0000 |
    4.620    12    12    12.0    120  30495 |   10  4621    0.0064    0.0006    0.0001 |
    4.630    12    12    12.0    120  30615 |   10  4631    0.0061    0.0006    0.0001 |
    4.640    12    12    12.0    120  30735 |   10  4641    0.0062    0.0006    0.0001 |
    4.650    12    13    12.1    121  30856 |   10  4651    0.0063    0.0006    0.0001 |
    4.660    13    13    13.0    130  30986 |   10  4661    0.0064    0.0006    0.0000 |
    4.670    13    13    13.0    130  31116 |   10  4671    0.0066    0.0007    0.0001 |
    4.680    13    13    13.0    130  31246 |   10  4681    0.0071    0.0007    0.0001 |
    4.690    12    13    12.6    126  31372 |   10  4691    0.0088    0.0009    0.0001 |
    4.700    12    13    12.9    129  31501 |   10  4701    0.0085    0.0008    0.0001 |
    4.710    13    13    13.0    130  31631 |   10  4711    0.0069    0.0007    0.0001 |
    4.720    13    13    13.0    130  31761 |   10  4721    0.0077    0.0008    0.0001 |
    4.730    13    13    13.0    130  31891 |   10  4731    0.0073    0.0007    0.0001 |
    4.740    12    13    12.2    122  32013 |   10  4741    0.0067    0.0007    0.0001 |
    4.750    12    12    12.0    120  32133 |   10  4751    0.0066    0.0007    0.0001 |
    4.760    12    12    12.0    120  32253 |   10  4761    0.0068    0.0007    0.0001 |
    4.770    12    12    12.0    120  32373 |   10  4771    0.0062    0.0006    0.0001 |
    4.780    12    12    12.0    120  32493 |   10  4781    0.0062    0.0006    0.0001 |
    4.790    12    12    12.0    120  32613 |   10  4791    0.0064    0.0006    0.0001 |
    4.800    12    12    12.0    120  32733 |   10  4801    0.0061    0.0006    0.0001 |
    4.810    12    12    12.0    120  32853 |   10  4811    0.0060    0.0006    0.0001 |
    4.820    12    12    12.0    120  32973 |   10  4821    0.0071    0.0007    0.0001 |
    4.830    12    12    12.0    120  33093 |   10  4831    0.0060    0.0006    0.0000 |
    4.840    12    12    12.0    120  33213 |   10  4841    0.0063    0.0006    0.0001 |
    4.850    12    13    12.1    121  33334 |   10  4851    0.0064    0.0006    0.0001 |
    4.860    13    13    13.0    130  33464 |   10  4861    0.0074    0.0007    0.0001 |
    4.870    13    13    13.0    130  33594 |   10  4871    0.0076    0.0008    0.0001 |
    4.880    13    13    13.0    130  33724 |   10  4881    0.0063    0.0006    0.0000 |
    4.890    12    13    12.8    128  33852 |   10  4891    0.0066    0.0007    0.0001 |
    4.900    12    13    12.9    129  33981 |   10  4901    0.0066    0.0007    0.0001 |
    4.910    13    13    13.0    130  34111 |   10  4911    0.0064    0.0006    0.0000 |
    4.920    12    13    12.9    129  34240 |   10  4921    0.0065    0.0007    0.0001 |
    4.930    12    13    12.9    129  34369 |   10  4931    0.0065    0.0007    0.0001 |
    4.940    12    13    12.1    121  34490 |   10  4941    0.0063    0.0006    0.0001 |
    4.950    12    12    12.0    120  34610 |   10  4951    0.0062    0.0006    0.0001 |
    4.960    12    12    12.0    120  34730 |   10  4961    0.0064    0.0006    0.0001 |
    4.970    12    12    12.0    120  34850 |   10  4971    0.0066    0.0007    0.0001 |
    4.980    12    12    12.0    120  34970 |   10  4981    0.0073    0.0007    0.0001 |
    4.990    12    12    12.0    120  35090 |   10  4991    0.0066    0.0007    0.0001 |
    5.000    12    12    12.0    120  35210 |   10  5001    0.0068    0.0007    0.0001 |
    5.010    12    12    12.0    120  35330 |   10  5011    0.0067    0.0007    0.0001 |
    5.020    12    12    12.0    120  35450 |   10  5021    0.0063    0.0006    0.0001 |
    5.030    12    12    12.0    120  35570 |   10  5031    0.0064    0.0006    0.0001 |
    5.040    12    12    12.0    120  35690 |   10  5041    0.0068    0.0007    0.0001 |
    5.050    12    13    12.1    121  35811 |   10  5051    0.0068    0.0007    0.0001 |
    5.060    13    13    13.0    130  35941 |   10  5061    0.0066    0.0007    0.0001 |
    5.070    13    13    13.0    130  36071 |   10  5071    0.0070    0.0007    0.0001 |
    5.080    13    13    13.0    130  36201 |   10  5081    0.0069    0.0007    0.0001 |
    5.090    13    13    13.0    130  36331 |   10  5091    0.0075    0.0008    0.0001 |
    5.100    13    13    13.0    130  36461 |   10  5101    0.0078    0.0008    0.0001 |
    5.110    12    13    12.8    128  36589 |   10  5111    0.0081    0.0008    0.0001 |
    5.120    12    13    12.6    126  36715 |   10  5121    0.0080    0.0008    0.0001 |
    5.130    12    13    12.4    124  36839 |   10  5131    0.0079    0.0008    0.0001 |
    5.140    12    12    12.0    120  36959 |   10  5141    0.0068    0.0007    0.0001 |
    5.150    12    12    12.0    120  37079 |   10  5151    0.0064    0.0006    0.0001 |
    5.160    12    12    12.0    120  37199 |   10  5161    0.0065    0.0006    0.0001 |
    5.170    12    12    12.0    120  37319 |   10  5171    0.0069    0.0007    0.0001 |
    5.180    12    12    12.0    120  37439 |   10  5181    0.0065    0.0007    0.0001 |
    5.190    12    12    12.0    120  37559 |   10  5191    0.0065    0.0007    0.0001 |
    5.200    12    13    12.2    122  37681 |   10  5201    0.0068    0.0007    0.0001 |
    5.210    12    12    12.0    120  37801 |   10  5211    0.0063    0.0006    0.0001 |
    5.220    12    13    12.3    123  37924 |   10  5221    0.0074    0.0007    0.0001 |
    5.230    12    13    12.3    123  38047 |   10  5231    0.0072    0.0007    0.0001 |
    5.240    13    13    13.0    130  38177 |   10  5241    0.0072    0.0007    0.0001 |
    5.250    12    13    12.9    129  38306 |   10  5251    0.0070    0.0007    0.0001 |
    5.260    12    12    12.0    120  38426 |   10  5261    0.0067    0.0007    0.0001 |
    5.270    12    12    12.0    120  38546 |   10  5271    0.0068    0.0007    0.0001 |
    5.280    12    12    12.0    120  38666 |   10  5281    0.0066    0.0007    0.0001 |
    5.290    12    12    12.0    120  38786 |   10  5291    0.0062    0.0006    0.0001 |
    5.300    12    12    12.0    120  38906 |   10  5301    0.0076    0.0008    0.0001 |
    5.310    12    12    12.0    120  39026 |   10  5311    0.0070    0.0007    0.0001 |
    5.320    12    13    12.6    126  39152 |   10  5321    0.0074    0.0007    0.0001 |
    5.330    12    13    12.3    123  39275 |   10  5331    0.0072    0.0007    0.0001 |
    5.340    12    13    12.3    123  39398 |   10  5341    0.0072    0.0007    0.0001 |
    5.350    12    13    12.5    125  39523 |   10  5351    0.0066    0.0007    0.0001 |
    5.360    12    13    12.3    123  39646 |   10  5361    0.0062    0.0006    0.0001 |
    5.370    12    12    12.0    120  39766 |   10  5371    0.0072    0.0007    0.0001 |
    5.380    12    12    12.0    120  39886 |   10  5381    0.0073    0.0007    0.0001 |
    5.390    12    12    12.0    120  40006 |   10  5391    0.0067    0.0007    0.0001 |
    5.400    12    12    12.0    120  40126 |   10  5401    0.0066    0.0007    0.0001 |
    5.410    12    12    12.0    120  40246 |   10  5411    0.0062    0.0006    0.0001 |
    5.420    12    12    12.0    120  40366 |   10  5421    0.0066    0.0007    0.0001 |
    5.430    12    13    12.4    124  40490 |   10  5431    0.0071    0.0007    0.0001 |
    5.440    13    13    13.0    130  40620 |   10  5441    0.0070    0.0007    0.0001 |
    5.450    13    13    13.0    130  40750 |   10  5451    0.0067    0.0007    0.0001 |
    5.460    13    13    13.0    130  40880 |   10  5461    0.0069    0.0007    0.0001 |
    5.470    13    13    13.0    130  41010 |   10  5471    0.0065    0.0007    0.0001 |
    5.480    12    12    12.0    120  41130 |   10  5481    0.0060    0.0006    0.0001 |
    5.490    12    12    12.0    120  41250 |   10  5491    0.0069    0.0007    0.0001 |
    5.500    12    12    12.0    120  41370 |   10  5501    0.0065    0.0007    0.0001 |
    5.510    12    12    12.0    120  41490 |   10  5511    0.0062    0.0006    0.0001 |
    5.520    12    12    12.0    120  41610 |   10  5521    0.0061    0.0006    0.0001 |
    5.530    12    12    12.0    120  41730 |   10  5531    0.0062    0.0006    0.0001 |
    5.540    12    12    12.0    120  41850 |   10  5541    0.0061    0.0006    0.0001 |
    5.550    12    12    12.0    120  41970 |   10  5551    0.0061    0.0006    0.0001 |
    5.560    12    12    12.0    120  42090 |   10  5561    0.0059    0.0006    0.0000 |
    5.570    12    12    12.0    120  42210 |   10  5571    0.0059    0.0006    0.0000 |
    5.580    12    12    12.0    120  42330 |   10  5581    0.0057    0.0006    0.0000 |
    5.590    12    12    12.0    120  42450 |   10  5591    0.0060    0.0006    0.0000 |
    5.600    12    12    12.0    120  42570 |   10  5601    0.0060    0.0006    0.0000 |
    5.610    12    12    12.0    120  42690 |   10  5611    0.0060    0.0006    0.0001 |
    5.620    12    12    12.0    120  42810 |   10  5621    0.0061    0.0006    0.0001 |
    5.630    12    12    12.0    120  42930 |   10  5631    0.0069    0.0007    0.0001 |
    5.640    12    12    12.0    120  43050 |   10  5641    0.0068    0.0007    0.0001 |
    5.650    12    12    12.0    120  43170 |   10  5651    0.0066    0.0007    0.0001 |
    5.660    12    12    12.0    120  43290 |   10  5661    0.0076    0.0008    0.0001 |
    5.670    12    12    12.0    120  43410 |   10  5671    0.0070    0.0007    0.0001 |
    5.680    11    12    11.6    116  43526 |   10  5681    0.0060    0.0006    0.0001 |
    5.690    12    12    12.0    120  43646 |   10  5691    0.0065    0.0007    0.0001 |
    5.700    12    12    12.0    120  43766 |   10  5701    0.0060    0.0006    0.0001 |
    5.710    12    12    12.0    120  43886 |   10  5711    0.0062    0.0006    0.0001 |
    5.720    12    12    12.0    120  44006 |   10  5721    0.0061    0.0006    0.0001 |
    5.730    12    12    12.0    120  44126 |   10  5731    0.0059    0.0006    0.0000 |
    5.740    12    12    12.0    120  44246 |   10  5741    0.0066    0.0007    0.0001 |
    5.750    12    12    12.0    120  44366 |   10  5751    0.0067    0.0007    0.0001 |
    5.760    12    12    12.0    120  44486 |   10  5761    0.0070    0.0007    0.0001 |
    5.770    12    12    12.0    120  44606 |   10  5771    0.0065    0.0007    0.0001 |
    5.780    12    12    12.0    120  44726 |   10  5781    0.0066    0.0007    0.0001 |
    5.790    12    12    12.0    120  44846 |   10  5791    0.0068    0.0007    0.0001 |
    5.800    12    12    12.0    120  44966 |   10  5801    0.0082    0.0008    0.0001 |
    5.810    12    12    12.0    120  45086 |   10  5811    0.0067    0.0007    0.0001 |
    5.820    12    12    12.0    120  45206 |   10  5821    0.0064    0.0006    0.0001 |
    5.830    12    12    12.0    120  45326 |   10  5831    0.0064    0.0006    0.0001 |
    5.840    12    12    12.0    120  45446 |   10  5841    0.0078    0.0008    0.0001 |
    5.850    12    12    12.0    120  45566 |   10  5851    0.0096    0.0010    0.0001 |
    5.860    12    12    12.0    120  45686 |   10  5861    0.0079    0.0008    0.0001 |
    5.870    12    12    12.0    120  45806 |   10  5871    0.0063    0.0006    0.0001 |
    5.880    12    12    12.0    120  45926 |   10  5881    0.0063    0.0006    0.0001 |
    5.890    12    12    12.0    120  46046 |   10  5891    0.0065    0.0006    0.0001 |
    5.900    12    12    12.0    120  46166 |   10  5901    0.0068    0.0007    0.0001 |
    5.910    12    12    12.0    120  46286 |   10  5911    0.0065    0.0007    0.0001 |
    5.920    12    12    12.0    120  46406 |   10  5921    0.0060    0.0006    0.0001 |
    5.930    12    12    12.0    120  46526 |   10  5931    0.0061    0.0006    0.0001 |
    5.940    12    12    12.0    120  46646 |   10  5941    0.0060    0.0006    0.0000 |
    5.950    12    12    12.0    120  46766 |   10  5951    0.0059    0.0006    0.0000 |
    5.960    12    12    12.0    120  46886 |   10  5961    0.0063    0.0006    0.0001 |
    5.970    12    12    12.0    120  47006 |   10  5971    0.0063    0.0006    0.0001 |
    5.980    12    12    12.0    120  47126 |   10  5981    0.0064    0.0006    0.0001 |
    5.990    12    12    12.0    120  47246 |   10  5991    0.0066    0.0007    0.0001 |
    6.000    12    12    12.0    120  47366 |   10  6001    0.0062    0.0006    0.0001 |
    6.010    12    12    12.0    120  47486 |   10  6011    0.0061    0.0006    0.0001 |
    6.020    12    12    12.0    120  47606 |   10  6021    0.0061    0.0006    0.0001 |
    6.030    12    12    12.0    120  47726 |   10  6031    0.0060    0.0006    0.0001 |
    6.040    12    12    12.0    120  47846 |   10  6041    0.0066    0.0007    0.0001 |
    6.050    12    12    12.0    120  47966 |   10  6051    0.0062    0.0006    0.0001 |
    6.060    12    12    12.0    120  48086 |   10  6061    0.0061    0.0006    0.0001 |
    6.070    12    12    12.0    120  48206 |   10  6071    0.0061    0.0006    0.0001 |
    6.080    12    12    12.0    120  48326 |   10  6081    0.0063    0.0006    0.0001 |
    6.090    12    12    12.0    120  48446 |   10  6091    0.0062    0.0006    0.0001 |
    6.100    12    12    12.0    120  48566 |   10  6101    0.0065    0.0006    0.0001 |
    6.110    12    12    12.0    120  48686 |   10  6111    0.0060    0.0006    0.0001 |
    6.120    12    12    12.0    120  48806 |   10  6121    0.0058    0.0006    0.0000 |
    6.130    12    12    12.0    120  48926 |   10  6131    0.0065    0.0006    0.0001 |
    6.140    12    12    12.0    120  49046 |   10  6141    0.0062    0.0006    0.0001 |
    6.150    12    12    12.0    120  49166 |   10  6151    0.0065    0.0007    0.0001 |
    6.160    11    12    11.7    117  49283 |   10  6161    0.0059    0.0006    0.0001 |
    6.170    12    12    12.0    120  49403 |   10  6171    0.0064    0.0006    0.0001 |
    6.180    12    12    12.0    120  49523 |   10  6181    0.0066    0.0007    0.0001 |
    6.190    12    12    12.0    120  49643 |   10  6191    0.0063    0.0006    0.0001 |
    6.200    12    12    12.0    120  49763 |   10  6201    0.0059    0.0006    0.0000 |
    6.210    12    12    12.0    120  49883 |   10  6211    0.0059    0.0006    0.0000 |
    6.220    12    12    12.0    120  50003 |   10  6221    0.0062    0.0006    0.0001 |
    6.230    12    12    12.0    120  50123 |   10  6231    0.0062    0.0006    0.0001 |
    6.240    12    12    12.0    120  50243 |   10  6241    0.0060    0.0006    0.0001 |
    6.250    12    12    12.0    120  50363 |   10  6251    0.0060    0.0006    0.0000 |
    6.260    12    12    12.0    120  50483 |   10  6261    0.0063    0.0006    0.0001 |
    6.270    12    12    12.0    120  50603 |   10  6271    0.0061    0.0006    0.0001 |
    6.280    12    12    12.0    120  50723 |   10  6281    0.0068    0.0007    0.0001 |
    6.290    12    12    12.0    120  50843 |   10  6291    0.0066    0.0007    0.0001 |
    6.300    12    12    12.0    120  50963 |   10  6301    0.0059    0.0006    0.0000 |
    6.310    12    12    12.0    120  51083 |   10  6311    0.0064    0.0006    0.0001 |
    6.320    12    12    12.0    120  51203 |   10  6321    0.0064    0.0006    0.0001 |
    6.330    12    12    12.0    120  51323 |   10  6331    0.0065    0.0007    0.0001 |
    6.340    12    12    12.0    120  51443 |   10  6341    0.0068    0.0007    0.0001 |
    6.350    12    12    12.0    120  51563 |   10  6351    0.0063    0.0006    0.0001 |
    6.360    12    12    12.0    120  51683 |   10  6361    0.0065    0.0006    0.0001 |
    6.370    12    12    12.0    120  51803 |   10  6371    0.0065    0.0007    0.0001 |
    6.380    12    14    13.7    137  51940 |   10  6381    0.0073    0.0007    0.0001 |
    6.390    14    15    14.7    147  52087 |   10  6391    0.0082    0.0008    0.0001 |
    6.400    15    15    15.0    150  52237 |   10  6401    0.0091    0.0009    0.0001 |
    6.410    14    15    14.8    148  52385 |   10  6411    0.0094    0.0009    0.0001 |
    6.420    15    15    15.0    150  52535 |   10  6421    0.0096    0.0010    0.0001 |
    6.430    15    17    16.3    163  52698 |   10  6431    0.0081    0.0008    0.0000 |
    6.440    17    17    17.0    170  52868 |   10  6441    0.0083    0.0008    0.0000 |
    6.450    17    17    17.0    170  53038 |   10  6451    0.0093    0.0009    0.0001 |
    6.460    17    17    17.0    170  53208 |   10  6461    0.0089    0.0009    0.0001 |
    6.470    17    17    17.0    170  53378 |   10  6471    0.0089    0.0009    0.0001 |
    6.480    17    17    17.0    170  53548 |   10  6481    0.0086    0.0009    0.0001 |
    6.490    17    17    17.0    170  53718 |   10  6491    0.0085    0.0009    0.0001 |
    6.500    17    17    17.0    170  53888 |   10  6501    0.0093    0.0009    0.0001 |
    6.510    17    17    17.0    170  54058 |   10  6511    0.0086    0.0009    0.0001 |
    6.520    17    17    17.0    170  54228 |   10  6521    0.0090    0.0009    0.0001 |
    6.530    17    17    17.0    170  54398 |   10  6531    0.0086    0.0009    0.0001 |
    6.540    17    17    17.0    170  54568 |   10  6541    0.0084    0.0008    0.0000 |
    6.550    17    17    17.0    170  54738 |   10  6551    0.0087    0.0009    0.0001 |
    6.560    17    17    17.0    170  54908 |   10  6561    0.0088    0.0009    0.0001 |
    6.570    17    17    17.0    170  55078 |   10  6571    0.0089    0.0009    0.0001 |
    6.580    17    17    17.0    170  55248 |   10  6581    0.0086    0.0009    0.0001 |
    6.590    17    17    17.0    170  55418 |   10  6591    0.0079    0.0008    0.0000 |
    6.600    17    17    17.0    170  55588 |   10  6601    0.0083    0.0008    0.0000 |
    6.610    17    17    17.0    170  55758 |   10  6611    0.0086    0.0009    0.0001 |
    6.620    16    17    16.9    169  55927 |   10  6621    0.0081    0.0008    0.0000 |
    6.630    17    17    17.0    170  56097 |   10  6631    0.0088    0.0009    0.0001 |
    6.640    17    17    17.0    170  56267 |   10  6641    0.0101    0.0010    0.0001 |
    6.650    17    17    17.0    170  56437 |   10  6651    0.0079    0.0008    0.0000 |
    6.660    17    17    17.0    170  56607 |   10  6661    0.0089    0.0009    0.0001 |
    6.670    17    17    17.0    170  56777 |   10  6671    0.0082    0.0008    0.0000 |
    6.680    17    17    17.0    170  56947 |   10  6681    0.0085    0.0008    0.0000 |
    6.690    17    17    17.0    170  57117 |   10  6691    0.0082    0.0008    0.0000 |
    6.700    17    17    17.0    170  57287 |   10  6701    0.0080    0.0008    0.0000 |
    6.710    17    17    17.0    170  57457 |   10  6711    0.0081    0.0008    0.0000 |
    6.720    17    17    17.0    170  57627 |   10  6721    0.0082    0.0008    0.0000 |
    6.730    17    17    17.0    170  57797 |   10  6731    0.0077    0.0008    0.0000 |
    6.740    17    17    17.0    170  57967 |   10  6741    0.0076    0.0008    0.0000 |
    6.750    17    17    17.0    170  58137 |   10  6751    0.0077    0.0008    0.0000 |
    6.760    17    17    17.0    170  58307 |   10  6761    0.0080    0.0008    0.0000 |
    6.770    17    17    17.0    170  58477 |   10  6771    0.0082    0.0008    0.0000 |
    6.780    17    17    17.0    170  58647 |   10  6781    0.0078    0.0008    0.0000 |
    6.790    17    17    17.0    170  58817 |   10  6791    0.0080    0.0008    0.0000 |
    6.800    17    17    17.0    170  58987 |   10  6801    0.0085    0.0009    0.0001 |
    6.810    17    17    17.0    170  59157 |   10  6811    0.0082    0.0008    0.0000 |
    6.820    17    17    17.0    170  59327 |   10  6821    0.0077    0.0008    0.0000 |
    6.830    17    17    17.0    170  59497 |   10  6831    0.0080    0.0008    0.0000 |
    6.840    17    17    17.0    170  59667 |   10  6841    0.0077    0.0008    0.0000 |
    6.850    17    17    17.0    170  59837 |   10  6851    0.0084    0.0008    0.0000 |
    6.860    17    17    17.0    170  60007 |   10  6861    0.0078    0.0008    0.0000 |
    6.870    17    17    17.0    170  60177 |   10  6871    0.0080    0.0008    0.0000 |
    6.880    17    17    17.0    170  60347 |   10  6881    0.0080    0.0008    0.0000 |
    6.890    17    17    17.0    170  60517 |   10  6891    0.0079    0.0008    0.0000 |
    6.900    17    17    17.0    170  60687 |   10  6901    0.0079    0.0008    0.0000 |
    6.910    17    17    17.0    170  60857 |   10  6911    0.0081    0.0008    0.0000 |
    6.920    17    17    17.0    170  61027 |   10  6921    0.0081    0.0008    0.0000 |
    6.930    17    17    17.0    170  61197 |   10  6931    0.0082    0.0008    0.0000 |
    6.940    17    17    17.0    170  61367 |   10  6941    0.0079    0.0008    0.0000 |
    6.950    17    17    17.0    170  61537 |   10  6951    0.0079    0.0008    0.0000 |
    6.960    17    17    17.0    170  61707 |   10  6961    0.0081    0.0008    0.0000 |
    6.970    17    17    17.0    170  61877 |   10  6971    0.0081    0.0008    0.0000 |
    6.980    17    17    17.0    170  62047 |   10  6981    0.0082    0.0008    0.0000 |
    6.990    17    17    17.0    170  62217 |   10  6991    0.0078    0.0008    0.0000 |
    7.000    17    17    17.0    170  62387 |   10  7001    0.0079    0.0008    0.0000 |
    7.010    17    17    17.0    170  62557 |   10  7011    0.0082    0.0008    0.0000 |
    7.020    17    17    17.0    170  62727 |   10  7021    0.0078    0.0008    0.0000 |
    7.030    17    17    17.0    170  62897 |   10  7031    0.0078    0.0008    0.0000 |
    7.040    17    17    17.0    170  63067 |   10  7041    0.0082    0.0008    0.0000 |
    7.050    17    17    17.0    170  63237 |   10  7051    0.0081    0.0008    0.0000 |
    7.060    16    17    16.7    167  63404 |   10  7061    0.0080    0.0008    0.0000 |
    7.070    16    17    16.3    163  63567 |   10  7071    0.0080    0.0008    0.0000 |
    7.080    17    17    17.0    170  63737 |   10  7081    0.0083    0.0008    0.0000 |
    7.090    17    17    17.0    170  63907 |   10  7091    0.0082    0.0008    0.0000 |
    7.100    17    17    17.0    170  64077 |   10  7101    0.0078    0.0008    0.0000 |
    7.110    17    17    17.0    170  64247 |   10  7111    0.0078    0.0008    0.0000 |
    7.120    17    17    17.0    170  64417 |   10  7121    0.0078    0.0008    0.0000 |
    7.130    17    17    17.0    170  64587 |   10  7131    0.0083    0.0008    0.0000 |
    7.140    17    17    17.0    170  64757 |   10  7141    0.0082    0.0008    0.0000 |
    7.150    17    17    17.0    170  64927 |   10  7151    0.0081    0.0008    0.0000 |
    7.160    17    17    17.0    170  65097 |   10  7161    0.0078    0.0008    0.0000 |
    7.170    17    17    17.0    170  65267 |   10  7171    0.0077    0.0008    0.0000 |
    7.180    17    17    17.0    170  65437 |   10  7181    0.0081    0.0008    0.0000 |
    7.190    17    17    17.0    170  65607 |   10  7191    0.0077    0.0008    0.0000 |
    7.200    17    17    17.0    170  65777 |   10  7201    0.0082    0.0008    0.0000 |
    7.210    17    17    17.0    170  65947 |   10  7211    0.0076    0.0008    0.0000 |
    7.220    17    17    17.0    170  66117 |   10  7221    0.0080    0.0008    0.0000 |
    7.230    17    17    17.0    170  66287 |   10  7231    0.0079    0.0008    0.0000 |
    7.240    17    17    17.0    170  66457 |   10  7241    0.0081    0.0008    0.0000 |
    7.250    17    17    17.0    170  66627 |   10  7251    0.0081    0.0008    0.0000 |
    7.260    17    17    17.0    170  66797 |   10  7261    0.0081    0.0008    0.0000 |
    7.270    17    17    17.0    170  66967 |   10  7271    0.0078    0.0008    0.0000 |
    7.280    17    17    17.0    170  67137 |   10  7281    0.0081    0.0008    0.0000 |
    7.290    17    17    17.0    170  67307 |   10  7291    0.0084    0.0008    0.0000 |
    7.300    17    17    17.0    170  67477 |   10  7301    0.0075    0.0008    0.0000 |
    7.310    17    17    17.0    170  67647 |   10  7311    0.0084    0.0008    0.0000 |
    7.320    17    17    17.0    170  67817 |   10  7321    0.0078    0.0008    0.0000 |
    7.330    17    17    17.0    170  67987 |   10  7331    0.0077    0.0008    0.0000 |
    7.340    17    17    17.0    170  68157 |   10  7341    0.0082    0.0008    0.0000 |
    7.350    17    17    17.0    170  68327 |   10  7351    0.0080    0.0008    0.0000 |
    7.360    17    17    17.0    170  68497 |   10  7361    0.0083    0.0008    0.0000 |
    7.370    17    17    17.0    170  68667 |   10  7371    0.0082    0.0008    0.0000 |
    7.380    17    17    17.0    170  68837 |   10  7381    0.0081    0.0008    0.0000 |
    7.390    17    17    17.0    170  69007 |   10  7391    0.0079    0.0008    0.0000 |
    7.400    17    17    17.0    170  69177 |   10  7401    0.0089    0.0009    0.0001 |
    7.410    17    17    17.0    170  69347 |   10  7411    0.0085    0.0009    0.0001 |
    7.420    17    17    17.0    170  69517 |   10  7421    0.0080    0.0008    0.0000 |
    7.430    17    17    17.0    170  69687 |   10  7431    0.0085    0.0008    0.0000 |
    7.440    17    17    17.0    170  69857 |   10  7441    0.0087    0.0009    0.0001 |
    7.450    17    17    17.0    170  70027 |   10  7451    0.0082    0.0008    0.0000 |
    7.460    17    17    17.0    170  70197 |   10  7461    0.0088    0.0009    0.0001 |
    7.470    17    17    17.0    170  70367 |   10  7471    0.0087    0.0009    0.0001 |
    7.480    17    17    17.0    170  70537 |   10  7481    0.0088    0.0009    0.0001 |
    7.490    17    17    17.0    170  70707 |   10  7491    0.0083    0.0008    0.0000 |
    7.500    17    17    17.0    170  70877 |   10  7501    0.0078    0.0008    0.0000 |
    7.510    17    17    17.0    170  71047 |   10  7511    0.0080    0.0008    0.0000 |
    7.520    17    17    17.0    170  71217 |   10  7521    0.0079    0.0008    0.0000 |
    7.530    17    17    17.0    170  71387 |   10  7531    0.0081    0.0008    0.0000 |
    7.540    17    17    17.0    170  71557 |   10  7541    0.0080    0.0008    0.0000 |
    7.550    17    17    17.0    170  71727 |   10  7551    0.0078    0.0008    0.0000 |
    7.560    17    17    17.0    170  71897 |   10  7561    0.0085    0.0009    0.0001 |
    7.570    17    17    17.0    170  72067 |   10  7571    0.0083    0.0008    0.0000 |
    7.580    17    17    17.0    170  72237 |   10  7581    0.0084    0.0008    0.0000 |
    7.590    17    17    17.0    170  72407 |   10  7591    0.0077    0.0008    0.0000 |
    7.600    17    17    17.0    170  72577 |   10  7601    0.0082    0.0008    0.0000 |
    7.610    17    17    17.0    170  72747 |   10  7611    0.0082    0.0008    0.0000 |
    7.620    17    17    17.0    170  72917 |   10  7621    0.0087    0.0009    0.0001 |
    7.630    17    17    17.0    170  73087 |   10  7631    0.0091    0.0009    0.0001 |
    7.640    17    17    17.0    170  73257 |   10  7641    0.0090    0.0009    0.0001 |
    7.650    17    17    17.0    170  73427 |   10  7651    0.0091    0.0009    0.0001 |
    7.660    17    17    17.0    170  73597 |   10  7661    0.0092    0.0009    0.0001 |
    7.670    17    17    17.0    170  73767 |   10  7671    0.0088    0.0009    0.0001 |
    7.680    17    18    17.9    179  73946 |   10  7681    0.0085    0.0008    0.0000 |
    7.690    18    18    18.0    180  74126 |   10  7691    0.0085    0.0008    0.0000 |
    7.700    18    18    18.0    180  74306 |   10  7701    0.0084    0.0008    0.0000 |
    7.710    18    18    18.0    180  74486 |   10  7711    0.0083    0.0008    0.0000 |
    7.720    18    18    18.0    180  74666 |   10  7721    0.0092    0.0009    0.0001 |
    7.730    18    18    18.0    180  74846 |   10  7731    0.0092    0.0009    0.0001 |
    7.740    18    18    18.0    180  75026 |   10  7741    0.0091    0.0009    0.0001 |
    7.750    18    18    18.0    180  75206 |   10  7751    0.0091    0.0009    0.0001 |
    7.760    18    18    18.0    180  75386 |   10  7761    0.0087    0.0009    0.0000 |
    7.770    18    18    18.0    180  75566 |   10  7771    0.0091    0.0009    0.0001 |
    7.780    16    18    17.8    178  75744 |   10  7781    0.0098    0.0010    0.0001 |
    7.790    17    18    17.9    179  75923 |   10  7791    0.0081    0.0008    0.0000 |
    7.800    17    18    17.8    178  76101 |   10  7801    0.0089    0.0009    0.0001 |
    7.810    18    18    18.0    180  76281 |   10  7811    0.0086    0.0009    0.0000 |
    7.820    17    18    17.9    179  76460 |   10  7821    0.0087    0.0009    0.0000 |
    7.830    18    18    18.0    180  76640 |   10  7831    0.0104    0.0010    0.0001 |
    7.840    17    17    17.0    170  76810 |   10  7841    0.0099    0.0010    0.0001 |
    7.850    17    18    17.4    174  76984 |   10  7851    0.0083    0.0008    0.0000 |
    7.860    17    18    17.9    179  77163 |   10  7861    0.0080    0.0008    0.0000 |
    7.870    18    18    18.0    180  77343 |   10  7871    0.0086    0.0009    0.0000 |
    7.880    18    18    18.0    180  77523 |   10  7881    0.0093    0.0009    0.0001 |
    7.890    18    18    18.0    180  77703 |   10  7891    0.0101    0.0010    0.0001 |
    7.900    18    18    18.0    180  77883 |   10  7901    0.0087    0.0009    0.0000 |
    7.910    18    18    18.0    180  78063 |   10  7911    0.0093    0.0009    0.0001 |
    7.920    18    18    18.0    180  78243 |   10  7921    0.0089    0.0009    0.0000 |
    7.930    17    18    17.9    179  78422 |   10  7931    0.0081    0.0008    0.0000 |
    7.940    18    18    18.0    180  78602 |   10  7941    0.0081    0.0008    0.0000 |
    7.950    18    18    18.0    180  78782 |   10  7951    0.0082    0.0008    0.0000 |
    7.960    18    18    18.0    180  78962 |   10  7961    0.0082    0.0008    0.0000 |
    7.970    18    18    18.0    180  79142 |   10  7971    0.0085    0.0008    0.0000 |
    7.980    18    18    18.0    180  79322 |   10  7981    0.0083    0.0008    0.0000 |
    7.990    18    18    18.0    180  79502 |   10  7991    0.0096    0.0010    0.0001 |
    8.000    18    18    18.0    180  79682 |   10  8001    0.0103    0.0010    0.0001 |
    8.010    18    18    18.0    180  79862 |   10  8011    0.0083    0.0008    0.0000 |
    8.020    18    18    18.0    180  80042 |   10  8021    0.0092    0.0009    0.0001 |
    8.030    18    18    18.0    180  80222 |   10  8031    0.0088    0.0009    0.0000 |
    8.040    18    18    18.0    180  80402 |   10  8041    0.0092    0.0009    0.0001 |
    8.050    18    18    18.0    180  80582 |   10  8051    0.0091    0.0009    0.0001 |
    8.060    17    18    17.6    176  80758 |   10  8061    0.0088    0.0009    0.0000 |
    8.070    17    18    17.8    178  80936 |   10  8071    0.0084    0.0008    0.0000 |
    8.080    17    18    17.3    173  81109 |   10  8081    0.0082    0.0008    0.0000 |
    8.090    18    18    18.0    180  81289 |   10  8091    0.0089    0.0009    0.0000 |
    8.100    18    18    18.0    180  81469 |   10  8101    0.0093    0.0009    0.0001 |
    8.110    18    18    18.0    180  81649 |   10  8111    0.0086    0.0009    0.0000 |
    8.120    18    18    18.0    180  81829 |   10  8121    0.0088    0.0009    0.0000 |
    8.130    18    18    18.0    180  82009 |   10  8131    0.0091    0.0009    0.0001 |
    8.140    18    18    18.0    180  82189 |   10  8141    0.0085    0.0008    0.0000 |
    8.150    18    18    18.0    180  82369 |   10  8151    0.0086    0.0009    0.0000 |
    8.160    18    19    18.3    183  82552 |   10  8161    0.0095    0.0010    0.0001 |
    8.170    18    18    18.0    180  82732 |   10  8171    0.0091    0.0009    0.0001 |
    8.180    18    18    18.0    180  82912 |   10  8181    0.0085    0.0009    0.0000 |
    8.190    18    18    18.0    180  83092 |   10  8191    0.0093    0.0009    0.0001 |
    8.200    17    18    17.8    178  83270 |   10  8201    0.0085    0.0009    0.0000 |
    8.210    18    18    18.0    180  83450 |   10  8211    0.0086    0.0009    0.0000 |
    8.220    18    18    18.0    180  83630 |   10  8221    0.0081    0.0008    0.0000 |
    8.230    18    18    18.0    180  83810 |   10  8231    0.0085    0.0008    0.0000 |
    8.240    18    18    18.0    180  83990 |   10  8241    0.0083    0.0008    0.0000 |
    8.250    18    18    18.0    180  84170 |   10  8251    0.0082    0.0008    0.0000 |
    8.260    18    18    18.0    180  84350 |   10  8261    0.0087    0.0009    0.0000 |
    8.270    18    18    18.0    180  84530 |   10  8271    0.0083    0.0008    0.0000 |
    8.280    18    18    18.0    180  84710 |   10  8281    0.0086    0.0009    0.0000 |
    8.290    18    18    18.0    180  84890 |   10  8291    0.0086    0.0009    0.0000 |
    8.300    18    18    18.0    180  85070 |   10  8301    0.0083    0.0008    0.0000 |
    8.310    18    18    18.0    180  85250 |   10  8311    0.0081    0.0008    0.0000 |
    8.320    18    18    18.0    180  85430 |   10  8321    0.0085    0.0009    0.0000 |
    8.330    18    18    18.0    180  85610 |   10  8331    0.0082    0.0008    0.0000 |
    8.340    18    18    18.0    180  85790 |   10  8341    0.0083    0.0008    0.0000 |
    8.350    18    18    18.0    180  85970 |   10  8351    0.0082    0.0008    0.0000 |
    8.360    18    18    18.0    180  86150 |   10  8361    0.0080    0.0008    0.0000 |
    8.370    18    18    18.0    180  86330 |   10  8371    0.0092    0.0009    0.0001 |
    8.380    18    18    18.0    180  86510 |   10  8381    0.0086    0.0009    0.0000 |
    8.390    18    18    18.0    180  86690 |   10  8391    0.0082    0.0008    0.0000 |
    8.400    18    18    18.0    180  86870 |   10  8401    0.0085    0.0009    0.0000 |
    8.410    18    18    18.0    180  87050 |   10  8411    0.0088    0.0009    0.0000 |
    8.420    18    18    18.0    180  87230 |   10  8421    0.0082    0.0008    0.0000 |
    8.430    18    18    18.0    180  87410 |   10  8431    0.0085    0.0009    0.0000 |
    8.440    18    18    18.0    180  87590 |   10  8441    0.0080    0.0008    0.0000 |
    8.450    18    18    18.0    180  87770 |   10  8451    0.0082    0.0008    0.0000 |
    8.460    18    18    18.0    180  87950 |   10  8461    0.0084    0.0008    0.0000 |
    8.470    18    18    18.0    180  88130 |   10  8471    0.0084    0.0008    0.0000 |
    8.480    18    18    18.0    180  88310 |   10  8481    0.0082    0.0008    0.0000 |
    8.490    18    19    18.3    183  88493 |   10  8491    0.0081    0.0008    0.0000 |
    8.500    19    19    19.0    190  88683 |   10  8501    0.0087    0.0009    0.0000 |
    8.510    18    19    18.9    189  88872 |   10  8511    0.0084    0.0008    0.0000 |
    8.520    18    19    18.6    186  89058 |   10  8521    0.0089    0.0009    0.0000 |
    8.530    18    19    18.4    184  89242 |   10  8531    0.0084    0.0008    0.0000 |
    8.540    18    19    18.2    182  89424 |   10  8541    0.0080    0.0008    0.0000 |
    8.550    18    19    18.7    187  89611 |   10  8551    0.0089    0.0009    0.0000 |
    8.560    18    19    18.4    184  89795 |   10  8561    0.0086    0.0009    0.0000 |
    8.570    18    18    18.0    180  89975 |   10  8571    0.0081    0.0008    0.0000 |
    8.580    18    18    18.0    180  90155 |   10  8581    0.0083    0.0008    0.0000 |
    8.590    18    18    18.0    180  90335 |   10  8591    0.0085    0.0008    0.0000 |
    8.600    18    18    18.0    180  90515 |   10  8601    0.0085    0.0009    0.0000 |
    8.610    18    18    18.0    180  90695 |   10  8611    0.0083    0.0008    0.0000 |
    8.620    18    18    18.0    180  90875 |   10  8621    0.0085    0.0009    0.0000 |
    8.630    18    18    18.0    180  91055 |   10  8631    0.0080    0.0008    0.0000 |
    8.640    18    18    18.0    180  91235 |   10  8641    0.0085    0.0008    0.0000 |
    8.650    18    18    18.0    180  91415 |   10  8651    0.0084    0.0008    0.0000 |
    8.660    18    18    18.0    180  91595 |   10  8661    0.0086    0.0009    0.0000 |
    8.670    18    18    18.0    180  91775 |   10  8671    0.0081    0.0008    0.0000 |
    8.680    18    18    18.0    180  91955 |   10  8681    0.0083    0.0008    0.0000 |
    8.690    18    18    18.0    180  92135 |   10  8691    0.0090    0.0009    0.0000 |
    8.700    18    18    18.0    180  92315 |   10  8701    0.0090    0.0009    0.0001 |
    8.710    18    18    18.0    180  92495 |   10  8711    0.0093    0.0009    0.0001 |
    8.720    18    18    18.0    180  92675 |   10  8721    0.0091    0.0009    0.0001 |
    8.730    18    18    18.0    180  92855 |   10  8731    0.0095    0.0010    0.0001 |
    8.740    18    18    18.0    180  93035 |   10  8741    0.0090    0.0009    0.0000 |
    8.750    18    18    18.0    180  93215 |   10  8751    0.0089    0.0009    0.0000 |
    8.760    18    18    18.0    180  93395 |   10  8761    0.0084    0.0008    0.0000 |
    8.770    18    18    18.0    180  93575 |   10  8771    0.0084    0.0008    0.0000 |
    8.780    18    18    18.0    180  93755 |   10  8781    0.0085    0.0008    0.0000 |
    8.790    18    18    18.0    180  93935 |   10  8791    0.0089    0.0009    0.0000 |
    8.800    18    18    18.0    180  94115 |   10  8801    0.0089    0.0009    0.0000 |
    8.810    18    18    18.0    180  94295 |   10  8811    0.0091    0.0009    0.0001 |
    8.820    17    18    17.9    179  94474 |   10  8821    0.0091    0.0009    0.0001 |
    8.830    17    18    17.6    176  94650 |   10  8831    0.0080    0.0008    0.0000 |
    8.840    17    17    17.0    170  94820 |   10  8841    0.0083    0.0008    0.0000 |
    8.850    17    17    17.0    170  94990 |   10  8851    0.0085    0.0009    0.0001 |
    8.860    17    17    17.0    170  95160 |   10  8861    0.0085    0.0009    0.0001 |
    8.870    17    17    17.0    170  95330 |   10  8871    0.0084    0.0008    0.0000 |
    8.880    17    17    17.0    170  95500 |   10  8881    0.0079    0.0008    0.0000 |
    8.890    17    17    17.0    170  95670 |   10  8891    0.0081    0.0008    0.0000 |
    8.900    17    17    17.0    170  95840 |   10  8901    0.0079    0.0008    0.0000 |
    8.910    17    17    17.0    170  96010 |   10  8911    0.0079    0.0008    0.0000 |
    8.920    16    17    16.1    161  96171 |   10  8921    0.0087    0.0009    0.0001 |
    8.930    16    16    16.0    160  96331 |   10  8931    0.0076    0.0008    0.0000 |
    8.940    16    16    16.0    160  96491 |   10  8941    0.0077    0.0008    0.0000 |
    8.950    16    16    16.0    160  96651 |   10  8951    0.0077    0.0008    0.0000 |
    8.960    16    16    16.0    160  96811 |   10  8961    0.0077    0.0008    0.0000 |
    8.970    16    16    16.0    160  96971 |   10  8971    0.0078    0.0008    0.0000 |
    8.980    16    16    16.0    160  97131 |   10  8981    0.0086    0.0009    0.0001 |
    8.990    16    16    16.0    160  97291 |   10  8991    0.0074    0.0007    0.0000 |
    9.000    16    16    16.0    160  97451 |   10  9001    0.0076    0.0008    0.0000 |
    9.010    16    16    16.0    160  97611 |   10  9011    0.0076    0.0008    0.0000 |
    9.020    16    16    16.0    160  97771 |   10  9021    0.0076    0.0008    0.0000 |
    9.030    16    16    16.0    160  97931 |   10  9031    0.0078    0.0008    0.0000 |
    9.040    16    16    16.0    160  98091 |   10  9041    0.0078    0.0008    0.0000 |
    9.050    16    16    16.0    160  98251 |   10  9051    0.0076    0.0008    0.0000 |
    9.060    16    16    16.0    160  98411 |   10  9061    0.0080    0.0008    0.0001 |
    9.070    16    16    16.0    160  98571 |   10  9071    0.0085    0.0009    0.0001 |
    9.080    16    16    16.0    160  98731 |   10  9081    0.0084    0.0008    0.0001 |
    9.090    16    16    16.0    160  98891 |   10  9091    0.0079    0.0008    0.0000 |
    9.100    16    16    16.0    160  99051 |   10  9101    0.0077    0.0008    0.0000 |
    9.110    16    16    16.0    160  99211 |   10  9111    0.0080    0.0008    0.0001 |
    9.120    16    16    16.0    160  99371 |   10  9121    0.0079    0.0008    0.0000 |
    9.130    16    16    16.0    160  99531 |   10  9131    0.0077    0.0008    0.0000 |
    9.140    16    16    16.0    160  99691 |   10  9141    0.0076    0.0008    0.0000 |
    9.150    16    16    16.0    160  99851 |   10  9151    0.0078    0.0008    0.0000 |
    9.160    16    16    16.0    160 100011 |   10  9161    0.0077    0.0008    0.0000 |
    9.170    16    16    16.0    160 100171 |   10  9171    0.0084    0.0008    0.0001 |
    9.180    16    16    16.0    160 100331 |   10  9181    0.0082    0.0008    0.0001 |
    9.190    16    16    16.0    160 100491 |   10  9191    0.0082    0.0008    0.0001 |
    9.200    16    16    16.0    160 100651 |   10  9201    0.0081    0.0008    0.0001 |
    9.210    16    16    16.0    160 100811 |   10  9211    0.0075    0.0007    0.0000 |
    9.220    16    16    16.0    160 100971 |   10  9221    0.0076    0.0008    0.0000 |
    9.230    16    16    16.0    160 101131 |   10  9231    0.0077    0.0008    0.0000 |
    9.240    16    16    16.0    160 101291 |   10  9241    0.0076    0.0008    0.0000 |
    9.250    16    16    16.0    160 101451 |   10  9251    0.0078    0.0008    0.0000 |
    9.260    16    16    16.0    160 101611 |   10  9261    0.0082    0.0008    0.0001 |
    9.270    16    16    16.0    160 101771 |   10  9271    0.0080    0.0008    0.0000 |
    9.280    16    16    16.0    160 101931 |   10  9281    0.0077    0.0008    0.0000 |
    9.290    16    16    16.0    160 102091 |   10  9291    0.0080    0.0008    0.0000 |
    9.300    16    16    16.0    160 102251 |   10  9301    0.0076    0.0008    0.0000 |
    9.310    16    16    16.0    160 102411 |   10  9311    0.0076    0.0008    0.0000 |
    9.320    16    16    16.0    160 102571 |   10  9321    0.0075    0.0007    0.0000 |
    9.330    16    16    16.0    160 102731 |   10  9331    0.0076    0.0008    0.0000 |
    9.340    16    16    16.0    160 102891 |   10  9341    0.0079    0.0008    0.0000 |
    9.350    16    16    16.0    160 103051 |   10  9351    0.0072    0.0007    0.0000 |
    9.360    16    16    16.0    160 103211 |   10  9361    0.0078    0.0008    0.0000 |
    9.370    16    16    16.0    160 103371 |   10  9371    0.0077    0.0008    0.0000 |
    9.380    16    16    16.0    160 103531 |   10  9381    0.0078    0.0008    0.0000 |
    9.390    16    16    16.0    160 103691 |   10  9391    0.0079    0.0008    0.0000 |
    9.400    16    16    16.0    160 103851 |   10  9401    0.0079    0.0008    0.0000 |
    9.410    16    16    16.0    160 104011 |   10  9411    0.0077    0.0008    0.0000 |
    9.420    16    16    16.0    160 104171 |   10  9421    0.0077    0.0008    0.0000 |
    9.430    16    16    16.0    160 104331 |   10  9431    0.0081    0.0008    0.0001 |
    9.440    16    16    16.0    160 104491 |   10  9441    0.0076    0.0008    0.0000 |
    9.450    16    16    16.0    160 104651 |   10  9451    0.0072    0.0007    0.0000 |
    9.460    16    16    16.0    160 104811 |   10  9461    0.0076    0.0008    0.0000 |
    9.470    16    16    16.0    160 104971 |   10  9471    0.0077    0.0008    0.0000 |
    9.480    16    16    16.0    160 105131 |   10  9481    0.0080    0.0008    0.0000 |
    9.490    16    16    16.0    160 105291 |   10  9491    0.0077    0.0008    0.0000 |
    9.500    16    16    16.0    160 105451 |   10  9501    0.0082    0.0008    0.0001 |
    9.510    16    16    16.0    160 105611 |   10  9511    0.0077    0.0008    0.0000 |
    9.520    15    16    15.3    153 105764 |   10  9521    0.0072    0.0007    0.0000 |
    9.530    15    15    15.0    150 105914 |   10  9531    0.0074    0.0007    0.0000 |
    9.540    15    15    15.0    150 106064 |   10  9541    0.0075    0.0007    0.0000 |
    9.550    15    15    15.0    150 106214 |   10  9551    0.0072    0.0007    0.0000 |
    9.560    15    15    15.0    150 106364 |   10  9561    0.0071    0.0007    0.0000 |
    9.570    15    15    15.0    150 106514 |   10  9571    0.0073    0.0007    0.0000 |
    9.580    15    15    15.0    150 106664 |   10  9581    0.0073    0.0007    0.0000 |
    9.590    15    15    15.0    150 106814 |   10  9591    0.0074    0.0007    0.0000 |
    9.600    15    15    15.0    150 106964 |   10  9601    0.0076    0.0008    0.0001 |
    9.610    15    15    15.0    150 107114 |   10  9611    0.0072    0.0007    0.0000 |
    9.620    15    15    15.0    150 107264 |   10  9621    0.0072    0.0007    0.0000 |
    9.630    15    15    15.0    150 107414 |   10  9631    0.0081    0.0008    0.0001 |
    9.640    15    15    15.0    150 107564 |   10  9641    0.0074    0.0007    0.0000 |
    9.650    15    15    15.0    150 107714 |   10  9651    0.0070    0.0007    0.0000 |
    9.660    15    15    15.0    150 107864 |   10  9661    0.0078    0.0008    0.0001 |
    9.670    15    15    15.0    150 108014 |   10  9671    0.0075    0.0008    0.0001 |
    9.680    15    15    15.0    150 108164 |   10  9681    0.0073    0.0007    0.0000 |
    9.690    15    15    15.0    150 108314 |   10  9691    0.0074    0.0007    0.0000 |
    9.700    15    15    15.0    150 108464 |   10  9701    0.0072    0.0007    0.0000 |
    9.710    15    15    15.0    150 108614 |   10  9711    0.0071    0.0007    0.0000 |
    9.720    15    15    15.0    150 108764 |   10  9721    0.0070    0.0007    0.0000 |
    9.730    15    15    15.0    150 108914 |   10  9731    0.0072    0.0007    0.0000 |
    9.740    15    15    15.0    150 109064 |   10  9741    0.0074    0.0007    0.0000 |
    9.750    15    15    15.0    150 109214 |   10  9751    0.0074    0.0007    0.0000 |
    9.760    15    15    15.0    150 109364 |   10  9761    0.0070    0.0007    0.0000 |
    9.770    15    15    15.0    150 109514 |   10  9771    0.0077    0.0008    0.0001 |
    9.780    15    15    15.0    150 109664 |   10  9781    0.0074    0.0007    0.0000 |
    9.790    15    15    15.0    150 109814 |   10  9791    0.0078    0.0008    0.0001 |
    9.800    15    15    15.0    150 109964 |   10  9801    0.0073    0.0007    0.0000 |
    9.810    15    15    15.0    150 110114 |   10  9811    0.0078    0.0008    0.0001 |
    9.820    15    15    15.0    150 110264 |   10  9821    0.0073    0.0007    0.0000 |
    9.830    15    15    15.0    150 110414 |   10  9831    0.0077    0.0008    0.0001 |
    9.840    15    15    15.0    150 110564 |   10  9841    0.0075    0.0008    0.0001 |
    9.850    15    15    15.0    150 110714 |   10  9851    0.0075    0.0007    0.0000 |
    9.860    15    15    15.0    150 110864 |   10  9861    0.0072    0.0007    0.0000 |
    9.870    15    15    15.0    150 111014 |   10  9871    0.0074    0.0007    0.0000 |
    9.880    15    15    15.0    150 111164 |   10  9881    0.0069    0.0007    0.0000 |
    9.890    15    15    15.0    150 111314 |   10  9891    0.0073    0.0007    0.0000 |
    9.900    15    15    15.0    150 111464 |   10  9901    0.0069    0.0007    0.0000 |
    9.910    15    15    15.0    150 111614 |   10  9911    0.0075    0.0007    0.0000 |
    9.920    15    15    15.0    150 111764 |   10  9921    0.0076    0.0008    0.0001 |
    9.930    15    15    15.0    150 111914 |   10  9931    0.0073    0.0007    0.0000 |
    9.940    15    15    15.0    150 112064 |   10  9941    0.0075    0.0007    0.0000 |
    9.950    15    15    15.0    150 112214 |   10  9951    0.0077    0.0008    0.0001 |
    9.960    15    15    15.0    150 112364 |   10  9961    0.0075    0.0007    0.0000 |
    9.970    15    15    15.0    150 112514 |   10  9971    0.0074    0.0007    0.0000 |
    9.980    15    15    15.0    150 112664 |   10  9981    0.0072    0.0007    0.0000 |
    9.990    15    15    15.0    150 112814 |   10  9991    0.0073    0.0007    0.0000 |
   10.000    15    15    15.0    150 112964 |   10 10001    0.0073    0.0007    0.0000 |
