          ----- ----- -------  -----  ----- | ---- ----- --------- --------- --------- |
          mn it mx it  avg it    its  ttits |   ss    ts        st      stps     stpit |
    0.000     0     0     0.0      0      0 |    1     1    0.0000    0.0000    0.0000 |
    0.050     0     0     0.0      0      0 |   50    51    0.0019    0.0000    0.0000 |
    0.100     0     0     0.0      0      0 |   50   101    0.0019    0.0000    0.0000 |
    0.150     0     0     0.0      0      0 |   50   151    0.0018    0.0000    0.0000 |
    0.200     0     0     0.0      0      0 |   50   201    0.0018    0.0000    0.0000 |
    0.250     0     0     0.0      0      0 |   50   251    0.0017    0.0000    0.0000 |
    0.300     0     0     0.0      0      0 |   50   301    0.0018    0.0000    0.0000 |
    0.350     0     0     0.0      0      0 |   50   351    0.0017    0.0000    0.0000 |
    0.400     0     0     0.0      0      0 |   50   401    0.0017    0.0000    0.0000 |
    0.450     0     0     0.0      0      0 |   50   451    0.0018    0.0000    0.0000 |
    0.500     0     0     0.0      0      0 |   50   501    0.0017    0.0000    0.0000 |
    0.550     0     0     0.0      0      0 |   50   551    0.0018    0.0000    0.0000 |
    0.600     0     0     0.0      0      0 |   50   601    0.0017    0.0000    0.0000 |
    0.650     0     0     0.0      0      0 |   50   651    0.0017    0.0000    0.0000 |
    0.700     0     0     0.0      0      0 |   50   701    0.0018    0.0000    0.0000 |
    0.750     0     0     0.0      0      0 |   50   751    0.0017    0.0000    0.0000 |
    0.800     0     0     0.0      0      0 |   50   801    0.0017    0.0000    0.0000 |
    0.850     0     0     0.0      0      0 |   50   851    0.0019    0.0000    0.0000 |
    0.900     0     0     0.0      0      0 |   50   901    0.0018    0.0000    0.0000 |
    0.950     0     0     0.0      0      0 |   50   951    0.0017    0.0000    0.0000 |
    1.000     0     0     0.0      0      0 |   50  1001    0.0020    0.0000    0.0000 |
    1.050     0     0     0.0      0      0 |   50  1051    0.0017    0.0000    0.0000 |
    1.100     0     0     0.0      0      0 |   50  1101    0.0019    0.0000    0.0000 |
    1.150     0     0     0.0      0      0 |   50  1151    0.0017    0.0000    0.0000 |
    1.200     0     0     0.0      0      0 |   50  1201    0.0017    0.0000    0.0000 |
    1.250     0     0     0.0      0      0 |   50  1251    0.0016    0.0000    0.0000 |
    1.300     0     0     0.0      0      0 |   50  1301    0.0018    0.0000    0.0000 |
    1.350     0     0     0.0      0      0 |   50  1351    0.0018    0.0000    0.0000 |
    1.400     0     0     0.0      0      0 |   50  1401    0.0017    0.0000    0.0000 |
    1.450     0     0     0.0      0      0 |   50  1451    0.0018    0.0000    0.0000 |
    1.500     0     0     0.0      0      0 |   50  1501    0.0019    0.0000    0.0000 |
    1.550     0     0     0.0      0      0 |   50  1551    0.0018    0.0000    0.0000 |
    1.600     0     0     0.0      0      0 |   50  1601    0.0017    0.0000    0.0000 |
    1.650     0     0     0.0      0      0 |   50  1651    0.0018    0.0000    0.0000 |
    1.700     0     0     0.0      0      0 |   50  1701    0.0018    0.0000    0.0000 |
    1.750     0     0     0.0      0      0 |   50  1751    0.0019    0.0000    0.0000 |
    1.800     0     0     0.0      0      0 |   50  1801    0.0019    0.0000    0.0000 |
    1.850     0     0     0.0      0      0 |   50  1851    0.0017    0.0000    0.0000 |
    1.900     0     0     0.0      0      0 |   50  1901    0.0017    0.0000    0.0000 |
    1.950     0     0     0.0      0      0 |   50  1951    0.0018    0.0000    0.0000 |
    2.000     0     0     0.0      0      0 |   50  2001    0.0017    0.0000    0.0000 |
    2.050    43    66    52.4   2622   2622 |   50  2051    1.4774    0.0295    0.0006 |
    2.100    31    43    40.6   2030   4652 |   50  2101    1.1328    0.0227    0.0006 |
    2.150    39    41    40.3   2017   6669 |   50  2151    1.1210    0.0224    0.0006 |
    2.200    40    47    41.2   2060   8729 |   50  2201    1.1431    0.0229    0.0006 |
    2.250    40    50    47.1   2353  11082 |   50  2251    1.3007    0.0260    0.0006 |
    2.300    50    64    61.4   3071  14153 |   50  2301    1.6787    0.0336    0.0005 |
    2.350    48    63    57.2   2860  17013 |   50  2351    1.5738    0.0315    0.0006 |
    2.400    55    66    60.8   3040  20053 |   50  2401    1.7045    0.0341    0.0006 |
    2.450    58    70    62.8   3142  23195 |   50  2451    1.8380    0.0368    0.0006 |
    2.500    58    72    65.8   3289  26484 |   50  2501    1.9071    0.0381    0.0006 |
    2.550    52    72    62.8   3138  29622 |   50  2551    1.7247    0.0345    0.0005 |
    2.600    54    66    59.7   2986  32608 |   50  2601    1.6347    0.0327    0.0005 |
    2.650    56    69    63.6   3182  35790 |   50  2651    1.7405    0.0348    0.0005 |
    2.700    54    65    62.6   3131  38921 |   50  2701    1.7102    0.0342    0.0005 |
    2.750    58    64    61.8   3088  42009 |   50  2751    1.6921    0.0338    0.0005 |
    2.800    60    65    63.3   3167  45176 |   50  2801    1.7314    0.0346    0.0005 |
    2.850    64    69    67.3   3366  48542 |   50  2851    1.8415    0.0368    0.0005 |
    2.900    58    69    66.8   3340  51882 |   50  2901    1.8242    0.0365    0.0005 |
    2.950    60    69    64.6   3229  55111 |   50  2951    1.7760    0.0355    0.0006 |
    3.000    59    63    62.1   3103  58214 |   50  3001    1.6986    0.0340    0.0005 |
    3.050    61    67    65.1   3256  61470 |   50  3051    1.7923    0.0358    0.0006 |
    3.100    62    69    66.6   3330  64800 |   50  3101    1.8193    0.0364    0.0005 |
    3.150    62    69    65.9   3293  68093 |   50  3151    1.7995    0.0360    0.0005 |
    3.200    62    72    68.9   3446  71539 |   50  3201    1.8773    0.0375    0.0005 |
    3.250    62    69    66.4   3321  74860 |   50  3251    1.8437    0.0369    0.0006 |
    3.300    66    70    68.1   3403  78263 |   50  3301    1.9441    0.0389    0.0006 |
    3.350    58    69    65.1   3255  81518 |   50  3351    1.7781    0.0356    0.0005 |
    3.400    62    66    64.2   3211  84729 |   50  3401    1.7586    0.0352    0.0005 |
    3.450    63    69    68.4   3420  88149 |   50  3451    1.8603    0.0372    0.0005 |
    3.500    59    72    66.1   3305  91454 |   50  3501    1.8025    0.0360    0.0005 |
    3.550    57    68    66.1   3303  94757 |   50  3551    1.8051    0.0361    0.0005 |
    3.600    56    74    66.7   3334  98091 |   50  3601    1.8179    0.0364    0.0005 |
    3.650    59    69    67.4   3368 101459 |   50  3651    1.8362    0.0367    0.0005 |
    3.700    65    73    69.7   3484 104943 |   50  3701    1.9035    0.0381    0.0005 |
    3.750    69    75    71.2   3562 108505 |   50  3751    1.9389    0.0388    0.0005 |
    3.800    65    75    71.5   3575 112080 |   50  3801    1.9605    0.0392    0.0005 |
    3.850    61    72    65.4   3272 115352 |   50  3851    1.7921    0.0358    0.0005 |
    3.900    60    72    66.5   3324 118676 |   50  3901    1.8141    0.0363    0.0005 |
    3.950    65    73    70.0   3498 122174 |   50  3951    1.9089    0.0382    0.0005 |
    4.000    66    76    71.3   3565 125739 |   50  4001    1.9462    0.0389    0.0005 |
    4.050    65    76    74.4   3721 129460 |   50  4051    2.0639    0.0413    0.0006 |
    4.100    70    76    73.0   3650 133110 |   50  4101    2.0727    0.0415    0.0006 |
    4.150    59    73    67.4   3369 136479 |   50  4151    1.8441    0.0369    0.0005 |
    4.200    61    72    67.5   3375 139854 |   50  4201    1.8433    0.0369    0.0005 |
    4.250    61    69    64.1   3204 143058 |   50  4251    1.7531    0.0351    0.0005 |
    4.300    61    72    65.5   3276 146334 |   50  4301    1.7904    0.0358    0.0005 |
    4.350    62    73    67.4   3368 149702 |   50  4351    1.8351    0.0367    0.0005 |
    4.400    62    75    67.5   3375 153077 |   50  4401    1.8405    0.0368    0.0005 |
    4.450    60    76    70.2   3508 156585 |   50  4451    1.9160    0.0383    0.0005 |
    4.500    58    70    63.7   3183 159768 |   50  4501    1.7438    0.0349    0.0005 |
    4.550    60    72    65.6   3280 163048 |   50  4551    1.7934    0.0359    0.0005 |
    4.600    59    72    63.7   3183 166231 |   50  4601    1.7535    0.0351    0.0006 |
    4.650    61    74    67.2   3359 169590 |   50  4651    1.8404    0.0368    0.0005 |
    4.700    66    70    68.0   3398 172988 |   50  4701    1.8701    0.0374    0.0006 |
    4.750    58    73    67.3   3364 176352 |   50  4751    1.8357    0.0367    0.0005 |
    4.800    59    67    65.4   3268 179620 |   50  4801    1.7821    0.0356    0.0005 |
    4.850    61    67    64.8   3241 182861 |   50  4851    1.8354    0.0367    0.0006 |
    4.900    59    63    62.2   3110 185971 |   50  4901    1.7700    0.0354    0.0006 |
    4.950    61    67    63.5   3176 189147 |   50  4951    1.7460    0.0349    0.0005 |
    5.000    61    66    62.9   3147 192294 |   50  5001    1.7274    0.0345    0.0005 |
    5.050    62    69    67.0   3348 195642 |   50  5051    1.8290    0.0366    0.0005 |
    5.100    61    71    67.0   3349 198991 |   50  5101    1.8350    0.0367    0.0005 |
    5.150    62    69    65.9   3297 202288 |   50  5151    1.8267    0.0365    0.0006 |
    5.200    59    72    64.8   3242 205530 |   50  5201    1.7713    0.0354    0.0005 |
    5.250    58    68    63.5   3173 208703 |   50  5251    1.7361    0.0347    0.0005 |
    5.300    55    67    64.9   3246 211949 |   50  5301    1.7696    0.0354    0.0005 |
    5.350    65    66    66.0   3299 215248 |   50  5351    1.8012    0.0360    0.0005 |
    5.400    65    72    66.7   3336 218584 |   50  5401    1.8193    0.0364    0.0005 |
    5.450    65    73    68.7   3436 222020 |   50  5451    1.8736    0.0375    0.0005 |
    5.500    63    73    69.4   3471 225491 |   50  5501    1.8924    0.0378    0.0005 |
    5.550    65    74    70.9   3543 229034 |   50  5551    1.9461    0.0389    0.0005 |
    5.600    61    72    67.0   3348 232382 |   50  5601    1.8259    0.0365    0.0005 |
    5.650    59    65    62.9   3145 235527 |   50  5651    1.7597    0.0352    0.0006 |
    5.700    62    68    66.3   3316 238843 |   50  5701    1.8880    0.0378    0.0006 |
    5.750    59    68    65.1   3253 242096 |   50  5751    1.7809    0.0356    0.0005 |
    5.800    60    72    67.4   3369 245465 |   50  5801    1.8426    0.0369    0.0005 |
    5.850    59    72    66.5   3327 248792 |   50  5851    1.8133    0.0363    0.0005 |
    5.900    59    66    62.4   3121 251913 |   50  5901    1.7070    0.0341    0.0005 |
    5.950    59    71    67.1   3356 255269 |   50  5951    1.8277    0.0366    0.0005 |
    6.000    58    65    62.7   3137 258406 |   50  6001    1.7131    0.0343    0.0005 |
    6.050    59    65    64.0   3201 261607 |   50  6051    1.7620    0.0352    0.0006 |
    6.100    58    68    62.9   3147 264754 |   50  6101    1.7277    0.0346    0.0005 |
    6.150    62    68    63.2   3159 267913 |   50  6151    1.7402    0.0348    0.0006 |
    6.200    59    66    64.3   3215 271128 |   50  6201    1.7588    0.0352    0.0005 |
    6.250    58    69    63.1   3154 274282 |   50  6251    1.7307    0.0346    0.0005 |
    6.300    59    70    62.4   3120 277402 |   50  6301    1.7063    0.0341    0.0005 |
    6.350    59    65    63.6   3182 280584 |   50  6351    1.7410    0.0348    0.0005 |
    6.400    61    65    62.0   3099 283683 |   50  6401    1.6971    0.0339    0.0005 |
    6.450    54    62    60.3   3013 286696 |   50  6451    1.6675    0.0334    0.0006 |
    6.500    58    65    61.6   3080 289776 |   50  6501    1.7727    0.0355    0.0006 |
    6.550    62    69    66.6   3328 293104 |   50  6551    1.8565    0.0371    0.0006 |
    6.600    62    69    67.0   3352 296456 |   50  6601    1.8267    0.0365    0.0005 |
    6.650    61    69    65.3   3264 299720 |   50  6651    1.7809    0.0356    0.0005 |
    6.700    61    69    67.0   3351 303071 |   50  6701    1.8314    0.0366    0.0005 |
    6.750    61    66    63.7   3186 306257 |   50  6751    1.7420    0.0348    0.0005 |
    6.800    58    70    66.8   3340 309597 |   50  6801    1.8268    0.0365    0.0005 |
    6.850    55    66    62.7   3135 312732 |   50  6851    1.7239    0.0345    0.0005 |
    6.900    58    68    64.0   3201 315933 |   50  6901    1.7484    0.0350    0.0005 |
    6.950    63    73    68.3   3417 319350 |   50  6951    1.8677    0.0374    0.0005 |
    7.000    63    74    68.9   3444 322794 |   50  7001    1.8740    0.0375    0.0005 |
    7.050    64    76    70.5   3523 326317 |   50  7051    1.9196    0.0384    0.0005 |
    7.100    62    76    68.6   3431 329748 |   50  7101    1.8741    0.0375    0.0005 |
    7.150    65    71    67.1   3355 333103 |   50  7151    1.8320    0.0366    0.0005 |
    7.200    64    72    68.9   3446 336549 |   50  7201    1.8820    0.0376    0.0005 |
    7.250    61    71    65.8   3291 339840 |   50  7251    1.8035    0.0361    0.0005 |
    7.300    61    70    66.1   3303 343143 |   50  7301    1.8930    0.0379    0.0006 |
    7.350    64    75    71.2   3562 346705 |   50  7351    1.9801    0.0396    0.0006 |
    7.400    63    75    69.9   3493 350198 |   50  7401    1.9064    0.0381    0.0005 |
    7.450    62    72    68.7   3434 353632 |   50  7451    1.8773    0.0375    0.0005 |
    7.500    61    67    63.7   3187 356819 |   50  7501    1.7509    0.0350    0.0005 |
    7.550    61    68    64.6   3231 360050 |   50  7551    1.7692    0.0354    0.0005 |
    7.600    62    70    67.8   3390 363440 |   50  7601    1.8511    0.0370    0.0005 |
    7.650    65    69    67.5   3374 366814 |   50  7651    1.8392    0.0368    0.0005 |
    7.700    64    72    68.4   3422 370236 |   50  7701    1.8761    0.0375    0.0005 |
    7.750    65    72    70.8   3539 373775 |   50  7751    1.9343    0.0387    0.0005 |
    7.800    65    73    69.2   3459 377234 |   50  7801    1.8831    0.0377    0.0005 |
    7.850    65    73    69.7   3486 380720 |   50  7851    1.9000    0.0380    0.0005 |
    7.900    65    71    68.4   3421 384141 |   50  7901    1.8666    0.0373    0.0005 |
    7.950    65    69    68.1   3405 387546 |   50  7951    1.8562    0.0371    0.0005 |
    8.000    65    71    69.2   3459 391005 |   50  8001    1.8906    0.0378    0.0005 |
    8.050    65    72    68.4   3420 394425 |   50  8051    1.8915    0.0378    0.0006 |
    8.100    61    71    67.2   3358 397783 |   50  8101    1.9270    0.0385    0.0006 |
    8.150    65    71    68.5   3425 401208 |   50  8151    1.8883    0.0378    0.0006 |
    8.200    65    69    67.2   3359 404567 |   50  8201    1.8340    0.0367    0.0005 |
    8.250    67    70    68.2   3411 407978 |   50  8251    1.8641    0.0373    0.0005 |
    8.300    64    70    68.1   3407 411385 |   50  8301    1.8572    0.0371    0.0005 |
    8.350    68    71    69.0   3452 414837 |   50  8351    1.8838    0.0377    0.0005 |
    8.400    61    68    66.4   3320 418157 |   50  8401    1.8135    0.0363    0.0005 |
    8.450    58    61    60.3   3016 421173 |   50  8451    1.6545    0.0331    0.0005 |
    8.500    58    64    60.6   3032 424205 |   50  8501    1.6643    0.0333    0.0005 |
    8.550    56    62    58.9   2947 427152 |   50  8551    1.6168    0.0323    0.0005 |
    8.600    57    63    59.1   2953 430105 |   50  8601    1.6177    0.0324    0.0005 |
    8.650    58    64    60.8   3042 433147 |   50  8651    1.6646    0.0333    0.0005 |
    8.700    57    61    59.2   2960 436107 |   50  8701    1.6226    0.0325    0.0005 |
    8.750    57    60    58.7   2933 439040 |   50  8751    1.6113    0.0322    0.0005 |
    8.800    57    62    60.8   3041 442081 |   50  8801    1.6640    0.0333    0.0005 |
    8.850    57    61    60.3   3014 445095 |   50  8851    1.6524    0.0330    0.0005 |
    8.900    57    62    58.7   2934 448029 |   50  8901    1.6389    0.0328    0.0006 |
    8.950    54    62    58.9   2946 450975 |   50  8951    1.6971    0.0339    0.0006 |
    9.000    55    62    58.4   2919 453894 |   50  9001    1.5975    0.0320    0.0005 |
    9.050    55    58    55.2   2762 456656 |   50  9051    1.5175    0.0303    0.0005 |
    9.100    53    58    56.8   2840 459496 |   50  9101    1.5737    0.0315    0.0006 |
    9.150    49    54    51.3   2565 462061 |   50  9151    1.4134    0.0283    0.0006 |
    9.200    47    50    48.3   2415 464476 |   50  9201    1.3368    0.0267    0.0006 |
    9.250    46    49    47.6   2381 466857 |   50  9251    1.3181    0.0264    0.0006 |
    9.300    46    47    46.1   2303 469160 |   50  9301    1.2753    0.0255    0.0006 |
    9.350    44    46    45.1   2256 471416 |   50  9351    1.2513    0.0250    0.0006 |
    9.400    45    49    46.2   2308 473724 |   50  9401    1.2741    0.0255    0.0006 |
    9.450    49    49    49.0   2450 476174 |   50  9451    1.3563    0.0271    0.0006 |
    9.500    46    49    47.9   2394 478568 |   50  9501    1.3250    0.0265    0.0006 |
    9.550    45    46    45.7   2285 480853 |   50  9551    1.2664    0.0253    0.0006 |
    9.600    42    45    43.5   2176 483029 |   50  9601    1.2080    0.0242    0.0006 |
    9.650    42    43    42.9   2144 485173 |   50  9651    1.1900    0.0238    0.0006 |
    9.700    42    43    42.8   2138 487311 |   50  9701    1.1875    0.0238    0.0006 |
    9.750    42    43    42.6   2132 489443 |   50  9751    1.1802    0.0236    0.0006 |
    9.800    42    43    42.1   2104 491547 |   50  9801    1.1670    0.0233    0.0006 |
    9.850    38    42    39.3   1963 493510 |   50  9851    1.0956    0.0219    0.0006 |
    9.900    35    38    37.2   1861 495371 |   50  9901    1.0418    0.0208    0.0006 |
    9.950    35    36    35.5   1776 497147 |   50  9951    0.9969    0.0199    0.0006 |
   10.000    35    36    35.0   1752 498899 |   50 10001    0.9846    0.0197    0.0006 |
