-1
2.25923
2.25923
-1
-1
2.63751
2.63785
-1
-1
3.0189
3.01925
-1
-1
3.39902
3.39936
-1
-1
3.77913
3.77945
-1
-1
4.15925
4.15959
-1
-1
4.53927
4.5396
-1
-1
4.91935
4.91969
-1
-1
5.29907
5.29939
-1
-1
5.6793
5.67964
-1
-1
6.05867
6.05901
-1
-1
6.43877
6.43911
-1
-1
6.81852
6.81885
-1
-1
7.19814
7.19847
-1
-1
7.57774
7.57807
-1
-1
7.95783
7.95818
-1
-1
8.33776
8.3381
-1
-1
8.71722
8.71756
-1
-1
9.08865
9.08865
-1
2.25993
2.26202
2.26473
2.26797
2.27145
2.27518
2.27907
2.28297
2.28672
2.29059
2.29431
2.29788
2.30099
2.30391
2.30709
2.31039
2.3137
2.31667
2.31991
2.3233
2.32646
2.32952
2.33291
2.33612
2.33958
2.34315
2.34641
2.34953
2.35298
2.35658
2.35984
2.36333
2.36663
2.36989
2.3731
2.37632
2.3795
2.38263
2.38608
2.38962
2.39279
2.3958
2.39909
2.40253
2.40601
2.40946
2.4126
2.416
2.41916
2.4226
2.42612
2.42933
2.43241
2.4358
2.439
2.44244
2.44597
2.44917
2.45223
2.45559
2.45907
2.46222
2.46556
2.46906
2.47264
2.47592
2.47912
2.4823
2.48546
2.48856
2.49196
2.49542
2.49852
2.50181
2.50518
2.50862
2.51208
2.51557
2.51877
2.52186
2.52527
2.52848
2.53193
2.53511
2.53854
2.54173
2.54518
2.54836
2.55184
2.55542
2.55871
2.5619
2.56506
2.56825
2.57181
2.57513
2.57834
2.58145
2.58451
2.58787
2.5913
2.59474
2.59818
2.60169
2.60493
2.60809
2.61125
2.61479
2.6181
2.6213
2.62479
2.62809
2.63129
2.63441
-1
-1
-1
-1
-1
-1
-1
-1
-1
-1
-1
-1
-1
-1
-1
-1
-1
-1
-1
-1
-1
-1
-1
-1
-1
-1
-1
-1
-1
-1
-1
-1
-1
-1
-1
-1
-1
-1
-1
-1
-1
-1
-1
-1
-1
-1
-1
-1
-1
-1
-1
-1
-1
-1
-1
-1
-1
-1
-1
-1
-1
-1
-1
-1
-1
-1
-1
-1
-1
-1
-1
-1
-1
-1
-1
-1
-1
-1
-1
-1
-1
-1
-1
-1
-1
-1
-1
-1
-1
-1
-1
-1
-1
-1
-1
-1
-1
-1
-1
-1
-1
-1
-1
-1
-1
-1
-1
-1
-1
-1
-1
-1
-1
-1
2.64129
2.64482
2.64802
2.65141
2.65454
2.65795
2.66144
2.66467
2.66814
2.67139
2.67457
2.67769
2.68116
2.68439
2.68786
2.69141
2.6947
2.69788
2.70104
2.70417
2.70725
2.71063
2.7141
2.71758
2.72103
2.72416
2.72756
2.73076
2.73425
2.73749
2.74066
2.74413
2.74739
2.75053
2.75393
2.75709
2.76049
2.76398
2.76717
2.77059
2.77381
2.77732
2.78057
2.78376
2.78726
2.79053
2.7937
2.79679
2.80022
2.80341
2.80685
2.81036
2.81361
2.81709
2.82034
2.82351
2.82661
2.83007
2.83331
2.83678
2.84001
2.84352
2.84678
2.84995
2.85303
2.85646
2.86003
2.86324
2.86633
2.86972
2.87293
2.87636
2.87949
2.88289
2.88633
2.88944
2.89276
2.89621
2.89973
2.90295
2.90644
2.90977
2.91305
2.91629
2.91954
2.92275
2.92591
2.92902
2.93244
2.93599
2.9392
2.94263
2.94587
2.94939
2.95266
2.95583
2.95895
2.96243
2.96567
2.9688
2.97222
2.97581
2.97908
2.98217
2.9852
2.98855
2.99203
2.99549
2.9986
3.00198
3.0055
3.00873
3.01183
3.01527
-1
-1
-1
-1
-1
-1
-1
-1
-1
-1
-1
-1
-1
-1
-1
-1
-1
-1
-1
-1
-1
-1
-1
-1
-1
-1
-1
-1
-1
-1
-1
-1
-1
-1
-1
-1
-1
-1
-1
-1
-1
-1
-1
-1
-1
-1
-1
-1
-1
-1
-1
-1
-1
-1
-1
-1
-1
-1
-1
-1
-1
-1
-1
-1
-1
-1
-1
-1
-1
-1
-1
-1
-1
-1
-1
-1
-1
-1
-1
-1
-1
-1
-1
-1
-1
-1
-1
-1
-1
-1
-1
-1
-1
-1
-1
-1
-1
-1
-1
-1
-1
-1
-1
-1
-1
-1
-1
-1
-1
-1
-1
-1
-1
-1
3.02254
3.02572
3.02889
3.03206
3.0352
3.03863
3.0418
3.04519
3.04866
3.05217
3.05534
3.05879
3.06203
3.06519
3.06829
3.07173
3.07494
3.07838
3.08191
3.0851
3.08815
3.0915
3.09503
3.09824
3.10166
3.10484
3.10794
3.11131
3.11481
3.11797
3.1213
3.12478
3.12837
3.13164
3.13485
3.13808
3.14132
3.14454
3.14773
3.15123
3.15449
3.15802
3.16129
3.16451
3.16767
3.17085
3.17437
3.17764
3.18078
3.18418
3.18736
3.1908
3.19433
3.19756
3.20067
3.20373
3.20715
3.21068
3.21387
3.21726
3.22077
3.224
3.22711
3.23056
3.23382
3.23698
3.24041
3.24364
3.24712
3.25032
3.25379
3.25699
3.26011
3.26351
3.26672
3.27017
3.27334
3.27681
3.2804
3.28369
3.28687
3.29001
3.29313
3.29619
3.29955
3.30301
3.30648
3.30994
3.31309
3.31648
3.31965
3.3231
3.32625
3.32931
3.33264
3.33612
3.33964
3.34318
3.34643
3.34959
3.35271
3.35583
3.35931
3.36293
3.36622
3.3694
3.37254
3.37568
3.37915
3.38234
3.38577
3.38928
3.39249
3.39559
-1
-1
-1
-1
-1
-1
-1
-1
-1
-1
-1
-1
-1
-1
-1
-1
-1
-1
-1
-1
-1
-1
-1
-1
-1
-1
-1
-1
-1
-1
-1
-1
-1
-1
-1
-1
-1
-1
-1
-1
-1
-1
-1
-1
-1
-1
-1
-1
-1
-1
-1
-1
-1
-1
-1
-1
-1
-1
-1
-1
-1
-1
-1
-1
-1
-1
-1
-1
-1
-1
-1
-1
-1
-1
-1
-1
-1
-1
-1
-1
-1
-1
-1
-1
-1
-1
-1
-1
-1
-1
-1
-1
-1
-1
-1
-1
-1
-1
-1
-1
-1
-1
-1
-1
-1
-1
-1
-1
-1
-1
-1
-1
-1
-1
3.40261
3.40611
3.40934
3.41249
3.41593
3.41911
3.42216
3.42545
3.42888
3.43233
3.43575
3.43887
3.44223
3.44532
3.44867
3.45207
3.45553
3.459
3.46215
3.46521
3.46858
3.47174
3.47511
3.47854
3.48199
3.48506
3.48835
3.4918
3.4953
3.49845
3.50148
3.50484
3.50837
3.51192
3.51509
3.51815
3.52152
3.5247
3.52813
3.53164
3.53489
3.53839
3.54169
3.54493
3.54811
3.5513
3.55486
3.5582
3.56144
3.56463
3.56783
3.57103
3.57453
3.57779
3.58091
3.58427
3.5874
3.59077
3.59423
3.59774
3.60091
3.60397
3.60737
3.61095
3.61419
3.61766
3.62092
3.62413
3.62727
3.63042
3.6339
3.63715
3.64062
3.64384
3.64732
3.65053
3.65367
3.65712
3.66035
3.66348
3.66693
3.67055
3.67387
3.67706
3.6802
3.68332
3.68637
3.6897
3.69313
3.69656
3.69996
3.70303
3.70633
3.70976
3.71325
3.71674
3.71993
3.72302
3.72606
3.72947
3.73298
3.73615
3.73953
3.74302
3.74622
3.74964
3.75281
3.7559
3.75929
3.76284
3.76609
3.76957
3.77283
3.77603
-1
-1
-1
-1
-1
-1
-1
-1
-1
-1
-1
-1
-1
-1
-1
-1
-1
-1
-1
-1
-1
-1
-1
-1
-1
-1
-1
-1
-1
-1
-1
-1
-1
-1
-1
-1
-1
-1
-1
-1
-1
-1
-1
-1
-1
-1
-1
-1
-1
-1
-1
-1
-1
-1
-1
-1
-1
-1
-1
-1
-1
-1
-1
-1
-1
-1
-1
-1
-1
-1
-1
-1
-1
-1
-1
-1
-1
-1
-1
-1
-1
-1
-1
-1
-1
-1
-1
-1
-1
-1
-1
-1
-1
-1
-1
-1
-1
-1
-1
-1
-1
-1
-1
-1
-1
-1
-1
-1
-1
-1
-1
-1
-1
-1
3.7825
3.78583
3.78926
3.7927
3.79616
3.79968
3.80295
3.80614
3.80931
3.81249
3.81601
3.81927
3.82239
3.82542
3.82879
3.83228
3.83577
3.8389
3.84225
3.84533
3.84867
3.85209
3.85557
3.85909
3.86232
3.86547
3.8686
3.87171
3.87514
3.87864
3.8818
3.88516
3.88864
3.89188
3.89536
3.89864
3.90186
3.90502
3.90816
3.91161
3.91481
3.91824
3.92178
3.92503
3.92815
3.93124
3.93468
3.93788
3.9413
3.94478
3.94797
3.95136
3.9545
3.95755
3.96087
3.96432
3.96782
3.9713
3.97445
3.9775
3.98088
3.98442
3.98765
3.99112
3.99437
3.99755
4.0007
4.0042
4.00745
4.01056
4.01391
4.01702
4.02034
4.02373
4.02717
4.03059
4.03371
4.03707
4.04016
4.0435
4.04691
4.05036
4.05383
4.05699
4.06005
4.06347
4.06708
4.07035
4.07351
4.07702
4.08035
4.08359
4.08677
4.08996
4.09313
4.09663
4.09988
4.103
4.1064
4.10994
4.11312
4.11614
4.11947
4.12294
4.12606
4.12937
4.1328
4.13633
4.13988
4.14313
4.14631
4.14948
4.15265
4.15579
-1
-1
-1
-1
-1
-1
-1
-1
-1
-1
-1
-1
-1
-1
-1
-1
-1
-1
-1
-1
-1
-1
-1
-1
-1
-1
-1
-1
-1
-1
-1
-1
-1
-1
-1
-1
-1
-1
-1
-1
-1
-1
-1
-1
-1
-1
-1
-1
-1
-1
-1
-1
-1
-1
-1
-1
-1
-1
-1
-1
-1
-1
-1
-1
-1
-1
-1
-1
-1
-1
-1
-1
-1
-1
-1
-1
-1
-1
-1
-1
-1
-1
-1
-1
-1
-1
-1
-1
-1
-1
-1
-1
-1
-1
-1
-1
-1
-1
-1
-1
-1
-1
-1
-1
-1
-1
-1
-1
-1
-1
-1
-1
-1
-1
4.16281
4.16627
4.16986
4.17317
4.17635
4.17949
4.18261
4.18569
4.18908
4.19258
4.19609
4.19926
4.20269
4.20589
4.209
4.2124
4.21596
4.2192
4.22228
4.2253
4.22867
4.23217
4.23565
4.23877
4.2421
4.24514
4.24843
4.25177
4.25513
4.25846
4.26181
4.26521
4.26865
4.27179
4.27519
4.27872
4.28199
4.28512
4.28823
4.29172
4.29501
4.29853
4.30181
4.30502
4.30812
4.31119
4.31457
4.31809
4.32163
4.32482
4.32794
4.33141
4.33468
4.33785
4.34129
4.34453
4.34803
4.35126
4.3544
4.35749
4.36095
4.36454
4.36781
4.37091
4.37393
4.37729
4.38078
4.38427
4.38739
4.39039
4.39368
4.39712
4.40057
4.40402
4.4075
4.41067
4.41374
4.41675
4.42009
4.42354
4.42702
4.43046
4.43361
4.43702
4.4402
4.44364
4.4468
4.44985
4.45317
4.45664
4.46013
4.46326
4.46664
4.47018
4.4734
4.4765
4.47992
4.48316
4.48666
4.48989
4.49304
4.4961
4.49951
4.50303
4.50618
4.50953
4.51299
4.51618
4.5196
4.52277
4.52586
4.52924
4.53275
4.53593
-1
-1
-1
-1
-1
-1
-1
-1
-1
-1
-1
-1
-1
-1
-1
-1
-1
-1
-1
-1
-1
-1
-1
-1
-1
-1
-1
-1
-1
-1
-1
-1
-1
-1
-1
-1
-1
-1
-1
-1
-1
-1
-1
-1
-1
-1
-1
-1
-1
-1
-1
-1
-1
-1
-1
-1
-1
-1
-1
-1
-1
-1
-1
-1
-1
-1
-1
-1
-1
-1
-1
-1
-1
-1
-1
-1
-1
-1
-1
-1
-1
-1
-1
-1
-1
-1
-1
-1
-1
-1
-1
-1
-1
-1
-1
-1
-1
-1
-1
-1
-1
-1
-1
-1
-1
-1
-1
-1
-1
-1
-1
-1
-1
-1
4.54266
4.54596
4.54932
4.55274
4.55617
4.55964
4.56281
4.5659
4.56932
4.57293
4.57618
4.5793
4.58238
4.58581
4.58903
4.59248
4.59605
4.59933
4.60248
4.60556
4.6086
4.61194
4.61536
4.61879
4.6222
4.62528
4.62862
4.63212
4.63568
4.63891
4.64201
4.64509
4.64851
4.6517
4.65514
4.65866
4.66189
4.66499
4.66838
4.67157
4.67501
4.67853
4.68176
4.68486
4.68791
4.69132
4.69489
4.6985
4.70177
4.70498
4.70816
4.71136
4.71451
4.71762
4.72105
4.72459
4.72782
4.73125
4.73442
4.73751
4.74087
4.74435
4.74752
4.75087
4.75397
4.75735
4.76083
4.76436
4.76753
4.7706
4.77396
4.77711
4.78049
4.78398
4.78754
4.79078
4.79393
4.79704
4.80012
4.80351
4.80699
4.81047
4.81361
4.817
4.82018
4.82365
4.82689
4.83042
4.83371
4.83692
4.84004
4.84315
4.84661
4.85022
4.85349
4.85664
4.85974
4.86282
4.8662
4.86966
4.8731
4.87616
4.87945
4.88289
4.88638
4.88954
4.89295
4.89612
4.89918
4.90248
4.90592
4.90936
4.9128
4.91594
-1
-1
-1
-1
-1
-1
-1
-1
-1
-1
-1
-1
-1
-1
-1
-1
-1
-1
-1
-1
-1
-1
-1
-1
-1
-1
-1
-1
-1
-1
-1
-1
-1
-1
-1
-1
-1
-1
-1
-1
-1
-1
-1
-1
-1
-1
-1
-1
-1
-1
-1
-1
-1
-1
-1
-1
-1
-1
-1
-1
-1
-1
-1
-1
-1
-1
-1
-1
-1
-1
-1
-1
-1
-1
-1
-1
-1
-1
-1
-1
-1
-1
-1
-1
-1
-1
-1
-1
-1
-1
-1
-1
-1
-1
-1
-1
-1
-1
-1
-1
-1
-1
-1
-1
-1
-1
-1
-1
-1
-1
-1
-1
-1
-1
4.92287
4.92595
4.92932
4.93285
4.93639
4.93957
4.94266
4.9461
4.94933
4.95245
4.95588
4.95948
4.96276
4.9659
4.96898
4.97239
4.97558
4.97901
4.98252
4.98574
4.98884
4.99226
4.99549
4.99896
5.00214
5.00558
5.00879
5.01229
5.01555
5.01873
5.02187
5.02538
5.02865
5.0318
5.03522
5.03841
5.04185
5.04502
5.04846
5.05166
5.05514
5.05835
5.06147
5.06488
5.06805
5.07145
5.07492
5.07811
5.08152
5.08473
5.08825
5.09153
5.09473
5.09789
5.1014
5.10467
5.10781
5.11085
5.11425
5.11775
5.12093
5.12432
5.12784
5.13107
5.13414
5.13752
5.14069
5.14412
5.14763
5.15085
5.15394
5.15735
5.16057
5.16406
5.16765
5.17096
5.17417
5.17739
5.18066
5.18393
5.18717
5.19038
5.19352
5.19659
5.19993
5.20333
5.20673
5.21012
5.21355
5.21669
5.22011
5.22331
5.2268
5.23002
5.23314
5.23652
5.23968
5.2431
5.2466
5.24984
5.25332
5.25661
5.25983
5.26299
5.26613
5.26959
5.27281
5.27626
5.27941
5.28246
5.28578
5.28925
5.2927
5.29578
-1
-1
-1
-1
-1
-1
-1
-1
-1
-1
-1
-1
-1
-1
-1
-1
-1
-1
-1
-1
-1
-1
-1
-1
-1
-1
-1
-1
-1
-1
-1
-1
-1
-1
-1
-1
-1
-1
-1
-1
-1
-1
-1
-1
-1
-1
-1
-1
-1
-1
-1
-1
-1
-1
-1
-1
-1
-1
-1
-1
-1
-1
-1
-1
-1
-1
-1
-1
-1
-1
-1
-1
-1
-1
-1
-1
-1
-1
-1
-1
-1
-1
-1
-1
-1
-1
-1
-1
-1
-1
-1
-1
-1
-1
-1
-1
-1
-1
-1
-1
-1
-1
-1
-1
-1
-1
-1
-1
-1
-1
-1
-1
-1
-1
5.30278
5.30624
5.30971
5.31288
5.31596
5.31936
5.32255
5.32597
5.32908
5.33241
5.3358
5.33922
5.34228
5.34556
5.34896
5.35243
5.35592
5.35913
5.36262
5.36591
5.36913
5.3723
5.37545
5.37857
5.38198
5.38512
5.38846
5.39187
5.39531
5.39874
5.40185
5.40523
5.40877
5.41205
5.4152
5.41829
5.42137
5.42477
5.42827
5.43179
5.43532
5.43858
5.4418
5.44504
5.44832
5.45162
5.45491
5.45818
5.46142
5.46461
5.46775
5.4712
5.47441
5.47786
5.48105
5.48452
5.48777
5.49131
5.49462
5.49787
5.50105
5.50422
5.50735
5.5104
5.51375
5.51719
5.52064
5.5241
5.52762
5.53084
5.53397
5.53705
5.5401
5.54345
5.54691
5.55038
5.55384
5.55701
5.56044
5.56364
5.56675
5.57013
5.57329
5.5767
5.58019
5.58335
5.58636
5.58965
5.59307
5.59647
5.59984
5.60322
5.60628
5.6096
5.61307
5.6166
5.6198
5.6229
5.62632
5.62954
5.63298
5.63615
5.63958
5.64278
5.64626
5.64948
5.65262
5.65606
5.6593
5.66276
5.66592
5.66897
5.67229
5.67578
-1
-1
-1
-1
-1
-1
-1
-1
-1
-1
-1
-1
-1
-1
-1
-1
-1
-1
-1
-1
-1
-1
-1
-1
-1
-1
-1
-1
-1
-1
-1
-1
-1
-1
-1
-1
-1
-1
-1
-1
-1
-1
-1
-1
-1
-1
-1
-1
-1
-1
-1
-1
-1
-1
-1
-1
-1
-1
-1
-1
-1
-1
-1
-1
-1
-1
-1
-1
-1
-1
-1
-1
-1
-1
-1
-1
-1
-1
-1
-1
-1
-1
-1
-1
-1
-1
-1
-1
-1
-1
-1
-1
-1
-1
-1
-1
-1
-1
-1
-1
-1
-1
-1
-1
-1
-1
-1
-1
-1
-1
-1
-1
-1
-1
5.68282
5.68628
5.68954
5.69271
5.69581
5.69923
5.70241
5.70579
5.70887
5.71219
5.71557
5.71902
5.72243
5.72552
5.72885
5.73232
5.73587
5.7391
5.74222
5.7453
5.74835
5.75169
5.75512
5.75851
5.76188
5.76526
5.76869
5.77185
5.77527
5.77846
5.78159
5.78504
5.78866
5.79196
5.79511
5.7982
5.80127
5.80468
5.80824
5.81184
5.81512
5.81834
5.82158
5.82486
5.8281
5.8313
5.83447
5.83799
5.84126
5.8444
5.84746
5.85088
5.85446
5.85808
5.86135
5.86456
5.86779
5.87107
5.87435
5.87762
5.8809
5.88414
5.88735
5.89052
5.89402
5.89727
5.90077
5.90402
5.90719
5.91032
5.91382
5.91709
5.92023
5.92364
5.92683
5.93026
5.93379
5.93703
5.94018
5.94369
5.94705
5.95033
5.95358
5.95685
5.96009
5.96327
5.96639
5.96945
5.9728
5.97625
5.97971
5.98317
5.98632
5.98973
5.99294
5.99641
5.99962
6.00273
6.00575
6.00909
6.01254
6.01601
6.01944
6.02256
6.02596
6.0295
6.03277
6.03592
6.03905
6.04257
6.04587
6.04904
6.05213
6.05554
-1
-1
-1
-1
-1
-1
-1
-1
-1
-1
-1
-1
-1
-1
-1
-1
-1
-1
-1
-1
-1
-1
-1
-1
-1
-1
-1
-1
-1
-1
-1
-1
-1
-1
-1
-1
-1
-1
-1
-1
-1
-1
-1
-1
-1
-1
-1
-1
-1
-1
-1
-1
-1
-1
-1
-1
-1
-1
-1
-1
-1
-1
-1
-1
-1
-1
-1
-1
-1
-1
-1
-1
-1
-1
-1
-1
-1
-1
-1
-1
-1
-1
-1
-1
-1
-1
-1
-1
-1
-1
-1
-1
-1
-1
-1
-1
-1
-1
-1
-1
-1
-1
-1
-1
-1
-1
-1
-1
-1
-1
-1
-1
-1
-1
6.06232
6.0657
6.06914
6.07257
6.07571
6.07911
6.08229
6.08576
6.08892
6.09197
6.09524
6.09864
6.10206
6.10547
6.10894
6.11213
6.11562
6.11892
6.12216
6.12531
6.12843
6.13149
6.13484
6.1383
6.14178
6.14525
6.14842
6.1515
6.15488
6.15804
6.16142
6.16489
6.16842
6.17162
6.17473
6.1778
6.18121
6.18436
6.1877
6.19108
6.19449
6.19792
6.20139
6.20458
6.20767
6.21072
6.21412
6.2176
6.22073
6.22401
6.22737
6.23079
6.2342
6.2373
6.24066
6.24417
6.24741
6.2509
6.25416
6.25733
6.26044
6.2639
6.26711
6.27018
6.27351
6.27701
6.28052
6.2837
6.28714
6.29033
6.29343
6.29682
6.29999
6.3034
6.30689
6.31008
6.31312
6.31646
6.31998
6.32349
6.32665
6.33009
6.33331
6.33646
6.33953
6.34293
6.34607
6.34939
6.35276
6.35614
6.3595
6.3629
6.36635
6.3695
6.37257
6.37598
6.37955
6.3828
6.38589
6.38928
6.39246
6.39587
6.39898
6.40236
6.40586
6.40945
6.41272
6.41594
6.41914
6.42233
6.42546
6.42851
6.43186
6.4353
-1
-1
-1
-1
-1
-1
-1
-1
-1
-1
-1
-1
-1
-1
-1
-1
-1
-1
-1
-1
-1
-1
-1
-1
-1
-1
-1
-1
-1
-1
-1
-1
-1
-1
-1
-1
-1
-1
-1
-1
-1
-1
-1
-1
-1
-1
-1
-1
-1
-1
-1
-1
-1
-1
-1
-1
-1
-1
-1
-1
-1
-1
-1
-1
-1
-1
-1
-1
-1
-1
-1
-1
-1
-1
-1
-1
-1
-1
-1
-1
-1
-1
-1
-1
-1
-1
-1
-1
-1
-1
-1
-1
-1
-1
-1
-1
-1
-1
-1
-1
-1
-1
-1
-1
-1
-1
-1
-1
-1
-1
-1
-1
-1
-1
6.44256
6.44573
6.44919
6.45243
6.4556
6.45906
6.46231
6.46544
6.46847
6.47183
6.47533
6.47882
6.48196
6.48533
6.48846
6.49186
6.49535
6.49856
6.50202
6.50525
6.5084
6.51149
6.51489
6.51803
6.52134
6.52468
6.52806
6.53142
6.53479
6.53785
6.54115
6.54456
6.548
6.55106
6.55431
6.55763
6.56099
6.56432
6.56768
6.57109
6.57456
6.57777
6.58126
6.58454
6.58776
6.59089
6.59401
6.59745
6.60064
6.60405
6.60716
6.61053
6.61401
6.61754
6.62074
6.62421
6.6275
6.63075
6.63398
6.63721
6.64041
6.64356
6.64664
6.65
6.65345
6.65689
6.66032
6.66344
6.66684
6.67003
6.6735
6.6767
6.67981
6.68321
6.68675
6.68993
6.69294
6.69625
6.69973
6.70323
6.70639
6.7098
6.71301
6.71651
6.71972
6.72282
6.72582
6.72911
6.7325
6.73587
6.7392
6.74255
6.74595
6.74941
6.75294
6.75618
6.75934
6.76248
6.7656
6.76865
6.77199
6.77541
6.77882
6.7822
6.7856
6.78906
6.79223
6.79569
6.79897
6.80218
6.80532
6.80846
6.81192
6.81512
-1
-1
-1
-1
-1
-1
-1
-1
-1
-1
-1
-1
-1
-1
-1
-1
-1
-1
-1
-1
-1
-1
-1
-1
-1
-1
-1
-1
-1
-1
-1
-1
-1
-1
-1
-1
-1
-1
-1
-1
-1
-1
-1
-1
-1
-1
-1
-1
-1
-1
-1
-1
-1
-1
-1
-1
-1
-1
-1
-1
-1
-1
-1
-1
-1
-1
-1
-1
-1
-1
-1
-1
-1
-1
-1
-1
-1
-1
-1
-1
-1
-1
-1
-1
-1
-1
-1
-1
-1
-1
-1
-1
-1
-1
-1
-1
-1
-1
-1
-1
-1
-1
-1
-1
-1
-1
-1
-1
-1
-1
-1
-1
-1
-1
6.82192
6.82522
6.82859
6.83202
6.83547
6.83898
6.84221
6.84536
6.84845
6.85149
6.8548
6.85819
6.86156
6.86491
6.86829
6.87174
6.87528
6.87854
6.88173
6.88488
6.888
6.89105
6.89438
6.89779
6.90122
6.90463
6.90809
6.91127
6.91472
6.91793
6.92104
6.92404
6.92734
6.93073
6.93413
6.93748
6.94088
6.94432
6.94746
6.95087
6.95444
6.95775
6.96096
6.96417
6.96739
6.97059
6.97377
6.97725
6.98046
6.98351
6.9868
6.99021
6.99365
6.99711
7.00064
7.00391
7.00713
7.01035
7.01358
7.01676
7.01989
7.0233
7.02647
7.02987
7.03334
7.03652
7.03992
7.04309
7.04651
7.04966
7.05306
7.05656
7.05975
7.06281
7.06616
7.0693
7.07265
7.07607
7.07954
7.083
7.08615
7.08957
7.09279
7.09595
7.09941
7.10267
7.10583
7.10927
7.11246
7.11552
7.1188
7.12221
7.12564
7.12909
7.13259
7.13582
7.13897
7.14207
7.14514
7.1485
7.15194
7.15539
7.15883
7.16198
7.16539
7.16859
7.17171
7.17514
7.17872
7.18196
7.18503
7.18801
7.19132
7.19473
-1
-1
-1
-1
-1
-1
-1
-1
-1
-1
-1
-1
-1
-1
-1
-1
-1
-1
-1
-1
-1
-1
-1
-1
-1
-1
-1
-1
-1
-1
-1
-1
-1
-1
-1
-1
-1
-1
-1
-1
-1
-1
-1
-1
-1
-1
-1
-1
-1
-1
-1
-1
-1
-1
-1
-1
-1
-1
-1
-1
-1
-1
-1
-1
-1
-1
-1
-1
-1
-1
-1
-1
-1
-1
-1
-1
-1
-1
-1
-1
-1
-1
-1
-1
-1
-1
-1
-1
-1
-1
-1
-1
-1
-1
-1
-1
-1
-1
-1
-1
-1
-1
-1
-1
-1
-1
-1
-1
-1
-1
-1
-1
-1
-1
7.20185
7.2053
7.20883
7.21209
7.21524
7.21835
7.22144
7.22484
7.22796
7.23127
7.23463
7.23803
7.24141
7.24483
7.2483
7.25147
7.25495
7.25822
7.26145
7.26462
7.26777
7.27087
7.27428
7.27777
7.28089
7.28417
7.28756
7.29104
7.29453
7.29774
7.30085
7.30393
7.30733
7.31046
7.31377
7.3171
7.32044
7.32376
7.3271
7.33048
7.33395
7.33749
7.34077
7.34399
7.34718
7.35036
7.35348
7.35654
7.35988
7.36331
7.36676
7.37022
7.37374
7.37699
7.38014
7.38328
7.38681
7.39013
7.39333
7.39645
7.39957
7.40299
7.40615
7.4095
7.41291
7.41636
7.41981
7.42296
7.42602
7.42942
7.433
7.43625
7.43933
7.44233
7.44564
7.44903
7.45239
7.45572
7.45907
7.46248
7.46595
7.46915
7.47263
7.47591
7.4791
7.4822
7.48527
7.48865
7.49211
7.49522
7.49849
7.50187
7.5053
7.50874
7.5122
7.51535
7.5184
7.52175
7.52489
7.52826
7.53169
7.53517
7.5383
7.5417
7.54523
7.54847
7.5516
7.55509
7.55839
7.5616
7.56473
7.56785
7.57127
7.57441
-1
-1
-1
-1
-1
-1
-1
-1
-1
-1
-1
-1
-1
-1
-1
-1
-1
-1
-1
-1
-1
-1
-1
-1
-1
-1
-1
-1
-1
-1
-1
-1
-1
-1
-1
-1
-1
-1
-1
-1
-1
-1
-1
-1
-1
-1
-1
-1
-1
-1
-1
-1
-1
-1
-1
-1
-1
-1
-1
-1
-1
-1
-1
-1
-1
-1
-1
-1
-1
-1
-1
-1
-1
-1
-1
-1
-1
-1
-1
-1
-1
-1
-1
-1
-1
-1
-1
-1
-1
-1
-1
-1
-1
-1
-1
-1
-1
-1
-1
-1
-1
-1
-1
-1
-1
-1
-1
-1
-1
-1
-1
-1
-1
-1
7.58142
7.5848
7.58821
7.59165
7.59482
7.59827
7.60149
7.60461
7.60763
7.61094
7.61432
7.61768
7.621
7.62433
7.62771
7.63118
7.63472
7.638
7.64119
7.64437
7.64752
7.65064
7.65405
7.65719
7.66055
7.664
7.66748
7.67063
7.67401
7.67715
7.68058
7.68411
7.68735
7.69049
7.69399
7.69733
7.70057
7.70376
7.70691
7.71001
7.7134
7.71694
7.72051
7.72375
7.72693
7.7301
7.73329
7.73684
7.74015
7.74331
7.74638
7.74982
7.75342
7.75669
7.75983
7.76295
7.76645
7.76971
7.77284
7.77621
7.77933
7.78269
7.78613
7.78962
7.7928
7.79624
7.79948
7.80266
7.80615
7.80942
7.81259
7.81606
7.81933
7.82249
7.82559
7.82907
7.83271
7.83604
7.83924
7.84242
7.84559
7.84875
7.85222
7.85547
7.85898
7.86221
7.86536
7.86844
7.87187
7.87541
7.87861
7.88201
7.88521
7.88871
7.89199
7.89517
7.89832
7.90185
7.90514
7.90827
7.9113
7.91466
7.91816
7.92167
7.92482
7.92786
7.93123
7.93475
7.93795
7.94134
7.94487
7.94813
7.95125
7.95435
-1
-1
-1
-1
-1
-1
-1
-1
-1
-1
-1
-1
-1
-1
-1
-1
-1
-1
-1
-1
-1
-1
-1
-1
-1
-1
-1
-1
-1
-1
-1
-1
-1
-1
-1
-1
-1
-1
-1
-1
-1
-1
-1
-1
-1
-1
-1
-1
-1
-1
-1
-1
-1
-1
-1
-1
-1
-1
-1
-1
-1
-1
-1
-1
-1
-1
-1
-1
-1
-1
-1
-1
-1
-1
-1
-1
-1
-1
-1
-1
-1
-1
-1
-1
-1
-1
-1
-1
-1
-1
-1
-1
-1
-1
-1
-1
-1
-1
-1
-1
-1
-1
-1
-1
-1
-1
-1
-1
-1
-1
-1
-1
-1
-1
7.9614
7.96448
7.96785
7.97132
7.97444
7.97772
7.98111
7.98458
7.98808
7.99127
7.99436
7.9974
8.0008
8.00433
8.00786
8.01103
8.01448
8.01774
8.02095
8.02409
8.02722
8.03072
8.03436
8.03768
8.04087
8.04403
8.04717
8.05029
8.0537
8.05686
8.06024
8.0637
8.06722
8.07041
8.07386
8.07709
8.08023
8.08331
8.08672
8.0899
8.0933
8.09681
8.10039
8.10366
8.10684
8.10999
8.11317
8.1167
8.12002
8.12322
8.12638
8.12993
8.13326
8.13648
8.13961
8.14271
8.14615
8.14973
8.15298
8.1561
8.15958
8.16288
8.16606
8.16916
8.17262
8.17623
8.1795
8.18265
8.18577
8.18889
8.19233
8.1955
8.1989
8.20235
8.20547
8.2088
8.21221
8.21533
8.21865
8.22207
8.22519
8.2285
8.23192
8.23541
8.2389
8.24207
8.24512
8.24812
8.25143
8.25485
8.25826
8.26165
8.26509
8.2686
8.27181
8.27491
8.27797
8.28141
8.285
8.28823
8.29135
8.2948
8.29805
8.30118
8.30456
8.3077
8.31108
8.31449
8.3176
8.32093
8.32437
8.32789
8.33108
8.33453
-1
-1
-1
-1
-1
-1
-1
-1
-1
-1
-1
-1
-1
-1
-1
-1
-1
-1
-1
-1
-1
-1
-1
-1
-1
-1
-1
-1
-1
-1
-1
-1
-1
-1
-1
-1
-1
-1
-1
-1
-1
-1
-1
-1
-1
-1
-1
-1
-1
-1
-1
-1
-1
-1
-1
-1
-1
-1
-1
-1
-1
-1
-1
-1
-1
-1
-1
-1
-1
-1
-1
-1
-1
-1
-1
-1
-1
-1
-1
-1
-1
-1
-1
-1
-1
-1
-1
-1
-1
-1
-1
-1
-1
-1
-1
-1
-1
-1
-1
-1
-1
-1
-1
-1
-1
-1
-1
-1
-1
-1
-1
-1
-1
-1
8.34122
8.34425
8.34762
8.3511
8.35422
8.35751
8.36092
8.36436
8.36743
8.3707
8.37407
8.3775
8.38096
8.38447
8.38774
8.39094
8.39414
8.39735
8.40053
8.40402
8.40723
8.4103
8.41366
8.41719
8.42078
8.42404
8.42723
8.43041
8.43359
8.43672
8.44018
8.44375
8.44701
8.45014
8.45364
8.45699
8.46024
8.46343
8.46661
8.46975
8.47322
8.47684
8.48014
8.48333
8.48651
8.48971
8.4929
8.49642
8.49967
8.5028
8.50618
8.50934
8.51276
8.51626
8.51946
8.52253
8.52594
8.52953
8.53278
8.53588
8.5393
8.54249
8.54558
8.54894
8.55247
8.55607
8.55932
8.56251
8.56567
8.56885
8.57236
8.57562
8.57879
8.58226
8.58554
8.58874
8.59226
8.5956
8.59885
8.60203
8.60517
8.60828
8.61173
8.6153
8.61853
8.62164
8.62508
8.62829
8.63139
8.63474
8.63824
8.64176
8.64493
8.64802
8.65143
8.65463
8.65769
8.66101
8.66443
8.66787
8.67128
8.67475
8.67792
8.68102
8.68446
8.68769
8.69081
8.69422
8.69777
8.701
8.70443
8.70764
8.71077
8.71382
-1
-1
-1
-1
-1
-1
-1
-1
-1
-1
-1
-1
-1
-1
-1
-1
-1
-1
-1
-1
-1
-1
-1
-1
-1
-1
-1
-1
-1
-1
-1
-1
-1
-1
-1
-1
-1
-1
-1
-1
-1
-1
-1
-1
-1
-1
-1
-1
-1
-1
-1
-1
-1
-1
-1
-1
-1
-1
-1
-1
-1
-1
-1
-1
-1
-1
-1
-1
-1
-1
-1
-1
-1
-1
-1
-1
-1
-1
-1
-1
-1
-1
-1
-1
-1
-1
-1
-1
-1
-1
-1
-1
-1
-1
-1
-1
-1
-1
-1
-1
-1
-1
-1
-1
-1
-1
-1
-1
-1
-1
-1
-1
-1
-1
8.72107
8.72423
8.7276
8.73111
8.73432
8.73776
8.74097
8.74408
8.74711
8.75048
8.75398
8.75747
8.76061
8.76399
8.76712
8.77053
8.77404
8.77725
8.78033
8.78373
8.78695
8.79039
8.79356
8.79701
8.80057
8.80382
8.80696
8.81006
8.81354
8.81679
8.81992
8.82335
8.82696
8.83023
8.83336
8.83645
8.8399
8.84313
8.84659
8.84982
8.85334
8.85663
8.85985
8.863
8.86613
8.86956
8.87274
8.87614
8.87924
8.88259
8.88606
8.88958
8.89279
8.89627
8.89955
8.90275
8.9059
8.90904
8.91251
8.91578
8.91928
8.92252
8.92567
8.92873
8.93214
8.93568
8.93926
8.94252
8.94572
8.94894
8.95218
8.95539
8.95858
8.9621
8.96535
8.96848
8.97188
8.97508
8.97852
8.98169
8.98514
8.98834
8.99181
8.995
8.99807
9.00141
9.00488
9.00802
9.01134
9.01477
9.01792
9.02127
9.02472
9.02789
9.03126
9.03473
9.0379
9.04091
9.04422
9.04769
9.05118
9.05431
9.05767
9.06078
9.06415
9.06755
9.07063
9.07388
9.07715
9.08001
9.08253
9.08499
9.0867
9.08805
-1
-1
-1
-1
-1
-1
-1
-1
-1
-1
-1
-1
-1
-1
-1
-1
-1
-1
-1
-1
-1
-1
-1
-1
-1
-1
-1
-1
-1
-1
-1
-1
-1
-1
-1
-1
-1
-1
-1
-1
-1
-1
-1
-1
-1
-1
-1
-1
-1
-1
-1
-1
-1
-1
-1
-1
-1
-1
-1
-1
-1
-1
-1
-1
-1
-1
-1
-1
-1
-1
-1
-1
-1
-1
-1
-1
-1
-1
-1
-1
-1
-1
-1
-1
-1
-1
-1
-1
-1
-1
-1
-1
-1
-1
-1
-1
-1
-1
-1
-1
-1
-1
-1
-1
-1
-1
-1
-1
-1
-1
-1
-1
-1
-1
