          ----- ----- -------  -----  ----- | ---- ----- --------- --------- --------- |
          mn it mx it  avg it    its  ttits |   ss    ts        st      stps     stpit |
    0.000     0     0     0.0      0      0 |    1     1    0.0000    0.0000    0.0000 |
    0.050     0     0     0.0      0      0 |   50    51    0.0059    0.0001    0.0000 |
    0.100     0     0     0.0      0      0 |   50   101    0.0061    0.0001    0.0000 |
    0.150     0     0     0.0      0      0 |   50   151    0.0059    0.0001    0.0000 |
    0.200     0     0     0.0      0      0 |   50   201    0.0058    0.0001    0.0000 |
    0.250     0     0     0.0      0      0 |   50   251    0.0057    0.0001    0.0000 |
    0.300     0     0     0.0      0      0 |   50   301    0.0054    0.0001    0.0000 |
    0.350     0     0     0.0      0      0 |   50   351    0.0054    0.0001    0.0000 |
    0.400     0     0     0.0      0      0 |   50   401    0.0057    0.0001    0.0000 |
    0.450     0     0     0.0      0      0 |   50   451    0.0057    0.0001    0.0000 |
    0.500     0     0     0.0      0      0 |   50   501    0.0050    0.0001    0.0000 |
    0.550     0     0     0.0      0      0 |   50   551    0.0055    0.0001    0.0000 |
    0.600     0     0     0.0      0      0 |   50   601    0.0053    0.0001    0.0000 |
    0.650     0     0     0.0      0      0 |   50   651    0.0054    0.0001    0.0000 |
    0.700     0     0     0.0      0      0 |   50   701    0.0054    0.0001    0.0000 |
    0.750     0     0     0.0      0      0 |   50   751    0.0052    0.0001    0.0000 |
    0.800     0     0     0.0      0      0 |   50   801    0.0053    0.0001    0.0000 |
    0.850     0     0     0.0      0      0 |   50   851    0.0055    0.0001    0.0000 |
    0.900     0     0     0.0      0      0 |   50   901    0.0054    0.0001    0.0000 |
    0.950     0     0     0.0      0      0 |   50   951    0.0050    0.0001    0.0000 |
    1.000     0     0     0.0      0      0 |   50  1001    0.0055    0.0001    0.0000 |
    1.050     0     0     0.0      0      0 |   50  1051    0.0052    0.0001    0.0000 |
    1.100     0     0     0.0      0      0 |   50  1101    0.0056    0.0001    0.0000 |
    1.150     0     0     0.0      0      0 |   50  1151    0.0055    0.0001    0.0000 |
    1.200     0     0     0.0      0      0 |   50  1201    0.0050    0.0001    0.0000 |
    1.250     0     0     0.0      0      0 |   50  1251    0.0052    0.0001    0.0000 |
    1.300     0     0     0.0      0      0 |   50  1301    0.0057    0.0001    0.0000 |
    1.350     0     0     0.0      0      0 |   50  1351    0.0054    0.0001    0.0000 |
    1.400     0     0     0.0      0      0 |   50  1401    0.0051    0.0001    0.0000 |
    1.450     0     0     0.0      0      0 |   50  1451    0.0052    0.0001    0.0000 |
    1.500     0     0     0.0      0      0 |   50  1501    0.0056    0.0001    0.0000 |
    1.550     0     0     0.0      0      0 |   50  1551    0.0055    0.0001    0.0000 |
    1.600     0     0     0.0      0      0 |   50  1601    0.0052    0.0001    0.0000 |
    1.650     0     0     0.0      0      0 |   50  1651    0.0050    0.0001    0.0000 |
    1.700     0     0     0.0      0      0 |   50  1701    0.0053    0.0001    0.0000 |
    1.750     0     0     0.0      0      0 |   50  1751    0.0053    0.0001    0.0000 |
    1.800     0     0     0.0      0      0 |   50  1801    0.0059    0.0001    0.0000 |
    1.850     0     0     0.0      0      0 |   50  1851    0.0053    0.0001    0.0000 |
    1.900     0     0     0.0      0      0 |   50  1901    0.0052    0.0001    0.0000 |
    1.950     0     0     0.0      0      0 |   50  1951    0.0057    0.0001    0.0000 |
    2.000     0     0     0.0      0      0 |   50  2001    0.0051    0.0001    0.0000 |
    2.050     9    10     9.3    464    464 |   50  2051    0.0280    0.0006    0.0001 |
    2.100     9    10     9.4    471    935 |   50  2101    0.0272    0.0005    0.0001 |
    2.150     9    10     9.3    466   1401 |   50  2151    0.0270    0.0005    0.0001 |
    2.200     9    10     9.1    456   1857 |   50  2201    0.0265    0.0005    0.0001 |
    2.250     9    10     9.2    460   2317 |   50  2251    0.0271    0.0005    0.0001 |
    2.300     9    10     9.7    485   2802 |   50  2301    0.0279    0.0006    0.0001 |
    2.350    10    10    10.0    500   3302 |   50  2351    0.0291    0.0006    0.0001 |
    2.400     9    10     9.9    496   3798 |   50  2401    0.0289    0.0006    0.0001 |
    2.450     9    10    10.0    498   4296 |   50  2451    0.0306    0.0006    0.0001 |
    2.500    10    10    10.0    500   4796 |   50  2501    0.0319    0.0006    0.0001 |
    2.550    10    11    10.2    512   5308 |   50  2551    0.0297    0.0006    0.0001 |
    2.600    11    12    11.3    564   5872 |   50  2601    0.0313    0.0006    0.0001 |
    2.650    11    12    11.5    573   6445 |   50  2651    0.0315    0.0006    0.0001 |
    2.700    11    12    11.3    566   7011 |   50  2701    0.0313    0.0006    0.0001 |
    2.750    11    12    11.1    557   7568 |   50  2751    0.0309    0.0006    0.0001 |
    2.800    11    12    11.8    592   8160 |   50  2801    0.0333    0.0007    0.0001 |
    2.850    11    12    11.9    594   8754 |   50  2851    0.0324    0.0006    0.0001 |
    2.900    11    12    11.7    584   9338 |   50  2901    0.0329    0.0007    0.0001 |
    2.950    11    12    11.4    569   9907 |   50  2951    0.0317    0.0006    0.0001 |
    3.000    12    12    12.0    600  10507 |   50  3001    0.0325    0.0006    0.0001 |
    3.050    12    12    12.0    600  11107 |   50  3051    0.0332    0.0007    0.0001 |
    3.100    11    12    11.9    595  11702 |   50  3101    0.0324    0.0006    0.0001 |
    3.150    11    12    12.0    598  12300 |   50  3151    0.0331    0.0007    0.0001 |
    3.200    12    16    13.6    682  12982 |   50  3201    0.0368    0.0007    0.0001 |
    3.250    16    16    16.0    800  13782 |   50  3251    0.0408    0.0008    0.0001 |
    3.300    16    17    16.1    807  14589 |   50  3301    0.0438    0.0009    0.0001 |
    3.350    16    17    16.3    817  15406 |   50  3351    0.0405    0.0008    0.0000 |
    3.400    16    16    16.0    800  16206 |   50  3401    0.0416    0.0008    0.0001 |
    3.450    16    16    16.0    800  17006 |   50  3451    0.0411    0.0008    0.0001 |
    3.500    16    17    16.1    807  17813 |   50  3501    0.0411    0.0008    0.0001 |
    3.550    16    17    16.4    819  18632 |   50  3551    0.0421    0.0008    0.0001 |
    3.600    16    16    16.0    800  19432 |   50  3601    0.0410    0.0008    0.0001 |
    3.650    16    16    16.0    800  20232 |   50  3651    0.0406    0.0008    0.0001 |
    3.700    16    17    16.1    806  21038 |   50  3701    0.0404    0.0008    0.0001 |
    3.750    16    17    16.6    830  21868 |   50  3751    0.0413    0.0008    0.0000 |
    3.800    16    17    16.4    820  22688 |   50  3801    0.0421    0.0008    0.0001 |
    3.850    16    17    16.1    806  23494 |   50  3851    0.0411    0.0008    0.0001 |
    3.900    16    17    16.8    842  24336 |   50  3901    0.0426    0.0009    0.0001 |
    3.950    16    17    16.1    806  25142 |   50  3951    0.0413    0.0008    0.0001 |
    4.000    16    17    16.2    811  25953 |   50  4001    0.0408    0.0008    0.0001 |
    4.050    16    17    16.8    840  26793 |   50  4051    0.0425    0.0009    0.0001 |
    4.100    16    17    17.0    849  27642 |   50  4101    0.0461    0.0009    0.0001 |
    4.150    17    17    17.0    850  28492 |   50  4151    0.0425    0.0009    0.0001 |
    4.200    17    17    17.0    850  29342 |   50  4201    0.0424    0.0008    0.0000 |
    4.250    17    17    17.0    850  30192 |   50  4251    0.0439    0.0009    0.0001 |
    4.300    16    17    16.6    830  31022 |   50  4301    0.0421    0.0008    0.0001 |
    4.350    17    17    17.0    850  31872 |   50  4351    0.0428    0.0009    0.0001 |
    4.400    16    17    16.7    837  32709 |   50  4401    0.0424    0.0008    0.0001 |
    4.450    17    17    17.0    850  33559 |   50  4451    0.0429    0.0009    0.0001 |
    4.500    17    18    17.5    873  34432 |   50  4501    0.0438    0.0009    0.0001 |
    4.550    17    18    17.4    868  35300 |   50  4551    0.0431    0.0009    0.0000 |
    4.600    16    17    17.0    849  36149 |   50  4601    0.0435    0.0009    0.0001 |
    4.650    16    17    16.5    823  36972 |   50  4651    0.0415    0.0008    0.0001 |
    4.700    17    17    17.0    850  37822 |   50  4701    0.0427    0.0009    0.0001 |
    4.750    16    17    17.0    849  38671 |   50  4751    0.0423    0.0008    0.0000 |
    4.800    17    17    17.0    850  39521 |   50  4801    0.0437    0.0009    0.0001 |
    4.850    14    17    15.7    787  40308 |   50  4851    0.0428    0.0009    0.0001 |
    4.900    14    17    14.2    709  41017 |   50  4901    0.0379    0.0008    0.0001 |
    4.950    14    17    16.6    829  41846 |   50  4951    0.0424    0.0008    0.0001 |
    5.000    16    17    16.8    838  42684 |   50  5001    0.0425    0.0009    0.0001 |
    5.050    16    17    16.6    831  43515 |   50  5051    0.0420    0.0008    0.0001 |
    5.100    16    17    16.9    846  44361 |   50  5101    0.0416    0.0008    0.0000 |
    5.150    16    17    16.7    833  45194 |   50  5151    0.0438    0.0009    0.0001 |
    5.200    16    17    16.1    803  45997 |   50  5201    0.0406    0.0008    0.0001 |
    5.250    16    17    16.5    826  46823 |   50  5251    0.0421    0.0008    0.0001 |
    5.300    17    17    17.0    850  47673 |   50  5301    0.0425    0.0008    0.0000 |
    5.350    16    17    16.8    839  48512 |   50  5351    0.0425    0.0008    0.0001 |
    5.400    16    17    17.0    849  49361 |   50  5401    0.0427    0.0009    0.0001 |
    5.450    16    17    16.8    838  50199 |   50  5451    0.0427    0.0009    0.0001 |
    5.500    16    17    16.9    845  51044 |   50  5501    0.0429    0.0009    0.0001 |
    5.550    17    17    17.0    850  51894 |   50  5551    0.0428    0.0009    0.0001 |
    5.600    16    17    16.9    847  52741 |   50  5601    0.0437    0.0009    0.0001 |
    5.650    17    17    17.0    850  53591 |   50  5651    0.0436    0.0009    0.0001 |
    5.700    16    17    17.0    849  54440 |   50  5701    0.0450    0.0009    0.0001 |
    5.750    17    18    17.0    851  55291 |   50  5751    0.0428    0.0009    0.0001 |
    5.800    17    18    17.1    855  56146 |   50  5801    0.0430    0.0009    0.0001 |
    5.850    16    17    17.0    849  56995 |   50  5851    0.0433    0.0009    0.0001 |
    5.900    17    17    17.0    850  57845 |   50  5901    0.0432    0.0009    0.0001 |
    5.950    17    17    17.0    850  58695 |   50  5951    0.0426    0.0009    0.0001 |
    6.000    16    17    16.4    822  59517 |   50  6001    0.0410    0.0008    0.0000 |
    6.050    16    17    16.9    847  60364 |   50  6051    0.0432    0.0009    0.0001 |
    6.100    17    17    17.0    850  61214 |   50  6101    0.0422    0.0008    0.0000 |
    6.150    16    17    17.0    849  62063 |   50  6151    0.0431    0.0009    0.0001 |
    6.200    16    17    16.8    838  62901 |   50  6201    0.0424    0.0008    0.0001 |
    6.250    16    17    17.0    849  63750 |   50  6251    0.0421    0.0008    0.0000 |
    6.300    16    17    17.0    848  64598 |   50  6301    0.0423    0.0008    0.0000 |
    6.350    16    17    17.0    849  65447 |   50  6351    0.0422    0.0008    0.0000 |
    6.400    17    17    17.0    850  66297 |   50  6401    0.0437    0.0009    0.0001 |
    6.450    16    17    16.8    840  67137 |   50  6451    0.0423    0.0008    0.0001 |
    6.500    16    17    16.8    841  67978 |   50  6501    0.0458    0.0009    0.0001 |
    6.550    17    17    17.0    850  68828 |   50  6551    0.0443    0.0009    0.0001 |
    6.600    16    17    16.1    804  69632 |   50  6601    0.0407    0.0008    0.0001 |
    6.650    16    16    16.0    800  70432 |   50  6651    0.0413    0.0008    0.0001 |
    6.700    16    17    16.2    810  71242 |   50  6701    0.0412    0.0008    0.0001 |
    6.750    17    17    17.0    850  72092 |   50  6751    0.0420    0.0008    0.0000 |
    6.800    17    17    17.0    850  72942 |   50  6801    0.0428    0.0009    0.0001 |
    6.850    17    17    17.0    850  73792 |   50  6851    0.0423    0.0008    0.0000 |
    6.900    16    17    17.0    849  74641 |   50  6901    0.0424    0.0008    0.0000 |
    6.950    16    17    16.5    826  75467 |   50  6951    0.0419    0.0008    0.0001 |
    7.000    15    17    16.3    813  76280 |   50  7001    0.0420    0.0008    0.0001 |
    7.050    16    17    16.2    812  77092 |   50  7051    0.0401    0.0008    0.0000 |
    7.100    16    17    16.2    808  77900 |   50  7101    0.0420    0.0008    0.0001 |
    7.150    16    17    16.3    814  78714 |   50  7151    0.0414    0.0008    0.0001 |
    7.200    16    17    16.7    836  79550 |   50  7201    0.0425    0.0008    0.0001 |
    7.250    16    17    16.1    804  80354 |   50  7251    0.0407    0.0008    0.0001 |
    7.300    16    17    16.0    801  81155 |   50  7301    0.0442    0.0009    0.0001 |
    7.350    16    17    16.4    818  81973 |   50  7351    0.0432    0.0009    0.0001 |
    7.400    16    16    16.0    800  82773 |   50  7401    0.0402    0.0008    0.0001 |
    7.450    16    17    16.7    833  83606 |   50  7451    0.0427    0.0009    0.0001 |
    7.500    16    17    16.2    812  84418 |   50  7501    0.0410    0.0008    0.0001 |
    7.550    16    17    16.1    805  85223 |   50  7551    0.0406    0.0008    0.0001 |
    7.600    16    17    16.7    836  86059 |   50  7601    0.0414    0.0008    0.0000 |
    7.650    17    17    17.0    850  86909 |   50  7651    0.0429    0.0009    0.0001 |
    7.700    16    17    16.9    847  87756 |   50  7701    0.0428    0.0009    0.0001 |
    7.750    16    17    16.1    807  88563 |   50  7751    0.0414    0.0008    0.0001 |
    7.800    16    17    16.1    803  89366 |   50  7801    0.0415    0.0008    0.0001 |
    7.850    16    17    16.1    806  90172 |   50  7851    0.0409    0.0008    0.0001 |
    7.900    16    17    16.6    830  91002 |   50  7901    0.0413    0.0008    0.0000 |
    7.950    17    18    17.2    862  91864 |   50  7951    0.0430    0.0009    0.0000 |
    8.000    17    17    17.0    850  92714 |   50  8001    0.0429    0.0009    0.0001 |
    8.050    16    17    16.9    846  93560 |   50  8051    0.0432    0.0009    0.0001 |
    8.100    17    17    17.0    850  94410 |   50  8101    0.0439    0.0009    0.0001 |
    8.150    17    17    17.0    850  95260 |   50  8151    0.0434    0.0009    0.0001 |
    8.200    16    17    17.0    849  96109 |   50  8201    0.0412    0.0008    0.0000 |
    8.250    16    16    16.0    800  96909 |   50  8251    0.0407    0.0008    0.0001 |
    8.300    16    17    16.1    803  97712 |   50  8301    0.0408    0.0008    0.0001 |
    8.350    17    17    17.0    850  98562 |   50  8351    0.0430    0.0009    0.0001 |
    8.400    16    17    16.6    832  99394 |   50  8401    0.0423    0.0008    0.0001 |
    8.450    16    17    16.5    827 100221 |   50  8451    0.0414    0.0008    0.0001 |
    8.500    16    17    16.9    844 101065 |   50  8501    0.0426    0.0009    0.0001 |
    8.550    16    16    16.0    800 101865 |   50  8551    0.0411    0.0008    0.0001 |
    8.600    16    16    16.0    800 102665 |   50  8601    0.0407    0.0008    0.0001 |
    8.650    16    16    16.0    800 103465 |   50  8651    0.0405    0.0008    0.0001 |
    8.700    16    17    16.9    845 104310 |   50  8701    0.0429    0.0009    0.0001 |
    8.750    16    17    16.7    834 105144 |   50  8751    0.0407    0.0008    0.0000 |
    8.800    16    17    16.9    845 105989 |   50  8801    0.0415    0.0008    0.0000 |
    8.850    16    17    16.1    805 106794 |   50  8851    0.0423    0.0008    0.0001 |
    8.900    16    16    16.0    800 107594 |   50  8901    0.0429    0.0009    0.0001 |
    8.950    16    16    16.0    800 108394 |   50  8951    0.0424    0.0008    0.0001 |
    9.000    16    17    16.2    809 109203 |   50  9001    0.0418    0.0008    0.0001 |
    9.050    17    17    17.0    850 110053 |   50  9051    0.0435    0.0009    0.0001 |
    9.100    16    17    16.7    837 110890 |   50  9101    0.0433    0.0009    0.0001 |
    9.150    16    16    16.0    800 111690 |   50  9151    0.0405    0.0008    0.0001 |
    9.200    16    16    16.0    800 112490 |   50  9201    0.0397    0.0008    0.0000 |
    9.250    16    16    16.0    800 113290 |   50  9251    0.0400    0.0008    0.0001 |
    9.300    16    16    16.0    800 114090 |   50  9301    0.0405    0.0008    0.0001 |
    9.350    16    16    16.0    800 114890 |   50  9351    0.0413    0.0008    0.0001 |
    9.400    16    16    16.0    800 115690 |   50  9401    0.0397    0.0008    0.0000 |
    9.450    16    16    16.0    800 116490 |   50  9451    0.0415    0.0008    0.0001 |
    9.500    16    16    16.0    800 117290 |   50  9501    0.0392    0.0008    0.0000 |
    9.550    15    16    15.2    758 118048 |   50  9551    0.0388    0.0008    0.0001 |
    9.600    15    15    15.0    750 118798 |   50  9601    0.0381    0.0008    0.0001 |
    9.650    15    15    15.0    750 119548 |   50  9651    0.0388    0.0008    0.0001 |
    9.700    15    15    15.0    750 120298 |   50  9701    0.0391    0.0008    0.0001 |
    9.750    15    15    15.0    750 121048 |   50  9751    0.0388    0.0008    0.0001 |
    9.800    15    15    15.0    750 121798 |   50  9801    0.0371    0.0007    0.0000 |
    9.850    15    15    15.0    750 122548 |   50  9851    0.0381    0.0008    0.0001 |
    9.900    14    15    14.9    744 123292 |   50  9901    0.0379    0.0008    0.0001 |
    9.950    14    14    14.0    700 123992 |   50  9951    0.0352    0.0007    0.0001 |
   10.000    14    14    14.0    700 124692 |   50 10001    0.0363    0.0007    0.0001 |
