1.49385e-10
1.4946e-10
1.49441e-10
1.49537e-10
8.75123e-11
8.76478e-11
8.75304e-11
8.76589e-11
8.95448e-11
9.1821e-11
8.96239e-11
1.0895e-10
1.08424e-10
1.08999e-10
1.08401e-10
1.13498e-10
1.1353e-10
1.12932e-10
1.10384e-10
1.10398e-10
1.0957e-10
1.11019e-10
1.11071e-10
1.0832e-10
1.4835e-10
1.48359e-10
1.47409e-10
1.48801e-10
1.09586e-10
1.10155e-10
1.10089e-10
1.09591e-10
1.09121e-10
1.13316e-10
1.13491e-10
1.13509e-10
1.13391e-10
1.13284e-10
1.13282e-10
1.13533e-10
1.13531e-10
1.12919e-10
1.12873e-10
1.13131e-10
1.13025e-10
1.11327e-10
1.10808e-10
1.11341e-10
1.0811e-10
1.08128e-10
1.0782e-10
1.10572e-10
1.10565e-10
1.10463e-10
1.08915e-10
1.10578e-10
1.08862e-10
1.1057e-10
1.07571e-10
1.07907e-10
1.07561e-10
1.30266e-10
1.30258e-10
1.28083e-10
1.41768e-10
1.41805e-10
1.40038e-10
1.42714e-10
1.13429e-10
1.13647e-10
1.13355e-10
1.132e-10
1.09545e-10
1.09103e-10
1.45446e-10
1.44411e-10
1.4443e-10
1.45455e-10
1.46391e-10
1.1655e-10
1.16545e-10
1.15709e-10
1.17238e-10
1.05923e-10
1.05955e-10
1.05939e-10
1.34789e-10
1.36481e-10
1.34853e-10
1.13217e-10
1.1329e-10
1.12282e-10
1.08972e-10
1.0877e-10
1.08903e-10
1.08935e-10
1.28081e-10
1.25836e-10
1.1181e-10
1.11762e-10
1.11924e-10
1.06308e-10
1.06712e-10
1.06295e-10
1.47438e-10
1.13018e-10
1.07305e-10
1.07301e-10
1.07203e-10
1.07309e-10
1.10566e-10
1.10646e-10
1.04073e-10
1.06049e-10
1.0404e-10
1.12128e-10
1.12113e-10
1.11469e-10
9.82668e-11
9.93682e-11
9.83445e-11
1.25818e-10
1.12628e-10
1.12649e-10
1.11979e-10
1.11599e-10
1.11649e-10
1.12246e-10
1.06851e-10
1.06857e-10
1.06982e-10
1.0593e-10
1.09086e-10
1.05878e-10
1.1278e-10
1.12789e-10
1.12731e-10
1.12808e-10
1.0678e-10
1.13559e-10
1.07833e-10
9.18323e-11
9.41633e-11
1.36454e-10
1.38655e-10
1.3874e-10
1.43705e-10
1.42715e-10
1.43665e-10
1.07759e-10
1.07695e-10
1.07798e-10
1.07751e-10
1.07214e-10
1.07489e-10
1.11492e-10
1.08273e-10
1.40039e-10
1.11914e-10
1.12215e-10
1.12172e-10
1.1183e-10
1.07231e-10
1.07175e-10
1.10458e-10
1.10399e-10
1.09297e-10
1.0917e-10
1.11428e-10
1.11127e-10
1.11469e-10
1.09214e-10
1.48828e-10
1.08129e-10
1.08122e-10
1.11081e-10
9.93551e-11
1.10912e-10
1.20504e-10
1.23242e-10
1.2056e-10
1.23191e-10
1.4635e-10
1.10431e-10
1.15611e-10
1.0736e-10
1.07013e-10
1.13149e-10
1.17202e-10
1.07555e-10
9.41076e-11
1.07939e-10
1.0964e-10
1.09688e-10
1.08787e-10
1.08276e-10
1.08142e-10
1.08783e-10
1.13355e-10
1.13486e-10
1.11776e-10
1.11891e-10
1.12238e-10
1.12231e-10
1.05987e-10
1.06214e-10
1.06176e-10
1.06024e-10
1.06538e-10
1.06617e-10
1.07715e-10
1.07675e-10
1.02445e-10
1.01282e-10
1.02508e-10
1.01196e-10
1.07245e-10
1.07239e-10
1.32626e-10
1.32413e-10
1.07699e-10
1.07352e-10
1.07433e-10
1.07656e-10
1.14545e-10
1.14435e-10
9.64742e-11
9.64453e-11
1.07182e-10
1.07171e-10
1.18734e-10
1.18726e-10
1.07388e-10
1.07426e-10
1.08122e-10
1.08136e-10
1.48764e-10
1.48311e-10
1.46275e-10
1.45296e-10
1.44479e-10
1.4277e-10
1.41663e-10
1.38382e-10
1.36379e-10
1.3238e-10
1.3012e-10
1.27817e-10
1.25549e-10
1.23023e-10
1.20517e-10
1.16512e-10
1.15573e-10
1.11453e-10
1.10309e-10
1.09255e-10
1.08734e-10
1.0826e-10
1.08077e-10
1.07601e-10
1.07299e-10
1.06785e-10
1.06296e-10
1.05963e-10
1.06589e-10
1.06036e-10
1.06286e-10
1.06835e-10
1.07064e-10
1.07775e-10
1.08129e-10
1.08291e-10
1.08446e-10
1.09011e-10
1.10334e-10
1.10637e-10
1.10952e-10
1.11331e-10
1.11723e-10
1.11966e-10
1.12555e-10
1.12781e-10
1.12832e-10
1.13249e-10
1.13199e-10
1.12931e-10
1.13419e-10
1.13284e-10
1.13537e-10
1.13479e-10
1.13371e-10
1.13567e-10
1.13321e-10
1.12332e-10
1.1308e-10
1.10404e-10
1.11113e-10
1.09624e-10
1.09145e-10
1.08918e-10
1.08675e-10
1.07767e-10
1.07674e-10
1.0744e-10
1.07662e-10
1.07288e-10
1.07383e-10
1.07282e-10
1.07494e-10
1.0812e-10
1.10099e-10
1.09592e-10
1.10645e-10
1.11044e-10
1.11448e-10
1.11882e-10
1.12304e-10
1.12119e-10
1.11536e-10
1.10636e-10
1.09042e-10
1.07727e-10
1.04247e-10
1.05973e-10
1.01348e-10
9.94852e-11
9.66752e-11
9.84245e-11
9.20629e-11
9.43385e-11
8.78899e-11
8.99815e-11
1.49497e-10
1.47239e-10
1.43621e-10
1.3995e-10
1.34658e-10
1.18729e-10
1.17164e-10
1.14458e-10
1.13281e-10
1.1227e-10
1.07977e-10
1.05987e-10
1.07366e-10
1.09789e-10
1.1343e-10
1.11846e-10
1.07202e-10
1.07177e-10
1.08988e-10
1.02663e-10
-3.40463e-11
-3.39809e-11
-3.85161e-11
3.99051e-12
8.71546e-12
3.95367e-12
-3.85521e-11
-4.30752e-11
1.31521e-11
1.30938e-11
4.77851e-11
4.77196e-11
4.5517e-11
-2.63185e-11
-2.27803e-11
-2.63675e-11
8.55665e-11
8.55527e-11
-4.81085e-11
-4.81712e-11
-5.2976e-11
7.51509e-11
7.62535e-11
7.51083e-11
7.62955e-11
6.93477e-11
6.79322e-11
6.80557e-11
6.92953e-11
7.0602e-11
2.83953e-11
2.83038e-11
2.63738e-11
3.10054e-11
2.64181e-11
6.09496e-11
6.33715e-11
6.09497e-11
1.81281e-11
2.18582e-11
1.81741e-11
-1.41282e-11
-9.104e-12
-1.41632e-11
5.66053e-11
5.89469e-11
5.65754e-11
-6.27925e-11
-5.779e-11
-6.29301e-11
3.09224e-11
3.29536e-11
2.41128e-11
2.40159e-11
8.22267e-11
8.22072e-11
8.03419e-11
8.37807e-11
4.24851e-11
4.24825e-11
4.01724e-11
3.28817e-11
-4.31817e-11
-5.78712e-11
5.16348e-11
5.17853e-11
4.92852e-11
8.37265e-11
-9.37215e-12
-5.51537e-12
7.0584e-11
2.19263e-11
-5.29835e-11
4.01483e-11
4.54965e-11
-5.58756e-12
6.47543e-11
6.47298e-11
7.77361e-11
8.03808e-11
7.7638e-11
4.92497e-11
-1.80447e-11
-2.28214e-11
-1.80991e-11
6.34375e-11
5.89195e-11
8.74249e-12
3.47929e-11
3.47431e-11
3.66137e-11
3.66379e-11
-3.01906e-11
-3.01055e-11
-7.3496e-13
-6.15011e-13
4.42561e-11
4.41747e-11
7.39462e-11
7.39424e-11
3.83824e-11
3.83141e-11
5.4149e-11
5.4133e-11
7.24001e-11
7.24002e-11
6.60697e-11
6.60055e-11
8.72863e-11
8.54422e-11
1.12405e-10
1.09689e-10
1.09155e-10
1.12984e-10
1.07537e-10
1.13111e-10
1.49173e-10
1.49566e-10
9.79627e-11
1.05804e-10
1.08685e-10
1.1899e-10
1.40975e-10
1.13519e-10
1.08015e-10
1.08563e-10
1.13543e-10
1.38421e-10
1.07422e-10
1.13017e-10
1.17522e-10
1.08423e-10
9.96283e-11
1.0607e-10
1.13818e-10
1.08028e-10
1.49953e-10
7.83244e-11
8.36249e-11
8.01764e-11
7.75518e-11
7.6192e-11
7.50164e-11
7.37019e-11
7.22677e-11
7.06269e-11
6.77068e-11
6.59016e-11
6.46531e-11
6.31986e-11
6.08665e-11
5.64538e-11
5.39657e-11
5.16632e-11
4.92754e-11
4.75558e-11
4.53923e-11
4.41113e-11
4.23763e-11
3.81171e-11
3.64356e-11
3.46327e-11
3.27409e-11
3.06588e-11
2.83555e-11
2.6356e-11
2.39355e-11
2.18108e-11
1.78375e-11
1.28759e-11
8.42369e-12
-7.69441e-13
-5.46551e-12
-9.61078e-12
-1.81882e-11
-2.29735e-11
-2.63946e-11
-3.02586e-11
-3.86836e-11
-4.31583e-11
-5.29519e-11
-5.78983e-11
8.2039e-11
6.91098e-11
5.85909e-11
4.00084e-11
3.77716e-12
-1.41995e-11
-3.41607e-11
-4.80329e-11
-6.28959e-11
7.68588e-11
-2.5704e-11
-2.18256e-11
2.21518e-11
4.21355e-11
6.32328e-11
6.09882e-11
4.00439e-11
1.74629e-11
-6.62491e-11
-3.07873e-10
-3.07619e-10
-3.07859e-10
-3.07677e-10
-2.07258e-10
-2.07207e-10
-2.1229e-10
-8.58643e-11
-8.59849e-11
-8.89948e-11
-8.25052e-11
-3.03819e-10
-3.0378e-10
-2.37176e-10
-2.37437e-10
-2.42899e-10
-2.31998e-10
-1.79737e-10
-1.79566e-10
-1.8351e-10
-1.7509e-10
-1.3156e-10
-1.31619e-10
-1.35051e-10
-1.28591e-10
-8.89876e-11
-8.2624e-11
-2.02663e-10
-1.97845e-10
-2.02641e-10
-1.03422e-10
-1.01068e-10
-1.03407e-10
-1.00985e-10
-7.61901e-11
-7.62394e-11
-7.93784e-11
-1.55065e-10
-1.5926e-10
-1.59219e-10
-1.55168e-10
-1.22342e-10
-1.22302e-10
-1.25928e-10
-1.18822e-10
-7.01181e-11
-7.01454e-11
-7.32158e-11
-6.63056e-11
-1.97819e-10
-9.80844e-11
-9.55819e-11
-9.80502e-11
-2.59393e-10
-2.5375e-10
-2.59361e-10
-2.32067e-10
-7.31334e-11
-1.06566e-10
-1.06562e-10
-1.09562e-10
-1.35069e-10
-1.12616e-10
-1.15695e-10
-1.15716e-10
-1.12645e-10
-2.48636e-10
-2.53799e-10
-2.48642e-10
-2.42968e-10
-1.25914e-10
-1.70895e-10
-1.70847e-10
-1.66259e-10
-1.09532e-10
-9.55458e-11
-9.22678e-11
-1.83403e-10
-1.87662e-10
-7.9365e-11
-2.17097e-10
-2.16983e-10
-1.87911e-10
-1.9273e-10
-1.66209e-10
-9.23206e-11
-2.12284e-10
-1.18791e-10
-1.92809e-10
-6.63563e-11
-1.74987e-10
-1.28556e-10
-1.42576e-10
-1.46609e-10
-1.46521e-10
-1.42587e-10
-1.38952e-10
-1.39075e-10
-1.50866e-10
-1.50942e-10
-2.69273e-10
-2.73915e-10
-2.69187e-10
-1.63111e-10
-1.63024e-10
-2.65253e-10
-2.65429e-10
-2.27277e-10
-2.2726e-10
-2.2205e-10
-2.2215e-10
-3.07318e-10
-3.03338e-10
-3.10426e-10
-3.10391e-10
-3.08175e-10
-3.1073e-10
-3.09605e-10
-3.07702e-10
-3.05325e-10
-2.78319e-10
-2.78362e-10
-2.73976e-10
-2.99834e-10
-2.95732e-10
-2.99799e-10
-2.82846e-10
-2.95754e-10
-2.86914e-10
-2.82926e-10
-2.87055e-10
-2.91492e-10
-2.91481e-10
-6.64397e-11
-7.0096e-11
-7.30979e-11
-7.6332e-11
-7.93132e-11
-8.25936e-11
-8.58996e-11
-9.55232e-11
-9.2339e-11
-9.80023e-11
-1.00964e-10
-1.03394e-10
-1.22181e-10
-1.18659e-10
-1.25773e-10
-1.28448e-10
-1.46449e-10
-1.50662e-10
-1.62804e-10
-1.59028e-10
-1.65963e-10
-1.70644e-10
-1.7478e-10
-1.83245e-10
-1.87705e-10
-2.02266e-10
-1.97449e-10
-2.16582e-10
-2.12e-10
-2.26809e-10
-2.21655e-10
-2.31738e-10
-2.37113e-10
-2.42631e-10
-2.48155e-10
-2.58896e-10
-2.53546e-10
-2.64963e-10
-2.68921e-10
-2.78013e-10
-2.82393e-10
-2.86763e-10
-2.95275e-10
-2.91005e-10
-2.99406e-10
-8.89888e-11
-1.06584e-10
-1.09501e-10
-1.12506e-10
-1.15566e-10
-1.31466e-10
-1.3494e-10
-1.3883e-10
-1.42553e-10
-1.55018e-10
-1.79249e-10
-1.92524e-10
-2.06867e-10
-2.73513e-10
-3.5531e-10
-3.55274e-10
-3.58138e-10
-3.52159e-10
-3.33646e-10
-3.36031e-10
-3.35975e-10
-3.3359e-10
-4.09201e-10
-4.07314e-10
-4.09202e-10
-3.63919e-10
-3.63971e-10
-3.65973e-10
-5.25453e-10
-5.25363e-10
-5.27411e-10
-5.23566e-10
-4.15431e-10
-4.13069e-10
-4.15412e-10
-3.45594e-10
-3.42481e-10
-3.4555e-10
-3.52126e-10
-4.63298e-10
-4.63225e-10
-4.65976e-10
-4.60542e-10
-5.29491e-10
-5.29442e-10
-5.27406e-10
-3.90514e-10
-3.88606e-10
-3.90572e-10
-3.73997e-10
-3.75488e-10
-3.75527e-10
-3.74018e-10
-3.71986e-10
-3.71988e-10
-5.78434e-10
-5.82742e-10
-5.82693e-10
-5.78425e-10
-5.73909e-10
-4.23371e-10
-4.23401e-10
-4.25326e-10
-4.21112e-10
-3.23056e-10
-3.20977e-10
-3.22988e-10
-4.94997e-10
-4.94947e-10
-4.97718e-10
-4.27642e-10
-4.27702e-10
-4.2995e-10
-4.07239e-10
-4.04926e-10
-5.00052e-10
-5.00018e-10
-3.66059e-10
-4.37572e-10
-4.39619e-10
-4.39523e-10
-4.375e-10
-4.32328e-10
-4.32446e-10
-4.34999e-10
-5.87388e-10
-3.77071e-10
-3.77101e-10
-3.78747e-10
-4.30028e-10
-3.68071e-10
-3.68032e-10
-3.70001e-10
-5.09894e-10
-5.07325e-10
-5.09854e-10
-5.073e-10
-3.93666e-10
-3.9494e-10
-3.94893e-10
-3.93684e-10
-3.91891e-10
-3.84318e-10
-3.84252e-10
-3.85948e-10
-5.23554e-10
-5.20715e-10
-5.20786e-10
-3.39269e-10
-3.42446e-10
-3.39298e-10
-5.87419e-10
-5.91883e-10
-5.04877e-10
-5.04832e-10
-5.02224e-10
-4.6839e-10
-4.68325e-10
-4.65968e-10
-5.6085e-10
-5.56269e-10
-5.60776e-10
-5.73818e-10
-5.69274e-10
-5.69169e-10
-4.85624e-10
-4.85657e-10
-4.88732e-10
-5.18341e-10
-4.82676e-10
-4.79617e-10
-4.82628e-10
-5.34207e-10
-5.34283e-10
-5.36814e-10
-5.18313e-10
-4.41815e-10
-5.12775e-10
-5.12751e-10
-5.15437e-10
-4.73579e-10
-4.73524e-10
-4.76457e-10
-3.58113e-10
-3.61192e-10
-3.85928e-10
-4.5802e-10
-4.6054e-10
-4.57953e-10
-4.55438e-10
-4.55395e-10
-4.13121e-10
-4.11178e-10
-4.1113e-10
-4.21154e-10
-4.76471e-10
-3.96266e-10
-4.35053e-10
-3.61148e-10
-5.02291e-10
-4.04971e-10
-5.48478e-10
-5.48484e-10
-5.52181e-10
-3.1832e-10
-3.20793e-10
-3.18259e-10
-4.88747e-10
-4.43463e-10
-4.43579e-10
-4.41939e-10
-3.27854e-10
-3.25275e-10
-3.27898e-10
-3.2522e-10
-4.00552e-10
-4.0298e-10
-4.03067e-10
-4.00557e-10
-3.98596e-10
-4.46961e-10
-4.46898e-10
-5.15248e-10
-4.97706e-10
-3.96379e-10
-4.25295e-10
-3.69995e-10
-3.78786e-10
-5.563e-10
-3.91941e-10
-3.80586e-10
-3.82991e-10
-3.82976e-10
-3.80593e-10
-5.91915e-10
-5.96674e-10
-5.52169e-10
-4.79601e-10
-5.96655e-10
-3.88642e-10
-5.36889e-10
-3.98548e-10
-3.31101e-10
-3.31069e-10
-5.64993e-10
-5.65022e-10
-4.17555e-10
-4.17503e-10
-3.48915e-10
-3.4891e-10
-4.19672e-10
-4.19699e-10
-4.71038e-10
-4.70997e-10
-4.91543e-10
-4.91512e-10
-3.13269e-10
-3.15856e-10
-3.15857e-10
-3.13294e-10
-4.49913e-10
-4.52756e-10
-4.50069e-10
-4.52703e-10
-3.87417e-10
-3.87349e-10
-5.45069e-10
-5.45033e-10
-5.42057e-10
-5.42052e-10
-5.31879e-10
-5.31939e-10
-5.39287e-10
-5.39302e-10
-3.13553e-10
-3.16069e-10
-3.18434e-10
-3.20825e-10
-3.25541e-10
-3.28096e-10
-3.33764e-10
-3.36251e-10
-3.39584e-10
-3.42661e-10
-3.45767e-10
-3.49032e-10
-3.58405e-10
-3.61439e-10
-3.64119e-10
-3.66199e-10
-3.70027e-10
-3.72056e-10
-3.74003e-10
-3.75547e-10
-3.77217e-10
-3.80622e-10
-3.83116e-10
-3.8426e-10
-3.85992e-10
-3.87348e-10
-3.88822e-10
-3.9046e-10
-3.91998e-10
-3.93643e-10
-3.95023e-10
-3.96485e-10
-3.98599e-10
-4.00666e-10
-4.02909e-10
-4.05027e-10
-4.09303e-10
-4.11237e-10
-4.13218e-10
-4.15398e-10
-4.17531e-10
-4.19665e-10
-4.212e-10
-4.2341e-10
-4.2536e-10
-4.27697e-10
-4.30056e-10
-4.32499e-10
-4.3969e-10
-4.37448e-10
-4.41904e-10
-4.43546e-10
-4.55388e-10
-4.52543e-10
-4.57903e-10
-4.60501e-10
-4.63157e-10
-4.65899e-10
-4.68266e-10
-4.70879e-10
-4.76429e-10
-4.73497e-10
-4.88622e-10
-4.85527e-10
-4.91517e-10
-4.94777e-10
-4.97594e-10
-4.99919e-10
-5.02214e-10
-5.04669e-10
-5.07201e-10
-5.09734e-10
-5.12521e-10
-5.15162e-10
-5.18045e-10
-5.23426e-10
-5.2057e-10
-5.27178e-10
-5.2518e-10
-5.29399e-10
-5.31711e-10
-5.34095e-10
-5.41835e-10
-5.39212e-10
-5.44769e-10
-5.51959e-10
-5.5591e-10
-5.60385e-10
-5.68876e-10
-5.64588e-10
-5.73377e-10
-5.78016e-10
-5.82338e-10
-5.8699e-10
-5.91525e-10
-5.96159e-10
-3.23158e-10
-3.31289e-10
-3.5229e-10
-3.55434e-10
-3.68085e-10
-3.78888e-10
-4.07303e-10
-4.34968e-10
-4.46809e-10
-4.49888e-10
-4.79398e-10
-4.82404e-10
-5.36696e-10
-5.48221e-10
-2.07104e-10
-5.47303e-10
-5.45033e-10
-2.11262e-10
-5.22767e-10
-4.18953e-10
-3.98392e-10
-2.64947e-10
-5.91878e-10
-3.82563e-10
-3.64066e-10
-1.69056e-10
-4.40354e-10
-4.9907e-10
-9.62223e-11
-1.30382e-10
-4.66474e-10
-4.70009e-10
-1.26386e-10
-1.00049e-10
-4.95447e-10
-4.43313e-10
-1.63819e-10
-6.89776e-11
-5.21306e-10
-4.20697e-10
-3.66064e-10
-4.00438e-10
-2.5933e-10
-3.84291e-10
-5.86997e-10
-1.66203e-10
-4.41654e-10
-4.97349e-10
-9.80056e-11
-1.27876e-10
-4.67996e-10
-3.0808e-10
-3.32789e-10
-3.36329e-10
-6.13632e-10
-6.13315e-10
-6.13717e-10
-6.13297e-10
-6.09062e-10
-6.09028e-10
-6.08524e-10
-6.12844e-10
-7.78604e-10
-7.78715e-10
-7.78851e-10
-7.78521e-10
-6.18171e-10
-6.18206e-10
-7.75585e-10
-7.75574e-10
-6.14203e-10
-6.18664e-10
-7.78276e-10
-7.75286e-10
-7.81491e-10
-7.81519e-10
-7.79051e-10
-7.81728e-10
-7.80284e-10
-7.78195e-10
-7.76416e-10
-6.35316e-10
-6.04858e-10
-6.00805e-10
-6.00798e-10
-6.04792e-10
-6.00407e-10
-6.04356e-10
-7.37383e-10
-7.36685e-10
-7.37372e-10
-6.79431e-10
-6.79459e-10
-6.81758e-10
-6.7774e-10
-7.24572e-10
-7.24581e-10
-7.25639e-10
-7.2321e-10
-7.34152e-10
-7.33497e-10
-7.34117e-10
-7.5175e-10
-7.51745e-10
-7.53542e-10
-7.50119e-10
-7.32244e-10
-7.32281e-10
-7.32921e-10
-7.31496e-10
-7.35161e-10
-7.35567e-10
-7.35508e-10
-7.35192e-10
-7.34243e-10
-7.30002e-10
-7.30198e-10
-7.29992e-10
-7.3618e-10
-7.36272e-10
-7.04451e-10
-7.04351e-10
-7.06592e-10
-6.639e-10
-6.6403e-10
-6.64225e-10
-6.63519e-10
-6.64673e-10
-6.65021e-10
-6.64853e-10
-6.64633e-10
-6.85844e-10
-6.85915e-10
-6.88055e-10
-6.83677e-10
-7.31242e-10
-7.31644e-10
-7.31275e-10
-7.13595e-10
-7.1122e-10
-7.13597e-10
-6.22572e-10
-6.26873e-10
-6.26946e-10
-6.22685e-10
-6.81794e-10
-7.46921e-10
-7.46876e-10
-7.48387e-10
-7.48415e-10
-6.90244e-10
-6.90156e-10
-6.88017e-10
-6.61017e-10
-6.58357e-10
-6.60977e-10
-6.58337e-10
-6.50153e-10
-6.50153e-10
-6.52774e-10
-7.43471e-10
-7.45498e-10
-7.45537e-10
-7.43459e-10
-7.41531e-10
-6.65393e-10
-6.65471e-10
-6.65444e-10
-7.40197e-10
-7.40146e-10
-7.29228e-10
-7.29157e-10
-7.29882e-10
-6.73447e-10
-6.73425e-10
-6.74469e-10
-6.7202e-10
-7.25612e-10
-7.22061e-10
-7.22096e-10
-7.21112e-10
-6.94969e-10
-6.97554e-10
-6.97537e-10
-6.94948e-10
-6.55455e-10
-6.5542e-10
-6.52725e-10
-7.26812e-10
-7.26806e-10
-7.27958e-10
-6.92754e-10
-7.29608e-10
-7.29641e-10
-7.28753e-10
-7.36667e-10
-7.71017e-10
-7.73464e-10
-7.73472e-10
-7.71046e-10
-7.15562e-10
-7.15608e-10
-7.1834e-10
-6.38265e-10
-6.41599e-10
-6.41503e-10
-6.38184e-10
-6.35195e-10
-7.2964e-10
-7.29626e-10
-7.30636e-10
-6.70161e-10
-6.70062e-10
-6.70797e-10
-7.55356e-10
-7.55311e-10
-7.57362e-10
-7.08832e-10
-7.08801e-10
-7.06526e-10
-6.44233e-10
-6.99798e-10
-7.02596e-10
-7.02481e-10
-6.99887e-10
-6.31197e-10
-6.31233e-10
-6.62467e-10
-6.62402e-10
-7.66661e-10
-7.6867e-10
-7.68762e-10
-7.66603e-10
-7.6477e-10
-7.64858e-10
-6.76555e-10
-6.77852e-10
-6.76532e-10
-7.34205e-10
-6.63483e-10
-7.31705e-10
-7.31718e-10
-7.31638e-10
-7.31738e-10
-6.35238e-10
-7.39309e-10
-7.39596e-10
-7.39389e-10
-7.39515e-10
-7.21202e-10
-7.19905e-10
-7.53606e-10
-7.39217e-10
-7.39268e-10
-7.38544e-10
-7.3153e-10
-7.30939e-10
-6.64299e-10
-7.60883e-10
-7.60934e-10
-7.62898e-10
-7.58811e-10
-7.58865e-10
-6.70785e-10
-7.31734e-10
-7.3067e-10
-6.92812e-10
-7.30213e-10
-6.72077e-10
-7.3085e-10
-7.29922e-10
-7.50153e-10
-7.32949e-10
-6.44311e-10
-7.2e-10
-6.75431e-10
-6.74482e-10
-6.75461e-10
-7.28824e-10
-6.65424e-10
-7.41419e-10
-7.33469e-10
-7.23248e-10
-7.38612e-10
-7.62897e-10
-7.5737e-10
-7.11151e-10
-7.27877e-10
-7.18349e-10
-6.837e-10
-6.66632e-10
-6.67876e-10
-6.67881e-10
-6.66538e-10
-6.65851e-10
-6.65894e-10
-6.6538e-10
-6.65364e-10
-7.38101e-10
-7.38141e-10
-7.30663e-10
-7.30628e-10
-7.31744e-10
-7.31852e-10
-7.31846e-10
-7.31738e-10
-6.47232e-10
-6.47198e-10
-6.68984e-10
-6.68943e-10
-7.28959e-10
-7.28928e-10
-6.23102e-10
-6.27379e-10
-6.38382e-10
-6.41889e-10
-6.47398e-10
-6.50211e-10
-6.52931e-10
-6.55626e-10
-6.5855e-10
-6.61069e-10
-6.62485e-10
-6.63608e-10
-6.64022e-10
-6.64279e-10
-6.65353e-10
-6.65484e-10
-6.65908e-10
-6.66551e-10
-6.68978e-10
-6.70002e-10
-6.72174e-10
-6.73473e-10
-6.75606e-10
-6.76582e-10
-6.77911e-10
-6.79494e-10
-6.81864e-10
-6.83818e-10
-6.8814e-10
-6.90351e-10
-6.92904e-10
-6.94952e-10
-6.97567e-10
-6.9993e-10
-7.02586e-10
-7.04334e-10
-7.06513e-10
-7.0876e-10
-7.11039e-10
-7.13525e-10
-7.15672e-10
-7.18167e-10
-7.19936e-10
-7.21272e-10
-7.22045e-10
-7.23132e-10
-7.24453e-10
-7.25548e-10
-7.267e-10
-7.27958e-10
-7.2946e-10
-7.3172e-10
-7.3064e-10
-7.31726e-10
-7.3178e-10
-7.31653e-10
-7.31229e-10
-7.30726e-10
-7.29934e-10
-7.29573e-10
-7.28903e-10
-7.28994e-10
-7.3081e-10
-7.31549e-10
-7.32897e-10
-7.33392e-10
-7.34052e-10
-7.35178e-10
-7.34261e-10
-7.36641e-10
-7.36158e-10
-7.38619e-10
-7.38049e-10
-7.39187e-10
-7.39504e-10
-7.4006e-10
-7.39484e-10
-7.4142e-10
-7.43353e-10
-7.45246e-10
-7.48335e-10
-7.46743e-10
-7.49937e-10
-7.51647e-10
-7.53437e-10
-7.5519e-10
-7.57227e-10
-7.62595e-10
-7.60672e-10
-7.66418e-10
-7.68477e-10
-7.70798e-10
-7.73154e-10
-6.3163e-10
-6.35615e-10
-6.44569e-10
-6.64728e-10
-6.65009e-10
-6.65478e-10
-6.6793e-10
-6.70937e-10
-6.74463e-10
-6.85973e-10
-7.31904e-10
-7.30298e-10
-7.29161e-10
-7.29964e-10
-7.32222e-10
-7.35548e-10
-7.37331e-10
-7.58627e-10
-7.64541e-10
-8.25444e-10
-8.26167e-10
-8.26311e-10
-8.25431e-10
-8.24059e-10
-7.93178e-10
-7.93121e-10
-7.96095e-10
-8.49894e-10
-8.47595e-10
-8.49846e-10
-8.73761e-10
-8.71389e-10
-8.73644e-10
-8.02456e-10
-7.99342e-10
-8.02441e-10
-8.54026e-10
-8.5406e-10
-8.56494e-10
-8.51855e-10
-8.60542e-10
-8.60451e-10
-8.62414e-10
-8.20322e-10
-8.186e-10
-8.20332e-10
-8.18701e-10
-8.47671e-10
-8.45933e-10
-7.99327e-10
-8.82138e-10
-8.80309e-10
-8.82137e-10
-8.62438e-10
-8.27243e-10
-8.27256e-10
-8.28166e-10
-8.38499e-10
-8.38504e-10
-8.39858e-10
-8.37192e-10
-8.11768e-10
-8.11762e-10
-8.13001e-10
-8.10052e-10
-8.51923e-10
-8.13e-10
-8.40026e-10
-8.36312e-10
-8.36322e-10
-8.34855e-10
-8.34904e-10
-8.6686e-10
-8.64723e-10
-8.66865e-10
-8.3351e-10
-8.33518e-10
-8.80334e-10
-8.31888e-10
-8.30604e-10
-8.319e-10
-8.24092e-10
-8.22618e-10
-8.71426e-10
-8.69069e-10
-8.08897e-10
-8.08929e-10
-8.05747e-10
-7.96111e-10
-8.69158e-10
-8.10085e-10
-8.64685e-10
-8.05752e-10
-8.28177e-10
-8.56476e-10
-8.37199e-10
-8.30684e-10
-8.4596e-10
-8.22609e-10
-8.76118e-10
-8.78184e-10
-8.78229e-10
-8.7617e-10
-7.89785e-10
-7.89914e-10
-8.41768e-10
-8.43972e-10
-8.44e-10
-8.4179e-10
-8.58489e-10
-8.58559e-10
-7.84259e-10
-7.86942e-10
-7.84271e-10
-7.8694e-10
-8.16676e-10
-8.16643e-10
-8.14808e-10
-8.14741e-10
-8.29334e-10
-8.29427e-10
-7.84391e-10
-7.90146e-10
-7.93286e-10
-7.9635e-10
-7.99501e-10
-8.0604e-10
-8.09059e-10
-8.10161e-10
-8.13153e-10
-8.14944e-10
-8.18742e-10
-8.20554e-10
-8.22609e-10
-8.24105e-10
-8.25547e-10
-8.262e-10
-8.27322e-10
-8.30786e-10
-8.3198e-10
-8.33443e-10
-8.34896e-10
-8.36294e-10
-8.37253e-10
-8.40157e-10
-8.4194e-10
-8.45957e-10
-8.47854e-10
-8.49884e-10
-8.51937e-10
-8.58521e-10
-8.60463e-10
-8.62455e-10
-8.64668e-10
-8.69117e-10
-8.71405e-10
-8.76273e-10
-8.78263e-10
-8.8031e-10
-8.82023e-10
-7.87229e-10
-8.02632e-10
-8.11854e-10
-8.16769e-10
-8.28354e-10
-8.29471e-10
-8.3862e-10
-8.44101e-10
-8.54109e-10
-8.56487e-10
-8.66932e-10
-8.73685e-10
-7.01913e-10
-7.39832e-10
-7.40391e-10
-6.99587e-10
-7.21502e-10
-7.35167e-10
-6.77464e-10
-7.56679e-10
-6.66501e-10
-6.63104e-10
-7.29168e-10
-7.31877e-10
-7.31939e-10
-7.28982e-10
-7.21895e-10
-6.38421e-10
-7.34567e-10
-6.63527e-10
-6.79779e-10
-6.67737e-10
-7.55064e-10
-7.29023e-10
-7.32301e-10
-7.77746e-10
-8.58027e-10
-8.55881e-10
-8.77691e-10
-8.36586e-10
-8.25129e-10
-8.08046e-10
-8.79563e-10
-8.10035e-10
-8.26248e-10
-8.38593e-10
-1.03989e-09
-1.03972e-09
-1.03991e-09
-1.03962e-09
-1.03641e-09
-1.03638e-09
-1.03936e-09
-1.03602e-09
-1.04365e-09
-1.04366e-09
-1.04048e-09
-1.04394e-09
-1.05732e-09
-1.02258e-09
-1.02258e-09
-1.01989e-09
-1.02258e-09
-1.01996e-09
-9.64006e-10
-9.61882e-10
-9.64021e-10
-9.67618e-10
-9.67644e-10
-9.70379e-10
-9.65266e-10
-9.87372e-10
-9.87347e-10
-9.89876e-10
-1.01274e-09
-1.01276e-09
-1.0162e-09
-1.0162e-09
-9.25638e-10
-9.23501e-10
-9.25539e-10
-9.23461e-10
-9.5292e-10
-9.52838e-10
-9.54787e-10
-9.5057e-10
-9.73019e-10
-9.75446e-10
-9.75478e-10
-9.72951e-10
-9.77714e-10
-1.03297e-09
-9.3989e-10
-9.37786e-10
-9.39825e-10
-9.21422e-10
-8.94876e-10
-8.92593e-10
-8.94854e-10
-9.35845e-10
-9.35804e-10
-9.33697e-10
-9.33805e-10
-9.13592e-10
-9.13599e-10
-9.16071e-10
-9.11174e-10
-9.06306e-10
-9.06205e-10
-9.08529e-10
-9.03358e-10
-1.03297e-09
-1.02941e-09
-9.77772e-10
-9.80328e-10
-9.85008e-10
-9.8262e-10
-9.84976e-10
-9.16126e-10
-9.18749e-10
-9.57233e-10
-9.57272e-10
-9.59799e-10
-8.88086e-10
-8.8813e-10
-8.90331e-10
-8.85722e-10
-8.85765e-10
-8.83844e-10
-8.92635e-10
-9.82649e-10
-9.93227e-10
-9.93206e-10
-9.96464e-10
-9.21391e-10
-9.18798e-10
-9.65229e-10
-9.00785e-10
-9.00853e-10
-9.11098e-10
-9.37817e-10
-8.90382e-10
-9.61919e-10
-9.31248e-10
-9.44508e-10
-9.44549e-10
-9.46093e-10
-9.08561e-10
-9.46025e-10
-9.48307e-10
-9.59743e-10
-9.50492e-10
-9.4831e-10
-9.89913e-10
-9.54862e-10
-9.03366e-10
-1.00615e-09
-1.00612e-09
-1.00928e-09
-1.02933e-09
-1.00928e-09
-9.96391e-10
-9.31312e-10
-9.29558e-10
-9.2743e-10
-9.29582e-10
-9.2749e-10
-9.70379e-10
-8.83834e-10
-9.80277e-10
-1.02578e-09
-1.02586e-09
-8.97207e-10
-8.99048e-10
-8.99081e-10
-8.97191e-10
-1.00309e-09
-1.00303e-09
-1.00025e-09
-1.00022e-09
-9.42273e-10
-9.42297e-10
-8.83778e-10
-8.85767e-10
-8.88026e-10
-8.97159e-10
-8.99069e-10
-9.03393e-10
-9.00842e-10
-9.06139e-10
-9.11016e-10
-9.08439e-10
-9.13529e-10
-9.16044e-10
-9.21247e-10
-9.18743e-10
-9.27421e-10
-9.25452e-10
-9.29492e-10
-9.35669e-10
-9.33633e-10
-9.37733e-10
-9.44446e-10
-9.45959e-10
-9.50393e-10
-9.48177e-10
-9.61689e-10
-9.59522e-10
-9.65102e-10
-9.63953e-10
-8.90403e-10
-8.92631e-10
-8.94876e-10
-9.23432e-10
-9.31348e-10
-9.39761e-10
-9.42206e-10
-9.52677e-10
-9.54796e-10
-9.57119e-10
-9.67535e-10
-9.70187e-10
-9.72723e-10
-9.77675e-10
-9.75296e-10
-9.80089e-10
-9.82516e-10
-9.84755e-10
-9.87168e-10
-9.89686e-10
-9.92949e-10
-9.99923e-10
-1.0028e-09
-1.00593e-09
-1.00911e-09
-1.0124e-09
-1.01579e-09
-1.0224e-09
-1.01949e-09
-1.02545e-09
-1.02899e-09
-9.96127e-10
-1.03259e-09
-1.06672e-09
-1.06673e-09
-1.06982e-09
-1.06369e-09
-1.09505e-09
-1.09464e-09
-1.09496e-09
-1.06445e-09
-1.06443e-09
-1.06445e-09
-1.06449e-09
-1.06155e-09
-1.06151e-09
-1.06095e-09
-1.09388e-09
-1.09344e-09
-1.09399e-09
-1.04692e-09
-1.0961e-09
-1.0962e-09
-1.09605e-09
-1.06355e-09
-1.06354e-09
-1.06297e-09
-1.06373e-09
-1.04575e-09
-1.04573e-09
-1.04419e-09
-1.04694e-09
-1.02898e-09
-1.02723e-09
-1.02718e-09
-1.0289e-09
-1.03138e-09
-1.03136e-09
-1.07762e-09
-1.07765e-09
-1.07581e-09
-1.06811e-09
-1.06809e-09
-1.06629e-09
-1.02176e-09
-1.02176e-09
-1.01922e-09
-1.09135e-09
-1.09147e-09
-1.0902e-09
-1.09309e-09
-1.09307e-09
-1.02467e-09
-1.08371e-09
-1.08373e-09
-1.08218e-09
-1.08505e-09
-1.09073e-09
-1.09057e-09
-1.09071e-09
-1.09063e-09
-1.09492e-09
-1.09482e-09
-1.09451e-09
-1.0954e-09
-1.09542e-09
-1.08928e-09
-1.08926e-09
-1.09027e-09
-1.03309e-09
-1.03499e-09
-1.03308e-09
-1.035e-09
-1.03711e-09
-1.09458e-09
-1.05028e-09
-1.04691e-09
-1.0502e-09
-1.09238e-09
-1.09227e-09
-1.09127e-09
-1.05872e-09
-1.05866e-09
-1.05785e-09
-1.05883e-09
-1.07348e-09
-1.07339e-09
-1.07149e-09
-1.07493e-09
-1.0946e-09
-1.09533e-09
-1.09259e-09
-1.09258e-09
-1.09311e-09
-1.09193e-09
-1.09658e-09
-1.09656e-09
-1.09602e-09
-1.09629e-09
-1.04884e-09
-1.04873e-09
-1.09162e-09
-1.09224e-09
-1.09228e-09
-1.09161e-09
-1.09361e-09
-1.09355e-09
-1.09277e-09
-1.09627e-09
-1.09614e-09
-1.09627e-09
-1.06094e-09
-1.05991e-09
-1.09351e-09
-1.05997e-09
-1.08513e-09
-1.08685e-09
-1.08687e-09
-1.09126e-09
-1.09131e-09
-1.04418e-09
-1.04245e-09
-1.09016e-09
-1.0577e-09
-1.06075e-09
-1.06079e-09
-1.05771e-09
-1.05381e-09
-1.09631e-09
-1.09595e-09
-1.09602e-09
-1.09627e-09
-1.09541e-09
-1.09534e-09
-1.09575e-09
-1.08238e-09
-1.0824e-09
-1.08562e-09
-1.0796e-09
-1.03708e-09
-1.09302e-09
-1.09297e-09
-1.08114e-09
-1.07884e-09
-1.07884e-09
-1.0812e-09
-1.05383e-09
-1.05524e-09
-1.05382e-09
-1.07602e-09
-1.04693e-09
-1.09448e-09
-1.0553e-09
-1.06989e-09
-1.07327e-09
-1.01676e-09
-1.01932e-09
-1.01676e-09
-1.09199e-09
-1.05379e-09
-1.07502e-09
-1.09468e-09
-1.05785e-09
-1.06301e-09
-1.09605e-09
-1.08219e-09
-1.09535e-09
-1.09628e-09
-1.0953e-09
-1.0912e-09
-1.08555e-09
-1.07336e-09
-1.07141e-09
-1.04238e-09
-1.09577e-09
-1.0957e-09
-1.02477e-09
-1.09282e-09
-1.09537e-09
-1.09026e-09
-1.09316e-09
-1.05883e-09
-1.07964e-09
-1.0663e-09
-1.09595e-09
-1.09586e-09
-1.09579e-09
-1.06585e-09
-1.06589e-09
-1.06248e-09
-1.06248e-09
-1.03899e-09
-1.03904e-09
-1.04053e-09
-1.0405e-09
-1.06991e-09
-1.06985e-09
-1.09613e-09
-1.09617e-09
-1.08803e-09
-1.08803e-09
-1.08862e-09
-1.08873e-09
-1.09446e-09
-1.09441e-09
-1.09397e-09
-1.09393e-09
-1.09114e-09
-1.09117e-09
-1.05002e-09
-1.05004e-09
-1.05118e-09
-1.05112e-09
-1.05241e-09
-1.05249e-09
-1.05663e-09
-1.05659e-09
-1.01417e-09
-1.01459e-09
-1.07641e-09
-1.07643e-09
-1.05798e-09
-1.06096e-09
-1.064e-09
-1.06702e-09
-1.07023e-09
-1.07359e-09
-1.08268e-09
-1.08582e-09
-1.08815e-09
-1.08929e-09
-1.09026e-09
-1.09124e-09
-1.09195e-09
-1.09258e-09
-1.09325e-09
-1.09402e-09
-1.09452e-09
-1.09534e-09
-1.09578e-09
-1.09532e-09
-1.09478e-09
-1.09281e-09
-1.0922e-09
-1.09125e-09
-1.09115e-09
-1.09049e-09
-1.09069e-09
-1.0916e-09
-1.09304e-09
-1.09361e-09
-1.09403e-09
-1.09457e-09
-1.09628e-09
-1.09651e-09
-1.09621e-09
-1.09616e-09
-1.09605e-09
-1.09614e-09
-1.09581e-09
-1.09569e-09
-1.09537e-09
-1.09468e-09
-1.09023e-09
-1.09153e-09
-1.0886e-09
-1.08692e-09
-1.08383e-09
-1.08522e-09
-1.08214e-09
-1.08126e-09
-1.07882e-09
-1.075e-09
-1.07622e-09
-1.07336e-09
-1.06994e-09
-1.07153e-09
-1.06827e-09
-1.06636e-09
-1.06595e-09
-1.06454e-09
-1.06354e-09
-1.0631e-09
-1.06161e-09
-1.0624e-09
-1.06089e-09
-1.05996e-09
-1.05895e-09
-1.05784e-09
-1.05872e-09
-1.05666e-09
-1.05538e-09
-1.05118e-09
-1.0525e-09
-1.04998e-09
-1.04878e-09
-1.04705e-09
-1.04585e-09
-1.04246e-09
-1.04427e-09
-1.03714e-09
-1.03517e-09
-1.0332e-09
-1.02908e-09
-1.03151e-09
-1.02495e-09
-1.02738e-09
-1.02205e-09
-1.04726e-09
-1.0505e-09
-1.05412e-09
-1.07668e-09
-1.07982e-09
-1.09592e-09
-1.09428e-09
-1.09349e-09
-1.09227e-09
-1.09494e-09
-1.09531e-09
-1.09598e-09
-1.09617e-09
-1.0931e-09
-1.07765e-09
-1.06439e-09
-1.05388e-09
-1.04065e-09
-1.03901e-09
-1.01954e-09
-1.017e-09
-1.01428e-09
-1.0461e-09
-1.04719e-09
-1.09095e-09
-1.09052e-09
-9.63965e-10
-9.65915e-10
-9.43965e-10
-1.09612e-09
-1.0587e-09
-9.89941e-10
-1.09628e-09
-1.02736e-09
-1.08837e-09
-1.0649e-09
-1.09579e-09
-8.97725e-10
-9.2481e-10
-1.07978e-09
-1.08179e-09
-9.2184e-10
-9.00384e-10
-1.09498e-09
-1.06631e-09
-9.4272e-10
-1.06083e-09
-1.09624e-09
-1.05891e-09
-1.08928e-09
-9.8737e-10
-1.01921e-09
-1.02924e-09
-1.09567e-09
-1.06548e-09
-1.09598e-09
-8.98867e-10
-9.23467e-10
-1.08093e-09
-9.99333e-10
-9.99864e-10
-9.99657e-10
-9.99642e-10
-1e-09
-1.00293e-09
-1.00295e-09
-1.00309e-09
-1.00015e-09
-7.15797e-10
-7.15977e-10
-7.15669e-10
-7.15912e-10
-7.1777e-10
-7.17735e-10
-9.97091e-10
-9.97068e-10
-9.9936e-10
-9.96792e-10
-7.16122e-10
-7.17887e-10
-7.13769e-10
-7.13754e-10
-7.15522e-10
-7.13525e-10
-9.98e-10
-9.99744e-10
-1.00173e-09
-7.05517e-10
-7.24674e-10
-1.00518e-09
-1.0079e-09
-1.00792e-09
-1.01091e-09
-1.01095e-09
-1.00519e-09
-1.01118e-09
-1.00547e-09
-1.00822e-09
-8.11289e-10
-8.11335e-10
-8.08711e-10
-7.82443e-10
-7.82444e-10
-7.79212e-10
-7.84759e-10
-9.79941e-10
-9.79918e-10
-9.77748e-10
-8.00955e-10
-8.00934e-10
-7.97947e-10
-9.61363e-10
-9.61297e-10
-9.58151e-10
-8.35158e-10
-8.3809e-10
-8.3507e-10
-7.64233e-10
-7.64317e-10
-7.62324e-10
-7.66789e-10
-7.66801e-10
-8.78803e-10
-8.78689e-10
-8.75521e-10
-8.83132e-10
-8.28614e-10
-8.28674e-10
-8.25194e-10
-9.86793e-10
-9.84404e-10
-9.84454e-10
-9.86735e-10
-9.52228e-10
-9.55332e-10
-9.52282e-10
-7.56229e-10
-7.5873e-10
-7.56446e-10
-8.38203e-10
-8.40565e-10
-7.88964e-10
-7.89084e-10
-7.87185e-10
-7.92002e-10
-9.94369e-10
-9.94394e-10
-9.91754e-10
-7.79532e-10
-7.77099e-10
-8.2525e-10
-8.22268e-10
-9.64709e-10
-9.67576e-10
-9.64603e-10
-8.82953e-10
-8.86598e-10
-9.10433e-10
-9.06782e-10
-9.06839e-10
-9.10449e-10
-7.69328e-10
-7.69265e-10
-7.71832e-10
-8.9099e-10
-8.91054e-10
-9.27637e-10
-9.23964e-10
-9.23976e-10
-9.27666e-10
-9.30808e-10
-9.30812e-10
-9.82166e-10
-9.821e-10
-8.57196e-10
-8.57177e-10
-8.53805e-10
-8.60429e-10
-9.44385e-10
-9.48162e-10
-9.44338e-10
-8.03772e-10
-8.05909e-10
-8.03822e-10
-9.20089e-10
-9.20076e-10
-9.16522e-10
-8.0603e-10
-8.71233e-10
-8.71161e-10
-8.68725e-10
-9.77838e-10
-9.5539e-10
-8.6031e-10
-7.92061e-10
-7.94898e-10
-7.62428e-10
-8.86586e-10
-7.84759e-10
-8.08759e-10
-8.75461e-10
-8.53907e-10
-8.51087e-10
-9.70408e-10
-9.7036e-10
-9.48241e-10
-8.68618e-10
-9.1659e-10
-7.58823e-10
-7.60363e-10
-9.02979e-10
-9.02978e-10
-8.99474e-10
-7.7719e-10
-7.74805e-10
-7.97899e-10
-8.95334e-10
-8.95341e-10
-9.5816e-10
-8.22305e-10
-7.95035e-10
-7.7188e-10
-9.67592e-10
-8.42678e-10
-8.40582e-10
-8.42673e-10
-9.91679e-10
-9.8895e-10
-8.51156e-10
-7.60431e-10
-8.99356e-10
-7.87219e-10
-7.74687e-10
-9.88988e-10
-8.14143e-10
-8.14148e-10
-8.48543e-10
-8.45441e-10
-8.45397e-10
-8.4845e-10
-8.31828e-10
-8.31865e-10
-9.34224e-10
-9.3423e-10
-9.37687e-10
-9.37637e-10
-9.40732e-10
-9.40747e-10
-9.13031e-10
-9.13064e-10
-8.1674e-10
-8.16793e-10
-8.19612e-10
-8.19593e-10
-9.75781e-10
-9.73394e-10
-9.73459e-10
-9.7577e-10
-8.63098e-10
-8.63081e-10
-8.65855e-10
-8.65875e-10
-7.31982e-10
-7.31985e-10
-7.30624e-10
-7.27173e-10
-7.27211e-10
-7.26656e-10
-7.27983e-10
-7.34504e-10
-7.35971e-10
-7.34468e-10
-7.42408e-10
-7.42388e-10
-7.41872e-10
-7.4192e-10
-7.5377e-10
-7.53465e-10
-7.51161e-10
-7.55267e-10
-7.38797e-10
-7.3881e-10
-7.37251e-10
-7.40494e-10
-7.40484e-10
-7.2386e-10
-7.23837e-10
-7.22567e-10
-7.24862e-10
-7.24858e-10
-7.26207e-10
-7.30644e-10
-7.30296e-10
-7.22667e-10
-7.48842e-10
-7.4882e-10
-7.46682e-10
-7.28519e-10
-7.27923e-10
-7.28411e-10
-7.29074e-10
-7.37332e-10
-7.51167e-10
-7.26091e-10
-7.26712e-10
-7.29624e-10
-7.29668e-10
-7.44487e-10
-7.44497e-10
-7.55379e-10
-7.19368e-10
-7.29135e-10
-7.46709e-10
-7.30331e-10
-7.19417e-10
-7.3594e-10
-7.33213e-10
-7.333e-10
-7.41153e-10
-7.41133e-10
-7.21069e-10
-7.21058e-10
-9.94144e-10
-9.91482e-10
-9.88956e-10
-9.86529e-10
-9.84213e-10
-9.81957e-10
-9.7977e-10
-9.77764e-10
-9.75585e-10
-9.73178e-10
-9.64243e-10
-9.60986e-10
-9.55054e-10
-9.51925e-10
-9.47932e-10
-9.44141e-10
-9.40559e-10
-9.37534e-10
-9.3408e-10
-9.30754e-10
-9.27446e-10
-9.23696e-10
-9.1644e-10
-9.12919e-10
-9.10363e-10
-9.06579e-10
-9.02862e-10
-8.99174e-10
-8.95142e-10
-8.90834e-10
-8.86632e-10
-8.78574e-10
-8.75281e-10
-8.71074e-10
-8.65692e-10
-8.62963e-10
-8.60139e-10
-8.56982e-10
-8.53966e-10
-8.51142e-10
-8.48448e-10
-8.45445e-10
-8.42711e-10
-8.38128e-10
-8.34959e-10
-8.31744e-10
-8.28587e-10
-8.25419e-10
-8.19713e-10
-8.16852e-10
-8.14109e-10
-8.11334e-10
-8.0886e-10
-8.06213e-10
-8.03709e-10
-7.98046e-10
-8.00927e-10
-7.951e-10
-7.92206e-10
-7.89166e-10
-7.87315e-10
-7.84864e-10
-7.82497e-10
-7.74704e-10
-7.77333e-10
-7.69371e-10
-7.66907e-10
-7.62525e-10
-7.64359e-10
-7.58838e-10
-7.60509e-10
-7.56634e-10
-7.55419e-10
-7.48949e-10
-7.51268e-10
-7.46836e-10
-7.44748e-10
-7.42479e-10
-7.41973e-10
-7.41146e-10
-7.40359e-10
-7.37455e-10
-7.38985e-10
-7.34527e-10
-7.35979e-10
-7.3202e-10
-7.33273e-10
-7.30639e-10
-7.29718e-10
-7.30312e-10
-7.28442e-10
-7.29161e-10
-7.27215e-10
-7.27817e-10
-7.26092e-10
-7.26706e-10
-7.2497e-10
-7.23974e-10
-7.22879e-10
-7.21272e-10
-7.19655e-10
-9.70183e-10
-9.67414e-10
-9.57853e-10
-9.19946e-10
-8.82741e-10
-8.68603e-10
-8.40621e-10
-8.22333e-10
-7.79712e-10
-7.71977e-10
-7.53461e-10
-6.87703e-10
-6.87803e-10
-6.83894e-10
-6.89955e-10
-6.15564e-10
-6.1546e-10
-6.14138e-10
-7.03821e-10
-7.0521e-10
-7.03767e-10
-6.43984e-10
-6.4599e-10
-6.43958e-10
-6.98869e-10
-6.98749e-10
-6.97046e-10
-6.33997e-10
-6.33887e-10
-6.32221e-10
-6.36269e-10
-6.56706e-10
-6.56606e-10
-6.54615e-10
-6.59747e-10
-6.92878e-10
-6.94586e-10
-6.92844e-10
-6.07962e-10
-6.09568e-10
-6.07917e-10
-6.23732e-10
-6.2174e-10
-6.2176e-10
-6.23681e-10
-6.48136e-10
-6.50112e-10
-6.48075e-10
-6.32309e-10
-6.65761e-10
-6.65678e-10
-6.61728e-10
-6.40312e-10
-6.38268e-10
-6.38318e-10
-6.4023e-10
-6.97043e-10
-6.95709e-10
-6.286e-10
-6.27038e-10
-6.27102e-10
-6.28632e-10
-6.61695e-10
-7.09524e-10
-7.0957e-10
-7.07176e-10
-7.1166e-10
-7.11748e-10
-6.83916e-10
-6.09623e-10
-6.69148e-10
-6.72655e-10
-6.69174e-10
-6.50098e-10
-6.12793e-10
-6.12666e-10
-6.89913e-10
-6.91482e-10
-6.91384e-10
-6.52198e-10
-6.52233e-10
-6.59583e-10
-6.54507e-10
-7.0517e-10
-6.36338e-10
-6.95799e-10
-6.46005e-10
-6.94635e-10
-6.72939e-10
-6.1421e-10
-7.07245e-10
-7.02085e-10
-7.00451e-10
-7.02065e-10
-7.0049e-10
-6.16662e-10
-6.16605e-10
-6.42107e-10
-6.41984e-10
-6.05883e-10
-6.04173e-10
-6.05807e-10
-6.18382e-10
-6.18405e-10
-6.25191e-10
-6.25255e-10
-6.30468e-10
-6.30563e-10
-6.20279e-10
-6.20285e-10
-6.7673e-10
-6.76714e-10
-6.80217e-10
-6.80303e-10
-6.11154e-10
-6.11182e-10
-7.09341e-10
-7.07048e-10
-7.04995e-10
-7.03641e-10
-7.021e-10
-7.00343e-10
-6.97075e-10
-6.95701e-10
-6.94463e-10
-6.92744e-10
-6.91417e-10
-6.89834e-10
-6.87531e-10
-6.83554e-10
-6.80012e-10
-6.72762e-10
-6.69092e-10
-6.61655e-10
-6.59469e-10
-6.56372e-10
-6.45921e-10
-6.43861e-10
-6.40135e-10
-6.38239e-10
-6.3617e-10
-6.30436e-10
-6.28627e-10
-6.2697e-10
-6.23545e-10
-6.21675e-10
-6.20288e-10
-6.18325e-10
-6.16552e-10
-6.15337e-10
-6.14168e-10
-6.12596e-10
-6.11137e-10
-7.11424e-10
-6.98658e-10
-6.76335e-10
-6.65413e-10
-6.54357e-10
-6.52132e-10
-6.49992e-10
-6.4799e-10
-6.41933e-10
-6.33836e-10
-6.3226e-10
-6.25278e-10
-6.0954e-10
-6.07874e-10
-6.0581e-10
-8.6857e-10
-7.44539e-10
-7.43389e-10
-8.71449e-10
-6.18652e-10
-7.62193e-10
-9.10447e-10
-7.30646e-10
-9.45288e-10
-9.76076e-10
-8.44844e-10
-7.85695e-10
-8.1601e-10
-8.12113e-10
-7.88644e-10
-8.41364e-10
-6.17212e-10
-7.63747e-10
-9.73009e-10
-7.25179e-10
-9.06556e-10
-9.40921e-10
-7.3199e-10
-8.43317e-10
-7.87185e-10
-8.14231e-10
-6.02746e-10
-6.34339e-10
-6.36096e-10
-6.56058e-10
-6.90104e-10
-7.03666e-10
-6.87066e-10
-6.54121e-10
-4.89591e-10
-4.90452e-10
-4.89622e-10
-4.90354e-10
-4.96473e-10
-4.96533e-10
-4.96844e-10
-4.9109e-10
-4.80895e-10
-4.80885e-10
-4.88912e-10
-4.80325e-10
-1.34844e-10
-1.35232e-10
-1.34964e-10
-4.90307e-10
-4.94355e-10
-4.84514e-10
-1.34574e-10
-5.44412e-10
-5.4754e-10
-5.44311e-10
-5.8619e-10
-5.86176e-10
-5.85378e-10
-5.69197e-10
-5.69162e-10
-5.6832e-10
-5.74559e-10
-5.73356e-10
-5.73449e-10
-5.74538e-10
-5.75962e-10
-5.88648e-10
-5.88578e-10
-5.87653e-10
-5.90575e-10
-5.8445e-10
-5.84492e-10
-5.83876e-10
-5.84895e-10
-5.54304e-10
-5.56378e-10
-5.54283e-10
-5.08593e-10
-5.08549e-10
-5.04024e-10
-5.6673e-10
-5.66817e-10
-5.65948e-10
-6.04126e-10
-6.02621e-10
-5.90715e-10
-5.83924e-10
-5.83314e-10
-5.62121e-10
-5.62307e-10
-5.61144e-10
-5.63319e-10
-5.83359e-10
-5.56398e-10
-5.58662e-10
-5.58618e-10
-5.98068e-10
-5.98085e-10
-5.96551e-10
-5.99727e-10
-5.39337e-10
-5.41778e-10
-5.39251e-10
-5.87707e-10
-5.04112e-10
-5.17147e-10
-5.13163e-10
-5.13626e-10
-5.17161e-10
-5.84923e-10
-5.29062e-10
-5.29052e-10
-5.2494e-10
-5.68443e-10
-6.01583e-10
-5.99708e-10
-6.01574e-10
-5.59938e-10
-5.25012e-10
-6.02657e-10
-5.41723e-10
-5.93664e-10
-5.92575e-10
-5.92515e-10
-5.93622e-10
-5.64778e-10
-5.64775e-10
-5.36165e-10
-5.32836e-10
-5.3283e-10
-5.36137e-10
-5.94851e-10
-5.95026e-10
-5.96643e-10
-5.60058e-10
-5.85453e-10
-5.61198e-10
-5.75937e-10
-5.66029e-10
-5.63348e-10
-5.47247e-10
-5.87076e-10
-5.87151e-10
-5.7098e-10
-5.70989e-10
-5.78834e-10
-5.77448e-10
-5.77519e-10
-5.7891e-10
-5.79821e-10
-5.79829e-10
-5.51964e-10
-5.5188e-10
-5.91531e-10
-5.91487e-10
-5.80955e-10
-5.80939e-10
-5.81695e-10
-5.81678e-10
-5.82711e-10
-5.8272e-10
-5.83069e-10
-5.83036e-10
-5.49791e-10
-5.49821e-10
-5.72332e-10
-5.7229e-10
-4.99808e-10
-4.99729e-10
-5.20975e-10
-5.20966e-10
-6.04226e-10
-6.02605e-10
-6.01444e-10
-5.99772e-10
-5.98105e-10
-5.96619e-10
-5.93737e-10
-5.95065e-10
-5.91536e-10
-5.92526e-10
-5.90725e-10
-5.87787e-10
-5.87136e-10
-5.85489e-10
-5.86198e-10
-5.83972e-10
-5.84525e-10
-5.82989e-10
-5.83486e-10
-5.81676e-10
-5.82648e-10
-5.80865e-10
-5.79834e-10
-5.78787e-10
-5.77516e-10
-5.76059e-10
-5.74605e-10
-5.73375e-10
-5.69243e-10
-5.68441e-10
-5.6614e-10
-5.64853e-10
-5.62344e-10
-5.6352e-10
-5.60143e-10
-5.58883e-10
-5.54416e-10
-5.56536e-10
-5.52029e-10
-5.49912e-10
-5.4726e-10
-5.44523e-10
-5.41867e-10
-5.39469e-10
-5.36314e-10
-5.33121e-10
-5.294e-10
-5.21302e-10
-5.25468e-10
-5.17589e-10
-5.13347e-10
-5.0886e-10
-5.04556e-10
-5.00175e-10
-5.88633e-10
-5.84927e-10
-5.72279e-10
-5.71117e-10
-5.66966e-10
-5.61285e-10
-5.71947e-10
-5.70784e-10
-5.82637e-10
-5.58906e-10
-5.33529e-10
-6.03769e-10
-5.88046e-10
-5.89947e-10
-6.0174e-10
-5.82878e-10
-5.60218e-10
-5.36447e-10
-5.88344e-10
-4.91276e-10
-2.45698e-10
-2.49419e-10
-2.45648e-10
-1.785e-10
-1.78557e-10
-1.76803e-10
-4.35477e-10
-4.44619e-10
-4.35466e-10
-4.44427e-10
-1.3358e-10
-1.33686e-10
-1.34008e-10
-1.3505e-10
-1.35029e-10
-1.34549e-10
-1.34887e-10
-1.34789e-10
-1.34845e-10
-1.33201e-10
-1.36464e-10
-3.99372e-10
-3.99351e-10
-3.91047e-10
-2.37998e-10
-2.41788e-10
-2.37817e-10
-2.2572e-10
-2.29772e-10
-2.25712e-10
-2.29721e-10
-1.51802e-10
-1.51808e-10
-1.49365e-10
-1.53276e-10
-2.16243e-10
-2.19037e-10
-2.16204e-10
-1.41216e-10
-1.43743e-10
-1.41182e-10
-1.44034e-10
-1.33053e-10
-1.33032e-10
-1.31935e-10
-1.33681e-10
-1.33888e-10
-1.71121e-10
-1.73335e-10
-1.71071e-10
-2.06501e-10
-2.03957e-10
-2.03979e-10
-2.06426e-10
-2.08649e-10
-2.08848e-10
-1.33952e-10
-1.34025e-10
-1.33552e-10
-1.33437e-10
-1.34251e-10
-1.32621e-10
-1.32667e-10
-4.54523e-10
-1.30665e-10
-1.3017e-10
-1.30073e-10
-1.30621e-10
-2.83303e-10
-2.83194e-10
-2.79878e-10
-2.86916e-10
-1.29423e-10
-1.60333e-10
-1.6037e-10
-1.5789e-10
-2.10857e-10
-1.45645e-10
-2.6246e-10
-2.62324e-10
-2.58564e-10
-2.65663e-10
-2.90734e-10
-2.9453e-10
-2.90685e-10
-2.52526e-10
-2.56417e-10
-2.52536e-10
-2.56545e-10
-1.83713e-10
-1.83569e-10
-1.80879e-10
-1.36417e-10
-3.01529e-10
-3.01611e-10
-2.9791e-10
-3.05512e-10
-2.49431e-10
-3.58735e-10
-3.59344e-10
-3.51833e-10
-3.6757e-10
-1.86252e-10
-1.88152e-10
-1.86245e-10
-1.69244e-10
-1.69151e-10
-1.6742e-10
-2.79894e-10
-2.76487e-10
-3.67657e-10
-3.75721e-10
-3.75684e-10
-2.01608e-10
-1.99637e-10
-1.99745e-10
-2.01539e-10
-4.73615e-10
-4.73697e-10
-4.64232e-10
-2.33894e-10
-2.33844e-10
-1.31345e-10
-1.31319e-10
-2.69182e-10
-2.72815e-10
-2.69152e-10
-1.48572e-10
-1.46693e-10
-1.46605e-10
-1.48617e-10
-1.49462e-10
-1.33246e-10
-3.09348e-10
-3.09369e-10
-3.12965e-10
-3.13044e-10
-1.55763e-10
-1.55782e-10
-1.5791e-10
-2.9459e-10
-1.65306e-10
-1.65468e-10
-1.67488e-10
-3.16947e-10
-3.16939e-10
-3.20464e-10
-2.76494e-10
-4.17511e-10
-4.26872e-10
-4.17418e-10
-1.62603e-10
-1.31931e-10
-1.31937e-10
-1.90574e-10
-1.88253e-10
-1.90567e-10
-1.32044e-10
-1.34695e-10
-1.34749e-10
-2.10874e-10
-1.31533e-10
-1.94485e-10
-1.95973e-10
-1.94486e-10
-1.34268e-10
-2.65584e-10
-1.34116e-10
-1.96001e-10
-3.05618e-10
-1.34938e-10
-1.62707e-10
-1.73431e-10
-1.74607e-10
-2.87034e-10
-3.37638e-10
-3.37551e-10
-3.30389e-10
-3.45655e-10
-3.30392e-10
-1.97506e-10
-1.9755e-10
-3.45273e-10
-2.72838e-10
-1.53463e-10
-1.30476e-10
-1.31023e-10
-1.3104e-10
-1.30449e-10
-1.30184e-10
-1.30262e-10
-1.34599e-10
-1.29289e-10
-1.29576e-10
-1.76824e-10
-3.51845e-10
-2.58576e-10
-2.97931e-10
-1.29599e-10
-2.19052e-10
-3.20525e-10
-1.31401e-10
-2.41769e-10
-1.74742e-10
-1.4571e-10
-4.54494e-10
-4.64206e-10
-1.80932e-10
-3.91102e-10
-4.26892e-10
-1.34784e-10
-4.07824e-10
-4.07825e-10
-2.22115e-10
-2.22136e-10
-2.14004e-10
-2.13999e-10
-1.38975e-10
-1.38958e-10
-3.24702e-10
-3.24576e-10
-1.92375e-10
-1.92282e-10
-3.83034e-10
-3.83195e-10
-4.72743e-10
-4.63128e-10
-4.53417e-10
-4.43803e-10
-4.34595e-10
-4.2595e-10
-4.16595e-10
-4.07057e-10
-3.98612e-10
-3.90522e-10
-3.82492e-10
-3.74945e-10
-3.6699e-10
-3.5907e-10
-3.51438e-10
-3.44608e-10
-3.37092e-10
-3.29927e-10
-3.2411e-10
-3.16502e-10
-3.12816e-10
-3.091e-10
-2.97739e-10
-2.94404e-10
-2.90408e-10
-2.86856e-10
-2.82969e-10
-2.79788e-10
-2.76348e-10
-2.72688e-10
-2.65481e-10
-2.62174e-10
-2.58569e-10
-2.56325e-10
-2.52374e-10
-2.493e-10
-2.45508e-10
-2.37718e-10
-2.33702e-10
-2.29696e-10
-2.25727e-10
-2.22193e-10
-2.18906e-10
-2.13871e-10
-2.1089e-10
-2.08581e-10
-2.06386e-10
-2.03922e-10
-2.01608e-10
-1.99587e-10
-1.95976e-10
-1.97623e-10
-1.92351e-10
-1.94456e-10
-1.88198e-10
-1.90454e-10
-1.83613e-10
-1.86164e-10
-1.81128e-10
-1.78723e-10
-1.76812e-10
-1.74854e-10
-1.73545e-10
-1.71126e-10
-1.69309e-10
-1.67465e-10
-1.65309e-10
-1.62742e-10
-1.60414e-10
-1.55742e-10
-1.53507e-10
-1.49574e-10
-1.51794e-10
-1.4684e-10
-1.48668e-10
-1.41329e-10
-1.43727e-10
-1.39068e-10
-1.3497e-10
-1.36701e-10
-1.33253e-10
-1.33983e-10
-1.33976e-10
-1.33575e-10
-1.32154e-10
-1.31293e-10
-1.30618e-10
-1.30208e-10
-1.29618e-10
-1.30076e-10
-1.30372e-10
-1.31355e-10
-1.309e-10
-1.31917e-10
-1.33317e-10
-1.34229e-10
-1.34765e-10
-1.34919e-10
-1.3495e-10
-3.20283e-10
-3.05367e-10
-3.01411e-10
-2.68995e-10
-2.41623e-10
-2.16118e-10
-1.58072e-10
-1.45654e-10
-1.33713e-10
-1.32911e-10
-1.29249e-10
-1.32566e-10
-1.34774e-10
-1.5356e-10
-2.83728e-10
-2.87045e-10
-1.51807e-10
-2.52471e-10
-1.34162e-10
-3.23733e-10
-1.29333e-10
-3.98896e-10
-1.71974e-10
-2.17789e-10
-1.92867e-10
-1.95367e-10
-2.14187e-10
-1.74513e-10
-2.50156e-10
-1.341e-10
-3.90395e-10
-1.34965e-10
-1.3002e-10
-3.20152e-10
-1.73273e-10
-2.15386e-10
-1.93968e-10
-1.35241e-10
-1.35181e-10
-1.35312e-10
-1.3521e-10
-1.48895e-10
-1.48915e-10
-1.4886e-10
-1.48929e-10
-1.49463e-10
-1.49563e-10
-1.35477e-10
-1.35476e-10
-1.35329e-10
-1.35506e-10
-1.4895e-10
-1.49529e-10
-1.47459e-10
-1.47423e-10
-1.48672e-10
-1.47392e-10
-1.48836e-10
-1.49201e-10
-1.47975e-10
-1.36064e-10
-1.31629e-10
-1.31564e-10
-1.31662e-10
-1.23384e-10
-1.22572e-10
-1.23406e-10
-1.22595e-10
-1.31837e-10
-1.31833e-10
-1.31906e-10
-1.35698e-10
-1.35457e-10
-1.35765e-10
-1.35417e-10
-1.34864e-10
-1.34892e-10
-1.34332e-10
-1.23677e-10
-1.23599e-10
-1.22899e-10
-1.24875e-10
-1.3486e-10
-1.3394e-10
-1.3403e-10
-1.34878e-10
-1.35011e-10
-1.19488e-10
-1.19474e-10
-1.19436e-10
-1.37298e-10
-1.37282e-10
-1.38765e-10
-1.35462e-10
-1.51043e-10
-1.50991e-10
-1.51888e-10
-1.50051e-10
-1.35629e-10
-1.35651e-10
-1.18666e-10
-1.18665e-10
-1.19103e-10
-1.18386e-10
-1.28824e-10
-1.28531e-10
-1.28797e-10
-1.20665e-10
-1.2058e-10
-1.19809e-10
-1.21157e-10
-1.25914e-10
-1.25864e-10
-1.26421e-10
-1.32528e-10
-1.32688e-10
-1.32571e-10
-1.32496e-10
-1.32212e-10
-1.21065e-10
-1.19921e-10
-1.21029e-10
-1.26572e-10
-1.26887e-10
-1.26509e-10
-1.35225e-10
-1.35226e-10
-1.35272e-10
-1.33077e-10
-1.26722e-10
-1.28065e-10
-1.26651e-10
-1.25616e-10
-1.25275e-10
-1.25586e-10
-1.21642e-10
-1.21634e-10
-1.3323e-10
-1.32238e-10
-1.32195e-10
-1.33278e-10
-1.33544e-10
-1.3506e-10
-1.35777e-10
-1.35884e-10
-1.35032e-10
-1.504e-10
-1.50366e-10
-1.49527e-10
-1.51099e-10
-1.33059e-10
-1.21759e-10
-1.22332e-10
-1.21714e-10
-1.28199e-10
-1.27363e-10
-1.2819e-10
-1.19538e-10
-1.19805e-10
-1.33417e-10
-1.33411e-10
-1.34395e-10
-1.2684e-10
-1.26736e-10
-1.26918e-10
-1.52452e-10
-1.52491e-10
-1.52156e-10
-1.19724e-10
-1.19869e-10
-1.19802e-10
-1.31284e-10
-1.3453e-10
-1.35715e-10
-1.32392e-10
-1.33136e-10
-1.32648e-10
-1.49565e-10
-1.19632e-10
-1.1971e-10
-1.19574e-10
-1.25285e-10
-1.24802e-10
-1.25276e-10
-1.33424e-10
-1.33138e-10
-1.33454e-10
-1.25379e-10
-1.24943e-10
-1.51874e-10
-1.51549e-10
-1.51738e-10
-1.51839e-10
-1.51813e-10
-1.35501e-10
-1.35575e-10
-1.52247e-10
-1.34967e-10
-1.51989e-10
-1.50051e-10
-1.48708e-10
-1.4868e-10
-1.18949e-10
-1.19031e-10
-1.19856e-10
-1.35632e-10
-1.35675e-10
-1.19248e-10
-1.19228e-10
-1.18918e-10
-1.31911e-10
-1.35225e-10
-1.22908e-10
-1.28556e-10
-1.24459e-10
-1.24851e-10
-1.24289e-10
-1.50989e-10
-1.31345e-10
-1.26415e-10
-1.28887e-10
-1.30111e-10
-1.30168e-10
-1.28934e-10
-1.32498e-10
-1.31744e-10
-1.32615e-10
-1.31863e-10
-1.51884e-10
-1.19852e-10
-1.19312e-10
-1.19205e-10
-1.19908e-10
-1.34341e-10
-1.35634e-10
-1.27404e-10
-1.27002e-10
-1.27024e-10
-1.3883e-10
-1.21163e-10
-1.31625e-10
-1.32336e-10
-1.32292e-10
-1.26977e-10
-1.26988e-10
-1.32292e-10
-1.33614e-10
-1.35816e-10
-1.18414e-10
-1.28185e-10
-1.2239e-10
-1.31341e-10
-1.31286e-10
-1.26656e-10
-1.26607e-10
-1.42768e-10
-1.44382e-10
-1.44408e-10
-1.42748e-10
-1.41404e-10
-1.4137e-10
-1.25764e-10
-1.25708e-10
-1.29395e-10
-1.29412e-10
-1.30459e-10
-1.30553e-10
-1.34873e-10
-1.3504e-10
-1.3414e-10
-1.34081e-10
-1.34144e-10
-1.34125e-10
-1.34426e-10
-1.34632e-10
-1.45699e-10
-1.47292e-10
-1.45757e-10
-1.47266e-10
-1.3348e-10
-1.33435e-10
-1.30793e-10
-1.30871e-10
-1.39881e-10
-1.39837e-10
-1.35685e-10
-1.35577e-10
-1.35519e-10
-1.3542e-10
-1.34757e-10
-1.33907e-10
-1.3317e-10
-1.3264e-10
-1.32287e-10
-1.31674e-10
-1.31722e-10
-1.3119e-10
-1.32001e-10
-1.32345e-10
-1.32496e-10
-1.32698e-10
-1.3312e-10
-1.3347e-10
-1.33534e-10
-1.35879e-10
-1.35588e-10
-1.35245e-10
-1.35187e-10
-1.34511e-10
-1.34425e-10
-1.34167e-10
-1.34104e-10
-1.33599e-10
-1.33218e-10
-1.32196e-10
-1.31361e-10
-1.30426e-10
-1.29332e-10
-1.28118e-10
-1.26788e-10
-1.25724e-10
-1.25139e-10
-1.2477e-10
-1.2358e-10
-1.22895e-10
-1.2235e-10
-1.21631e-10
-1.21086e-10
-1.18984e-10
-1.18405e-10
-1.18651e-10
-1.18906e-10
-1.19326e-10
-1.19575e-10
-1.19661e-10
-1.19626e-10
-1.19884e-10
-1.19895e-10
-1.19956e-10
-1.21072e-10
-1.21695e-10
-1.35668e-10
-1.34997e-10
-1.31875e-10
-1.34954e-10
-1.35119e-10
-1.34834e-10
-1.20457e-10
-1.19876e-10
-1.19262e-10
-1.19608e-10
-1.2334e-10
-1.22541e-10
-1.24851e-10
-1.25244e-10
-1.2555e-10
-1.25873e-10
-1.26996e-10
-1.26484e-10
-1.26519e-10
-1.26573e-10
-1.26759e-10
-1.27e-10
-1.26938e-10
-1.27363e-10
-1.28067e-10
-1.28478e-10
-1.28779e-10
-1.28831e-10
-1.29943e-10
-1.30805e-10
-1.33396e-10
-1.32606e-10
-1.34395e-10
-1.37186e-10
-1.38792e-10
-1.39751e-10
-1.41233e-10
-1.4262e-10
-1.44277e-10
-1.48555e-10
-1.47182e-10
-1.49904e-10
-1.5088e-10
-1.52028e-10
-1.52276e-10
-1.5246e-10
-1.51998e-10
-1.51807e-10
-1.51021e-10
-1.51465e-10
-1.50416e-10
-1.49563e-10
-1.24201e-10
-1.31744e-10
-1.35764e-10
-1.45714e-10
-1.51064e-10
-1.5098e-10
-1.50584e-10
-1.52977e-10
-1.53127e-10
-1.52946e-10
-1.43744e-10
-1.44805e-10
-1.43725e-10
-1.46269e-10
-1.46228e-10
-1.46072e-10
-1.46326e-10
-1.52034e-10
-1.5168e-10
-1.51722e-10
-1.52056e-10
-1.52306e-10
-1.52288e-10
-1.3918e-10
-1.39046e-10
-1.39273e-10
-1.39793e-10
-1.4795e-10
-1.47415e-10
-1.47498e-10
-1.48046e-10
-1.48738e-10
-1.39549e-10
-1.39484e-10
-1.39726e-10
-1.50222e-10
-1.49177e-10
-1.50212e-10
-1.47737e-10
-1.47722e-10
-1.48204e-10
-1.46404e-10
-1.47317e-10
-1.47356e-10
-1.46272e-10
-1.39302e-10
-1.5344e-10
-1.53465e-10
-1.53132e-10
-1.52415e-10
-1.46287e-10
-1.47159e-10
-1.46289e-10
-1.4569e-10
-1.46069e-10
-1.45774e-10
-1.46372e-10
-1.43347e-10
-1.42537e-10
-1.43276e-10
-1.53335e-10
-1.53198e-10
-1.53424e-10
-1.49219e-10
-1.50623e-10
-1.50007e-10
-1.47052e-10
-1.45434e-10
-1.4449e-10
-1.4534e-10
-1.51167e-10
-1.50113e-10
-1.53102e-10
-1.53357e-10
-1.53333e-10
-1.42203e-10
-1.42206e-10
-1.40974e-10
-1.42722e-10
-1.51658e-10
-1.51609e-10
-1.39819e-10
-1.4285e-10
-1.48319e-10
-1.51229e-10
-1.411e-10
-1.45109e-10
-1.44665e-10
-1.44588e-10
-1.45061e-10
-1.42553e-10
-1.39802e-10
-1.52439e-10
-1.48725e-10
-1.44522e-10
-1.44948e-10
-1.3995e-10
-1.40701e-10
-1.40616e-10
-1.40215e-10
-1.39989e-10
-1.3998e-10
-1.46833e-10
-1.4687e-10
-1.4945e-10
-1.49316e-10
-1.45341e-10
-1.45332e-10
-1.41797e-10
-1.41807e-10
-1.45937e-10
-1.45998e-10
-1.47299e-10
-1.46237e-10
-1.44872e-10
-1.42829e-10
-1.42067e-10
-1.41021e-10
-1.39747e-10
-1.39003e-10
-1.39538e-10
-1.39846e-10
-1.40038e-10
-1.40889e-10
-1.41846e-10
-1.42565e-10
-1.43221e-10
-1.44561e-10
-1.45297e-10
-1.45976e-10
-1.46799e-10
-1.4773e-10
-1.48476e-10
-1.49313e-10
-1.50374e-10
-1.51649e-10
-1.53461e-10
-1.53219e-10
-1.53318e-10
-1.53377e-10
-1.53096e-10
-1.5282e-10
-1.52298e-10
-1.51941e-10
-1.51678e-10
-1.51296e-10
-1.50979e-10
-1.50027e-10
-1.49331e-10
-1.48637e-10
-1.48075e-10
-1.4747e-10
-1.47052e-10
-1.46376e-10
-1.46323e-10
-1.46269e-10
-1.46074e-10
-1.45727e-10
-1.45096e-10
-1.44648e-10
-1.43606e-10
-1.39288e-10
-1.4038e-10
-1.52436e-10
-1.50541e-10
-1.45389e-10
-1.33143e-10
-1.53446e-10
-1.28041e-10
-1.28242e-10
-1.53702e-10
-1.34057e-10
-1.5108e-10
-1.26637e-10
-1.35158e-10
-1.43611e-10
-1.38311e-10
-1.31023e-10
-1.38838e-10
-1.52909e-10
-1.24862e-10
-1.20864e-10
-1.46237e-10
-1.18495e-10
-1.18778e-10
-1.46096e-10
-1.20066e-10
-1.23839e-10
-1.50705e-10
-1.26177e-10
-1.356e-10
-1.51163e-10
-1.35486e-10
-1.44995e-10
-1.39272e-10
-1.31741e-10
-1.37143e-10
-1.24281e-10
-1.20567e-10
-1.45686e-10
-1.18525e-10
-1.48968e-10
1.04593e-11
1.08117e-11
1.07698e-11
1.04748e-11
7.03584e-12
6.93412e-12
1.00938e-11
6.74799e-12
3.85977e-10
3.86325e-10
3.86231e-10
3.86082e-10
3.83194e-10
3.82913e-10
1.35808e-11
1.36176e-11
1.10799e-11
1.39719e-11
3.85748e-10
3.82561e-10
3.90275e-10
3.9031e-10
3.86886e-10
3.90766e-10
1.05592e-11
8.28848e-12
1.27329e-11
3.68618e-10
4.06986e-10
4.59079e-12
4.70509e-12
5.08356e-13
4.139e-12
1.36284e-13
9.80231e-11
9.80792e-11
1.00879e-10
9.50861e-11
9.49732e-11
1.5103e-10
1.50697e-10
1.54097e-10
1.47084e-10
7.9776e-11
7.96755e-11
8.22464e-11
8.21886e-11
3.05069e-10
3.04985e-10
3.10269e-10
1.10398e-10
1.1036e-10
1.12838e-10
9.27439e-11
2.04448e-10
2.00746e-10
2.04616e-10
7.04257e-11
7.04619e-11
7.27626e-11
1.66138e-10
1.66115e-10
1.6872e-10
1.63229e-10
3.87981e-11
3.8764e-11
4.34679e-11
3.54985e-11
2.13178e-10
2.1333e-10
2.18332e-10
2.08355e-10
3.49899e-10
3.5619e-10
3.56183e-10
3.49973e-10
3.42868e-10
3.79752e-10
7.48018e-11
7.48892e-11
7.72026e-11
2.4271e-10
2.4262e-10
2.44907e-10
2.38364e-10
1.35173e-10
1.33715e-10
1.35316e-10
1.37836e-10
1.38004e-10
1.40814e-10
6.88363e-11
6.71303e-11
6.88599e-11
3.29567e-10
3.29627e-10
3.35377e-10
3.23966e-10
2.95631e-10
2.92688e-10
2.95723e-10
2.98009e-10
3.01203e-10
3.0091e-10
2.98059e-10
4.70921e-11
5.05889e-11
5.05181e-11
4.71331e-11
1.56004e-10
1.56294e-10
1.59544e-10
2.77448e-10
2.77374e-10
2.79242e-10
1.62604e-10
1.62537e-10
3.42966e-10
3.35892e-10
3.62685e-10
1.72698e-10
1.73047e-10
1.68578e-10
3.16506e-10
3.16483e-10
1.07173e-10
1.04033e-10
1.07295e-10
1.03977e-10
6.47335e-11
6.32041e-11
6.47696e-11
7.26889e-11
8.75874e-11
8.46257e-11
8.75721e-11
8.45947e-11
1.91993e-10
1.9195e-10
1.95371e-10
1.75923e-10
1.75813e-10
2.63717e-10
2.59487e-10
2.63393e-10
9.27234e-11
8.99442e-11
2.59498e-10
2.54925e-10
6.70824e-11
6.61222e-11
1.31114e-10
1.31354e-10
1.30017e-10
1.15034e-10
1.15068e-10
1.17132e-10
2.44766e-10
2.48835e-10
1.54122e-10
2.3208e-10
2.31851e-10
2.35837e-10
1.25354e-10
1.27808e-10
1.27878e-10
1.2536e-10
1.59502e-10
2.86429e-10
2.89635e-10
2.89524e-10
2.86477e-10
5.49279e-11
5.4994e-11
5.68673e-11
1.71411e-11
1.71129e-11
2.19607e-11
2.3574e-10
2.73259e-10
2.71482e-10
2.73149e-10
7.71433e-11
3.72209e-10
3.68312e-10
3.72223e-10
1.40725e-10
1.43167e-10
2.92854e-10
2.23212e-10
2.23157e-10
5.67652e-11
1.98639e-10
1.98589e-10
1.95347e-10
1.63075e-10
3.23752e-10
3.68166e-10
4.35049e-11
1.43464e-10
2.38196e-10
1.47019e-10
3.1034e-10
3.54689e-11
3.19149e-11
2.0061e-10
2.08259e-10
2.79081e-10
6.10106e-11
6.06227e-11
6.21424e-11
6.61168e-11
1.12877e-10
2.71378e-10
6.31199e-11
2.67161e-11
2.66396e-11
2.19803e-11
6.19511e-11
2.51177e-10
2.51205e-10
2.48461e-10
2.18346e-10
1.30021e-10
3.14253e-11
3.79745e-10
5.27231e-11
5.26395e-11
1.17098e-10
2.55043e-10
1.00981e-10
8.9835e-11
1.33657e-10
3.62725e-10
1.23e-10
1.23122e-10
1.20671e-10
1.20717e-10
1.18596e-10
1.18573e-10
1.37303e-10
1.37145e-10
2.27481e-10
2.27445e-10
2.67041e-10
2.66949e-10
1.88537e-10
1.88373e-10
1.84367e-10
1.84267e-10
2.82941e-10
2.83006e-10
1.79753e-10
1.79882e-10
3.7591e-10
3.76039e-10
5.86738e-11
5.86457e-11
1.76959e-11
2.72272e-11
3.17252e-11
3.92966e-11
4.37964e-11
4.74967e-11
5.09253e-11
5.28362e-11
5.51386e-11
5.68273e-11
5.87574e-11
6.04707e-11
6.19177e-11
6.32565e-11
6.47891e-11
6.6224e-11
6.71564e-11
6.89417e-11
7.0673e-11
7.28812e-11
7.50252e-11
7.73663e-11
8.22841e-11
8.47573e-11
8.76386e-11
8.99972e-11
9.27888e-11
9.52812e-11
9.81918e-11
1.01112e-10
1.04243e-10
1.12931e-10
1.15206e-10
1.17184e-10
1.20922e-10
1.23282e-10
1.27731e-10
1.29985e-10
1.31488e-10
1.33682e-10
1.35369e-10
1.37253e-10
1.38037e-10
1.40787e-10
1.43631e-10
1.47166e-10
1.50704e-10
1.53994e-10
1.6253e-10
1.59428e-10
1.63058e-10
1.66019e-10
1.75873e-10
1.79878e-10
1.88191e-10
1.84262e-10
1.91879e-10
1.95201e-10
1.98546e-10
2.00546e-10
2.08386e-10
2.04466e-10
2.1321e-10
2.18186e-10
2.27275e-10
2.31676e-10
2.38011e-10
2.42412e-10
2.44663e-10
2.48321e-10
2.51292e-10
2.54937e-10
2.66725e-10
2.63148e-10
2.71186e-10
2.73014e-10
2.77193e-10
2.79023e-10
2.82866e-10
2.8947e-10
2.92611e-10
2.95601e-10
2.98177e-10
3.04612e-10
3.00932e-10
3.09863e-10
3.16101e-10
3.35495e-10
3.29263e-10
3.49166e-10
3.55504e-10
3.61942e-10
3.67776e-10
3.71899e-10
3.79332e-10
2.24742e-11
3.58366e-11
7.98006e-11
1.07461e-10
1.10429e-10
1.18795e-10
1.25522e-10
1.56368e-10
1.68528e-10
1.72638e-10
2.22948e-10
2.35632e-10
2.59166e-10
2.86383e-10
3.23113e-10
3.42326e-10
3.75622e-10
2.3873e-10
2.35552e-10
1.97779e-10
2.74023e-10
3.04878e-10
3.61905e-10
1.95987e-10
3.01343e-10
2.70514e-10
1.07152e-11
1.63476e-10
4.56351e-10
4.56444e-10
4.57683e-10
4.55317e-10
4.33651e-10
4.33607e-10
4.37777e-10
4.53889e-10
4.53697e-10
4.5396e-10
4.43324e-10
4.43867e-10
4.43399e-10
4.49148e-10
4.48787e-10
4.49251e-10
4.11255e-10
4.07014e-10
4.11305e-10
4.37655e-10
4.4099e-10
4.53926e-10
4.54453e-10
4.54246e-10
4.5392e-10
4.5364e-10
4.537e-10
4.52484e-10
4.46277e-10
4.46302e-10
4.47597e-10
4.50482e-10
4.50464e-10
4.50724e-10
4.06991e-10
4.44907e-10
4.4511e-10
4.44453e-10
4.58904e-10
4.58914e-10
4.60524e-10
4.43863e-10
4.49716e-10
4.48884e-10
4.49687e-10
4.48713e-10
4.23038e-10
4.18942e-10
4.23101e-10
4.495e-10
4.53754e-10
4.53809e-10
4.5201e-10
4.519e-10
4.52463e-10
4.02954e-10
3.9844e-10
4.02978e-10
4.15286e-10
4.15308e-10
4.43591e-10
4.43333e-10
4.43588e-10
4.44195e-10
4.43641e-10
4.44233e-10
4.49548e-10
4.48574e-10
4.48704e-10
4.53596e-10
4.60454e-10
4.51304e-10
4.50666e-10
4.51208e-10
4.52686e-10
4.5249e-10
4.55279e-10
4.43612e-10
3.94132e-10
3.94369e-10
4.476e-10
4.43327e-10
4.40977e-10
4.57602e-10
4.18893e-10
4.44609e-10
4.48552e-10
3.98408e-10
4.43269e-10
4.43323e-10
4.43273e-10
4.43246e-10
4.3073e-10
4.30906e-10
4.50167e-10
4.49952e-10
4.45117e-10
4.4503e-10
4.45024e-10
4.44936e-10
4.4568e-10
4.45545e-10
4.27368e-10
4.27391e-10
4.62624e-10
4.62508e-10
3.94824e-10
4.03426e-10
4.07454e-10
4.15655e-10
4.19276e-10
4.23427e-10
4.27441e-10
4.30934e-10
4.34003e-10
4.37851e-10
4.4114e-10
4.43341e-10
4.43633e-10
4.43749e-10
4.43404e-10
4.43322e-10
4.43472e-10
4.43698e-10
4.44215e-10
4.45102e-10
4.44588e-10
4.45773e-10
4.45415e-10
4.46432e-10
4.4761e-10
4.49009e-10
4.48886e-10
4.49447e-10
4.4887e-10
4.50155e-10
4.50521e-10
4.5066e-10
4.51299e-10
4.51917e-10
4.52387e-10
4.53931e-10
4.537e-10
4.53592e-10
4.5397e-10
4.54474e-10
4.55381e-10
4.56533e-10
4.5764e-10
4.58906e-10
4.60406e-10
3.98976e-10
4.11692e-10
4.45045e-10
4.48504e-10
4.49707e-10
4.52767e-10
4.53625e-10
6.84984e-11
6.69176e-11
4.45003e-10
4.44842e-10
4.50024e-10
8.93148e-11
4.43804e-10
5.13567e-11
1.16018e-10
1.65282e-10
4.53764e-10
1.35962e-10
1.3773e-10
4.53561e-10
1.62504e-10
1.18461e-10
4.49859e-10
9.16702e-11
4.43638e-10
4.11595e-10
5.30197e-11
1.17864e-10
4.53123e-10
1.36761e-10
4.62182e-10
4.69603e-10
4.69624e-10
4.69649e-10
4.69689e-10
4.70551e-10
4.70525e-10
4.69775e-10
4.7065e-10
4.69238e-10
4.69151e-10
4.69548e-10
4.69257e-10
4.696e-10
4.69911e-10
4.70371e-10
4.8747e-10
4.87521e-10
4.87769e-10
4.78075e-10
4.78052e-10
4.79368e-10
4.84319e-10
4.83742e-10
4.84416e-10
4.64628e-10
4.63935e-10
4.64732e-10
4.83704e-10
4.83662e-10
4.82535e-10
4.8491e-10
4.86792e-10
4.8682e-10
4.87286e-10
4.86484e-10
4.87251e-10
4.86567e-10
4.73127e-10
4.73201e-10
4.73654e-10
4.7273e-10
4.86293e-10
4.85877e-10
4.86347e-10
4.87274e-10
4.877e-10
4.87712e-10
4.62901e-10
4.63014e-10
4.78974e-10
4.79024e-10
4.78157e-10
4.77301e-10
4.76514e-10
4.76449e-10
4.7729e-10
4.75658e-10
4.75606e-10
4.71968e-10
4.71962e-10
4.71597e-10
4.70062e-10
4.70093e-10
4.71351e-10
4.69525e-10
4.80551e-10
4.80592e-10
4.82006e-10
4.63495e-10
4.63454e-10
4.63649e-10
4.72437e-10
4.73002e-10
4.72464e-10
4.72942e-10
4.73801e-10
4.7374e-10
4.74886e-10
4.68916e-10
4.68977e-10
4.7477e-10
4.62626e-10
4.62778e-10
4.81389e-10
4.8026e-10
4.802e-10
4.81408e-10
4.72743e-10
4.67971e-10
4.68049e-10
4.68414e-10
4.67075e-10
4.6712e-10
4.81959e-10
4.83151e-10
4.76112e-10
4.76143e-10
4.77411e-10
4.63877e-10
4.8491e-10
4.66627e-10
4.66652e-10
4.66533e-10
4.63491e-10
4.77212e-10
4.79305e-10
4.87313e-10
4.6837e-10
4.7813e-10
4.8369e-10
4.71312e-10
4.8297e-10
4.82559e-10
4.69435e-10
4.73677e-10
4.71573e-10
4.66329e-10
4.87743e-10
4.8591e-10
4.84643e-10
4.84614e-10
4.75312e-10
4.75292e-10
4.74179e-10
4.74243e-10
4.65594e-10
4.65547e-10
4.85522e-10
4.85393e-10
4.71997e-10
4.71994e-10
4.8504e-10
4.84927e-10
4.62495e-10
4.63001e-10
4.62751e-10
4.63557e-10
4.65505e-10
4.64834e-10
4.6659e-10
4.66231e-10
4.67001e-10
4.67986e-10
4.68315e-10
4.68905e-10
4.69521e-10
4.70153e-10
4.71151e-10
4.71981e-10
4.72635e-10
4.73184e-10
4.74206e-10
4.73621e-10
4.75237e-10
4.76128e-10
4.77187e-10
4.79228e-10
4.78031e-10
4.82916e-10
4.81881e-10
4.83632e-10
4.844e-10
4.84676e-10
4.85076e-10
4.86374e-10
4.86794e-10
4.87174e-10
4.87733e-10
4.87685e-10
4.8668e-10
4.85666e-10
4.82659e-10
4.81488e-10
4.79142e-10
4.80393e-10
4.76641e-10
4.77306e-10
4.74769e-10
4.75696e-10
4.73863e-10
4.73158e-10
4.72568e-10
4.63663e-10
4.64048e-10
4.8058e-10
4.85806e-10
4.87462e-10
4.87389e-10
4.84828e-10
4.83711e-10
4.78218e-10
4.72092e-10
4.71501e-10
6.5855e-10
6.58537e-10
6.59926e-10
6.57299e-10
5.41611e-10
5.41566e-10
5.45425e-10
5.39219e-10
5.39172e-10
6.04608e-10
6.08067e-10
6.08199e-10
6.04464e-10
4.56695e-10
4.56725e-10
4.56468e-10
4.57223e-10
4.56056e-10
4.56057e-10
4.56037e-10
5.18572e-10
5.18437e-10
5.21683e-10
5.15856e-10
4.56871e-10
4.56936e-10
4.57246e-10
4.68183e-10
4.70194e-10
4.70193e-10
4.68182e-10
5.2233e-10
5.24382e-10
5.24627e-10
5.22196e-10
5.21786e-10
5.60272e-10
5.569e-10
5.60164e-10
5.56741e-10
6.55304e-10
6.55379e-10
4.65777e-10
4.65679e-10
4.64757e-10
4.60778e-10
4.5952e-10
4.60741e-10
5.45233e-10
5.53968e-10
5.53957e-10
5.07271e-10
5.07273e-10
5.09666e-10
5.04817e-10
6.35527e-10
6.35476e-10
6.40493e-10
6.30373e-10
4.93027e-10
4.91033e-10
4.93014e-10
4.69165e-10
4.69231e-10
4.69613e-10
4.68508e-10
4.68591e-10
4.68453e-10
4.68564e-10
4.74568e-10
4.74749e-10
4.77221e-10
5.02486e-10
5.0247e-10
4.66207e-10
4.64261e-10
4.66142e-10
4.64291e-10
4.91032e-10
4.89041e-10
4.89055e-10
4.73738e-10
4.72038e-10
4.73765e-10
5.85549e-10
5.89173e-10
5.88623e-10
5.85719e-10
5.81979e-10
5.82088e-10
4.81965e-10
4.81962e-10
4.84066e-10
4.80184e-10
4.85466e-10
4.85453e-10
4.61302e-10
4.62388e-10
4.61241e-10
4.62704e-10
6.22018e-10
6.21984e-10
6.25678e-10
4.55734e-10
4.55724e-10
4.55889e-10
4.69199e-10
4.56008e-10
4.55935e-10
4.58175e-10
4.57702e-10
4.58328e-10
6.30328e-10
6.25875e-10
4.87326e-10
4.87227e-10
4.79556e-10
4.79606e-10
4.78014e-10
4.69502e-10
5.66167e-10
5.63127e-10
5.6615e-10
5.63125e-10
5.76999e-10
5.76906e-10
5.80374e-10
5.75455e-10
6.44186e-10
6.4436e-10
6.40456e-10
5.96908e-10
5.96923e-10
5.99595e-10
5.93249e-10
5.09482e-10
5.11771e-10
4.78086e-10
5.51351e-10
5.47717e-10
5.51396e-10
4.6753e-10
4.67502e-10
4.66961e-10
4.62087e-10
4.62613e-10
4.62532e-10
4.62031e-10
4.69511e-10
4.69536e-10
4.69671e-10
4.80073e-10
5.93295e-10
4.64712e-10
4.57143e-10
4.59254e-10
4.59275e-10
4.59129e-10
4.55811e-10
6.4843e-10
5.26197e-10
5.2613e-10
5.28504e-10
4.58084e-10
4.58097e-10
4.56002e-10
4.56021e-10
5.80141e-10
5.99393e-10
4.69094e-10
4.69646e-10
4.66873e-10
5.28885e-10
5.75544e-10
5.71366e-10
5.71503e-10
4.71959e-10
5.4768e-10
4.59504e-10
5.04755e-10
5.13899e-10
5.13885e-10
4.8409e-10
6.48446e-10
6.52128e-10
6.52119e-10
4.57658e-10
4.57208e-10
6.57298e-10
4.55933e-10
5.11769e-10
4.77256e-10
5.15789e-10
4.59147e-10
4.56399e-10
5.36011e-10
5.35998e-10
4.61521e-10
4.61638e-10
5.32486e-10
5.32444e-10
4.94874e-10
4.94939e-10
4.6814e-10
4.68136e-10
5.00476e-10
5.00502e-10
4.59976e-10
4.60137e-10
6.17171e-10
6.17309e-10
6.1291e-10
6.12809e-10
4.56014e-10
4.55995e-10
4.63188e-10
4.63232e-10
4.98454e-10
4.98397e-10
4.96755e-10
4.96709e-10
5.69014e-10
5.68961e-10
4.61765e-10
4.61919e-10
4.69098e-10
4.69393e-10
4.69355e-10
4.6862e-10
4.68374e-10
4.68107e-10
4.65637e-10
4.64494e-10
4.62155e-10
4.61092e-10
4.60039e-10
4.59309e-10
4.57149e-10
4.5664e-10
4.56463e-10
4.56083e-10
4.55968e-10
4.55953e-10
4.55888e-10
4.55677e-10
4.55861e-10
4.55941e-10
4.56963e-10
4.57704e-10
4.58464e-10
4.59536e-10
4.60673e-10
4.61505e-10
4.61899e-10
4.62065e-10
4.62659e-10
4.64294e-10
4.66213e-10
4.69661e-10
4.69599e-10
4.67491e-10
4.66804e-10
4.63168e-10
4.59128e-10
4.58023e-10
4.57191e-10
4.7392e-10
4.74434e-10
4.67808e-10
4.84617e-10
4.88099e-10
4.76825e-10
4.62768e-10
4.62312e-10
4.67234e-10
4.7811e-10
4.87819e-10
4.83799e-10
4.70067e-10
4.68219e-10
4.72019e-10
4.73668e-10
4.74861e-10
4.77186e-10
4.78092e-10
4.79638e-10
4.80092e-10
4.82023e-10
4.83984e-10
4.85436e-10
4.87186e-10
4.89025e-10
4.94813e-10
4.96685e-10
5.02469e-10
5.0043e-10
5.04813e-10
5.09439e-10
5.07257e-10
5.11702e-10
5.13789e-10
5.15636e-10
5.18395e-10
5.21615e-10
5.24272e-10
5.22059e-10
5.26196e-10
5.3246e-10
5.35814e-10
5.39025e-10
5.4154e-10
5.47512e-10
5.5117e-10
5.53829e-10
5.62949e-10
5.59893e-10
5.65872e-10
5.71112e-10
5.68722e-10
5.75417e-10
5.79961e-10
5.7671e-10
5.82046e-10
5.85588e-10
5.89219e-10
5.96533e-10
5.99567e-10
6.04136e-10
6.07757e-10
6.12404e-10
6.21531e-10
6.16751e-10
6.25588e-10
6.30171e-10
6.43957e-10
6.48215e-10
6.55131e-10
6.51864e-10
6.5708e-10
4.70237e-10
4.90957e-10
4.92904e-10
4.98385e-10
5.29006e-10
5.45092e-10
5.56809e-10
5.92978e-10
6.35093e-10
6.39997e-10
6.58329e-10
6.59752e-10
5.16043e-10
4.56939e-10
4.57087e-10
5.1747e-10
4.96412e-10
4.5552e-10
5.44855e-10
4.67895e-10
5.74016e-10
6.07952e-10
6.52838e-10
4.62545e-10
4.79975e-10
4.78589e-10
4.64038e-10
4.95255e-10
6.48553e-10
4.56387e-10
6.03758e-10
5.41858e-10
5.71213e-10
4.6674e-10
4.63361e-10
4.79347e-10
6.61856e-10
6.61621e-10
6.61781e-10
6.6146e-10
6.59876e-10
6.61549e-10
1.06566e-09
1.06576e-09
1.06644e-09
1.06655e-09
1.0579e-09
1.05768e-09
6.64743e-10
6.64759e-10
6.62157e-10
6.64917e-10
1.06481e-09
1.05747e-09
1.07506e-09
1.07509e-09
1.06727e-09
1.07598e-09
1.06559e-09
1.06064e-09
1.07136e-09
6.75608e-10
7.22951e-10
7.22947e-10
7.25862e-10
7.19777e-10
9.10265e-10
9.06571e-10
9.10225e-10
9.21842e-10
9.21833e-10
9.25357e-10
9.18923e-10
7.78537e-10
7.78598e-10
7.81517e-10
7.76008e-10
9.03472e-10
9.01129e-10
9.03377e-10
8.05543e-10
8.00635e-10
8.0552e-10
8.00491e-10
7.16521e-10
7.16559e-10
7.12725e-10
9.16246e-10
9.16269e-10
9.06753e-10
7.2578e-10
8.6556e-10
8.62279e-10
8.65659e-10
9.82613e-10
9.82625e-10
9.85587e-10
7.00708e-10
7.00198e-10
7.04834e-10
6.95149e-10
8.77822e-10
8.74628e-10
8.78118e-10
7.29401e-10
7.29373e-10
7.33171e-10
7.52725e-10
7.54496e-10
7.54485e-10
7.52857e-10
7.48418e-10
9.29945e-10
9.29929e-10
9.3383e-10
8.95592e-10
8.95493e-10
8.98012e-10
7.87745e-10
7.84116e-10
7.87728e-10
9.18874e-10
9.90844e-10
9.88453e-10
9.90912e-10
9.25488e-10
6.73e-10
6.70008e-10
6.72976e-10
1.00383e-09
1.00106e-09
1.00369e-09
1.00119e-09
9.54499e-10
9.54393e-10
9.56692e-10
9.49895e-10
7.67422e-10
7.67394e-10
7.7035e-10
7.57876e-10
9.62935e-10
9.60989e-10
9.62802e-10
7.08174e-10
7.0835e-10
7.0463e-10
7.96004e-10
8.14357e-10
8.18985e-10
8.19088e-10
8.14315e-10
9.41582e-10
9.41553e-10
9.45767e-10
9.37283e-10
8.68605e-10
8.68574e-10
8.72045e-10
9.33854e-10
1.04267e-09
1.04815e-09
1.0484e-09
1.04248e-09
1.03644e-09
1.03606e-09
9.49862e-10
8.4409e-10
8.48057e-10
8.48098e-10
8.44104e-10
8.3976e-10
9.56512e-10
8.51977e-10
1.03139e-09
9.85573e-10
7.72619e-10
7.72699e-10
6.90727e-10
6.90722e-10
6.85248e-10
6.85283e-10
8.71822e-10
6.76116e-10
6.75991e-10
6.81039e-10
9.98189e-10
9.74977e-10
9.72057e-10
9.74924e-10
9.72104e-10
9.68911e-10
9.6667e-10
9.68741e-10
9.67038e-10
8.97803e-10
8.51966e-10
8.74523e-10
8.87972e-10
8.91054e-10
8.9107e-10
8.87969e-10
8.84723e-10
1.05367e-09
1.05369e-09
6.6998e-10
9.37217e-10
6.67043e-10
6.67072e-10
1.03134e-09
7.81492e-10
1.00962e-09
1.00956e-09
1.01195e-09
1.00621e-09
7.19535e-10
8.39864e-10
9.98116e-10
9.95732e-10
7.76005e-10
7.57791e-10
8.55355e-10
8.58894e-10
8.58903e-10
8.55604e-10
9.95646e-10
9.93486e-10
9.93748e-10
9.60897e-10
7.48622e-10
6.95041e-10
7.12711e-10
9.01191e-10
9.45771e-10
1.01571e-09
1.01566e-09
1.02105e-09
7.36601e-10
7.36662e-10
7.33226e-10
1.02102e-09
7.43861e-10
7.40053e-10
7.43762e-10
7.40109e-10
1.0118e-09
7.7032e-10
7.95982e-10
1.00618e-09
6.81071e-10
8.6239e-10
8.84777e-10
7.84233e-10
9.88463e-10
9.13599e-10
9.1363e-10
8.09856e-10
8.0994e-10
8.92761e-10
8.92821e-10
7.91776e-10
7.91922e-10
8.3608e-10
8.36101e-10
8.32287e-10
8.32268e-10
9.80366e-10
9.80356e-10
9.26689e-10
9.26547e-10
8.81487e-10
8.81472e-10
7.47704e-10
7.47842e-10
9.78391e-10
9.7842e-10
7.63979e-10
7.6396e-10
7.61167e-10
7.61157e-10
8.23174e-10
8.23148e-10
1.02678e-09
1.02642e-09
8.27868e-10
8.27874e-10
6.67423e-10
6.70309e-10
6.73205e-10
6.76398e-10
6.90983e-10
6.95582e-10
7.00383e-10
7.04904e-10
7.08716e-10
7.13015e-10
7.16775e-10
7.19775e-10
7.23121e-10
7.2617e-10
7.29691e-10
7.33425e-10
7.36846e-10
7.403e-10
7.43935e-10
7.48808e-10
7.53049e-10
7.5463e-10
7.58054e-10
7.61196e-10
7.6419e-10
7.67376e-10
7.70275e-10
7.7286e-10
7.78651e-10
7.81498e-10
7.84305e-10
7.87905e-10
7.92068e-10
7.9632e-10
8.00827e-10
8.09961e-10
8.14487e-10
8.23246e-10
8.28017e-10
8.32268e-10
8.3614e-10
8.39955e-10
8.52011e-10
8.5564e-10
8.58951e-10
8.62429e-10
8.68513e-10
8.71872e-10
8.74674e-10
8.84682e-10
8.87809e-10
8.91017e-10
8.92718e-10
8.95504e-10
8.9784e-10
9.01017e-10
9.03494e-10
9.06767e-10
9.10162e-10
9.13404e-10
9.16132e-10
9.18804e-10
9.2531e-10
9.21598e-10
9.26366e-10
9.33706e-10
9.29814e-10
9.41417e-10
9.37348e-10
9.45576e-10
9.54256e-10
9.49669e-10
9.60793e-10
9.56192e-10
9.66307e-10
9.6269e-10
9.68559e-10
9.71792e-10
9.78036e-10
9.80176e-10
9.82366e-10
9.85418e-10
9.90664e-10
9.88291e-10
9.97988e-10
1.00076e-09
1.00346e-09
1.00602e-09
1.02056e-09
1.01534e-09
1.02591e-09
1.0361e-09
1.03081e-09
1.0532e-09
1.04757e-09
6.81517e-10
6.85848e-10
7.47688e-10
7.76047e-10
8.05528e-10
8.19017e-10
8.44025e-10
8.48107e-10
8.65739e-10
8.78054e-10
8.81379e-10
9.74951e-10
9.93185e-10
9.95405e-10
1.00936e-09
1.01157e-09
1.04186e-09
1.13036e-09
1.13086e-09
1.14065e-09
1.08455e-09
1.0847e-09
1.09227e-09
1.15043e-09
1.15039e-09
1.15948e-09
1.26574e-09
1.26578e-09
1.26944e-09
1.26315e-09
1.22589e-09
1.22076e-09
1.22594e-09
1.23354e-09
1.23034e-09
1.23358e-09
1.25574e-09
1.25576e-09
1.25923e-09
1.25126e-09
1.24381e-09
1.24742e-09
1.24746e-09
1.24381e-09
1.16681e-09
1.16687e-09
1.17382e-09
1.21443e-09
1.21445e-09
1.27962e-09
1.27585e-09
1.27595e-09
1.20196e-09
1.20748e-09
1.2071e-09
1.20198e-09
1.19586e-09
1.17378e-09
1.22076e-09
1.27272e-09
1.26939e-09
1.27269e-09
1.10227e-09
1.1025e-09
1.19537e-09
1.18777e-09
1.18767e-09
1.18037e-09
1.18029e-09
1.23686e-09
1.23684e-09
1.24012e-09
1.26315e-09
1.15945e-09
1.25917e-09
1.14056e-09
1.25128e-09
1.09215e-09
1.24025e-09
1.23033e-09
1.12218e-09
1.12213e-09
1.11281e-09
1.11341e-09
7.22639e-10
7.20531e-10
7.52661e-10
8.93209e-10
9.20869e-10
9.57402e-10
9.85954e-10
1.01136e-09
8.64768e-10
7.79302e-10
8.26663e-10
8.20692e-10
7.83292e-10
8.60126e-10
1.00898e-09
7.54084e-10
8.91495e-10
9.82695e-10
9.18983e-10
9.53879e-10
6.81291e-10
8.63086e-10
7.80476e-10
8.23744e-10
1.06476e-09
1.34792e-09
1.34815e-09
1.35227e-09
1.29378e-09
1.29723e-09
1.29723e-09
1.29377e-09
1.35214e-09
1.3333e-09
1.33117e-09
1.3334e-09
1.28353e-09
1.28361e-09
1.27953e-09
1.3406e-09
1.34064e-09
1.34451e-09
1.33755e-09
1.28748e-09
1.28763e-09
1.30167e-09
1.30161e-09
1.32665e-09
1.32695e-09
1.33126e-09
1.31973e-09
1.3241e-09
1.32466e-09
1.31974e-09
1.31502e-09
1.35628e-09
1.35635e-09
1.36015e-09
1.31499e-09
1.33764e-09
1.34453e-09
1.36023e-09
1.31064e-09
1.31064e-09
1.30622e-09
1.30614e-09
1.29052e-09
1.29031e-09
1.36247e-09
1.08507e-09
1.10346e-09
1.1134e-09
1.12296e-09
1.13183e-09
1.1512e-09
1.16015e-09
1.16744e-09
1.17429e-09
1.18102e-09
1.1956e-09
1.20231e-09
1.21482e-09
1.22119e-09
1.22634e-09
1.23706e-09
1.24046e-09
1.24768e-09
1.25154e-09
1.25934e-09
1.26322e-09
1.26955e-09
1.27288e-09
1.27977e-09
1.28363e-09
1.28756e-09
1.29065e-09
1.29394e-09
1.29737e-09
1.30169e-09
1.30635e-09
1.31071e-09
1.31507e-09
1.3197e-09
1.32395e-09
1.32717e-09
1.33125e-09
1.33351e-09
1.33773e-09
1.34068e-09
1.34465e-09
1.34822e-09
1.09345e-09
1.14142e-09
1.18832e-09
1.2082e-09
1.2306e-09
1.23389e-09
1.24398e-09
1.25596e-09
1.26587e-09
1.27612e-09
1.35214e-09
1.35635e-09
1.23048e-09
1.22708e-09
1.15992e-09
1.26052e-09
1.33981e-09
1.29522e-09
1.3005e-09
1.33513e-09
1.26489e-09
1.16696e-09
1.26231e-09
1.33836e-09
1.29792e-09
1.37347e-09
1.5283e-09
1.52789e-09
1.52829e-09
1.52797e-09
1.52529e-09
1.52528e-09
1.52494e-09
1.52769e-09
1.79673e-09
1.79678e-09
1.79677e-09
1.79676e-09
1.79727e-09
1.53229e-09
1.5322e-09
1.79719e-09
1.52869e-09
1.53245e-09
1.79681e-09
1.79732e-09
1.79708e-09
1.79741e-09
1.79718e-09
1.51547e-09
1.54656e-09
1.79847e-09
1.79876e-09
1.80037e-09
1.45852e-09
1.45855e-09
1.45997e-09
1.51275e-09
1.51267e-09
1.51579e-09
1.39463e-09
1.39453e-09
1.39776e-09
1.37314e-09
1.3731e-09
1.37592e-09
1.36951e-09
1.5228e-09
1.52277e-09
1.52065e-09
1.38704e-09
1.3871e-09
1.3909e-09
1.38343e-09
1.47663e-09
1.47401e-09
1.47662e-09
1.43945e-09
1.43693e-09
1.43936e-09
1.40095e-09
1.40097e-09
1.39767e-09
1.4552e-09
1.4531e-09
1.45508e-09
1.43695e-09
1.43291e-09
1.49451e-09
1.49108e-09
1.49428e-09
1.49703e-09
1.49706e-09
1.50004e-09
1.45308e-09
1.45087e-09
1.41241e-09
1.41037e-09
1.41227e-09
1.51839e-09
1.51835e-09
1.40359e-09
1.36951e-09
1.46615e-09
1.4647e-09
1.46603e-09
1.4182e-09
1.42169e-09
1.42157e-09
1.4182e-09
1.52066e-09
1.40673e-09
1.40674e-09
1.44281e-09
1.44283e-09
1.44524e-09
1.39094e-09
1.5072e-09
1.50371e-09
1.50726e-09
1.42529e-09
1.42525e-09
1.4451e-09
1.44831e-09
1.50374e-09
1.48494e-09
1.48491e-09
1.48794e-09
1.42911e-09
1.43285e-09
1.42909e-09
1.40359e-09
1.41026e-09
1.46464e-09
1.4623e-09
1.46245e-09
1.50015e-09
1.36661e-09
1.36658e-09
1.49103e-09
1.51584e-09
1.3834e-09
1.37963e-09
1.36278e-09
1.45081e-09
1.46187e-09
1.46845e-09
1.46864e-09
1.47071e-09
1.47392e-09
1.47108e-09
1.46194e-09
1.37583e-09
1.4599e-09
1.48239e-09
1.47922e-09
1.48231e-09
1.47926e-09
1.48791e-09
1.44827e-09
1.37973e-09
1.45702e-09
1.45698e-09
1.51045e-09
1.51045e-09
1.4157e-09
1.4159e-09
1.35935e-09
1.36277e-09
1.36658e-09
1.36957e-09
1.37313e-09
1.37586e-09
1.37973e-09
1.3834e-09
1.38713e-09
1.39096e-09
1.40363e-09
1.40084e-09
1.41022e-09
1.40666e-09
1.41557e-09
1.41813e-09
1.42521e-09
1.42156e-09
1.43277e-09
1.42894e-09
1.43684e-09
1.43921e-09
1.44514e-09
1.4427e-09
1.44814e-09
1.4528e-09
1.45059e-09
1.45493e-09
1.45846e-09
1.4568e-09
1.45984e-09
1.46219e-09
1.46197e-09
1.46456e-09
1.46605e-09
1.46848e-09
1.4711e-09
1.47366e-09
1.47635e-09
1.48471e-09
1.48203e-09
1.48771e-09
1.49074e-09
1.49399e-09
1.50004e-09
1.49677e-09
1.51006e-09
1.51241e-09
1.51562e-09
1.52036e-09
1.51804e-09
1.3944e-09
1.39763e-09
1.41216e-09
1.47894e-09
1.50345e-09
1.50684e-09
1.52245e-09
1.68966e-09
1.68588e-09
1.68974e-09
1.70854e-09
1.70853e-09
1.71244e-09
1.79849e-09
1.7985e-09
1.79822e-09
1.79872e-09
1.75675e-09
1.75524e-09
1.75666e-09
1.7651e-09
1.76511e-09
1.76681e-09
1.76306e-09
1.61706e-09
1.62287e-09
1.62315e-09
1.6171e-09
1.61182e-09
1.81456e-09
1.81472e-09
1.81391e-09
1.81479e-09
1.74596e-09
1.74616e-09
1.74901e-09
1.79933e-09
1.79928e-09
1.79894e-09
1.7927e-09
1.79271e-09
1.79512e-09
1.79016e-09
1.63351e-09
1.63757e-09
1.6375e-09
1.63359e-09
1.62823e-09
1.79787e-09
1.79786e-09
1.81477e-09
1.81474e-09
1.81114e-09
1.81117e-09
1.80989e-09
1.77025e-09
1.77023e-09
1.77183e-09
1.76858e-09
1.54829e-09
1.54392e-09
1.54817e-09
1.80248e-09
1.80419e-09
1.80417e-09
1.8024e-09
1.80083e-09
1.65867e-09
1.65386e-09
1.6587e-09
1.76673e-09
1.80205e-09
1.80197e-09
1.80083e-09
1.8035e-09
1.81359e-09
1.81357e-09
1.81389e-09
1.79007e-09
1.78739e-09
1.80347e-09
1.75175e-09
1.75169e-09
1.73189e-09
1.72852e-09
1.73197e-09
1.80685e-09
1.80686e-09
1.80505e-09
1.64239e-09
1.81285e-09
1.81282e-09
1.56221e-09
1.55786e-09
1.56217e-09
1.66846e-09
1.66839e-09
1.67311e-09
1.66332e-09
1.80567e-09
1.62817e-09
1.79872e-09
1.53554e-09
1.53562e-09
1.66327e-09
1.8134e-09
1.81351e-09
1.81347e-09
1.8135e-09
1.81258e-09
1.81388e-09
1.79499e-09
1.81414e-09
1.81408e-09
1.81433e-09
1.58725e-09
1.58183e-09
1.58732e-09
1.81118e-09
1.80981e-09
1.81112e-09
1.80987e-09
1.80988e-09
1.81454e-09
1.8145e-09
1.77169e-09
1.61175e-09
1.80076e-09
1.79897e-09
1.57711e-09
1.57229e-09
1.57719e-09
1.77947e-09
1.77949e-09
1.78207e-09
1.72583e-09
1.72583e-09
1.72217e-09
1.53986e-09
1.53989e-09
1.8071e-09
1.8071e-09
1.80844e-09
1.81382e-09
1.79894e-09
1.79998e-09
1.80069e-09
1.79989e-09
1.74135e-09
1.74107e-09
1.74399e-09
1.7381e-09
1.73806e-09
1.72221e-09
1.71972e-09
1.7982e-09
1.81434e-09
1.67315e-09
1.67699e-09
1.80845e-09
1.76857e-09
1.71577e-09
1.71551e-09
1.71241e-09
1.55787e-09
1.7591e-09
1.75913e-09
1.76136e-09
1.72849e-09
1.57229e-09
1.56713e-09
1.56704e-09
1.80568e-09
1.78489e-09
1.78487e-09
1.6495e-09
1.65379e-09
1.64944e-09
1.78739e-09
1.68582e-09
1.76304e-09
1.80501e-09
1.67722e-09
1.64248e-09
1.7553e-09
1.76137e-09
1.81474e-09
1.74904e-09
1.81269e-09
1.54389e-09
1.58197e-09
1.744e-09
1.71977e-09
1.799e-09
1.782e-09
1.80838e-09
1.80845e-09
1.6923e-09
1.69221e-09
1.70458e-09
1.70454e-09
1.73519e-09
1.73523e-09
1.60658e-09
1.60652e-09
1.60146e-09
1.60156e-09
1.70072e-09
1.70072e-09
1.69645e-09
1.69642e-09
1.79981e-09
1.79975e-09
1.79712e-09
1.79711e-09
1.7765e-09
1.77652e-09
1.77436e-09
1.7742e-09
1.64499e-09
1.64505e-09
1.55326e-09
1.5533e-09
1.81382e-09
1.81384e-09
1.592e-09
1.59195e-09
1.59649e-09
1.59646e-09
1.68254e-09
1.68259e-09
1.53608e-09
1.5403e-09
1.54424e-09
1.54844e-09
1.55816e-09
1.56256e-09
1.5675e-09
1.57752e-09
1.58238e-09
1.58767e-09
1.59225e-09
1.59683e-09
1.60188e-09
1.60705e-09
1.61215e-09
1.61754e-09
1.62311e-09
1.62844e-09
1.63381e-09
1.63783e-09
1.64274e-09
1.64975e-09
1.65406e-09
1.66364e-09
1.66849e-09
1.67329e-09
1.67751e-09
1.68261e-09
1.68592e-09
1.69245e-09
1.6967e-09
1.70086e-09
1.70461e-09
1.7125e-09
1.71599e-09
1.71977e-09
1.72223e-09
1.72595e-09
1.73206e-09
1.73518e-09
1.73809e-09
1.74102e-09
1.74399e-09
1.74623e-09
1.74915e-09
1.75171e-09
1.75531e-09
1.75667e-09
1.75908e-09
1.76119e-09
1.76307e-09
1.76672e-09
1.7649e-09
1.76854e-09
1.77019e-09
1.77654e-09
1.77428e-09
1.77946e-09
1.78472e-09
1.78736e-09
1.78996e-09
1.7925e-09
1.79485e-09
1.79891e-09
1.80078e-09
1.80409e-09
1.80243e-09
1.80701e-09
1.80838e-09
1.80969e-09
1.81109e-09
1.81344e-09
1.81255e-09
1.81344e-09
1.81387e-09
1.81357e-09
1.81409e-09
1.81431e-09
1.8147e-09
1.81471e-09
1.81479e-09
1.81293e-09
1.81396e-09
1.81129e-09
1.80994e-09
1.807e-09
1.80854e-09
1.80211e-09
1.80085e-09
1.79934e-09
1.79981e-09
1.79903e-09
1.79817e-09
1.7979e-09
1.55355e-09
1.57262e-09
1.64526e-09
1.65897e-09
1.68981e-09
1.70857e-09
1.72857e-09
1.77168e-09
1.78199e-09
1.79704e-09
1.80562e-09
1.8138e-09
1.81446e-09
1.80513e-09
1.80361e-09
1.79998e-09
1.51328e-09
1.40665e-09
1.40406e-09
1.44055e-09
1.4615e-09
1.81509e-09
1.48466e-09
1.80207e-09
1.37076e-09
1.48185e-09
1.81476e-09
1.45995e-09
1.43661e-09
1.81356e-09
1.60137e-09
1.77239e-09
1.77441e-09
1.5972e-09
1.64654e-09
1.75504e-09
1.79992e-09
1.72799e-09
1.68732e-09
1.69181e-09
1.72369e-09
1.64851e-09
1.75277e-09
1.81238e-09
1.553e-09
1.79709e-09
1.72655e-09
1.69001e-09
-1.17712e-10
-1.17649e-10
-1.17703e-10
-1.1774e-10
-1.18432e-10
-1.18407e-10
-1.17942e-10
-1.18503e-10
-1.1802e-10
-1.18049e-10
-1.17899e-10
-1.18033e-10
-1.2155e-10
-1.17822e-10
-1.45452e-10
-1.45373e-10
-1.45771e-10
-1.4472e-10
-1.44696e-10
-1.45006e-10
-1.4396e-10
-1.45837e-10
-1.45401e-10
-1.45434e-10
-1.45836e-10
-1.45141e-10
-1.46612e-10
-1.46729e-10
-1.4628e-10
-1.46498e-10
-1.22591e-10
-1.21243e-10
-1.21351e-10
-1.22724e-10
-1.24623e-10
-1.4473e-10
-1.44667e-10
-1.44919e-10
-1.40296e-10
-1.40581e-10
-1.40218e-10
-1.44805e-10
-1.40988e-10
-1.40932e-10
-1.40826e-10
-1.41043e-10
-1.40986e-10
-1.41535e-10
-1.40324e-10
-1.32678e-10
-1.32714e-10
-1.29777e-10
-1.36091e-10
-1.45112e-10
-1.40124e-10
-1.40089e-10
-1.39632e-10
-1.46196e-10
-1.46425e-10
-1.46165e-10
-1.19238e-10
-1.19141e-10
-1.41944e-10
-1.41993e-10
-1.42405e-10
-1.42337e-10
-1.42767e-10
-1.45855e-10
-1.38707e-10
-1.36077e-10
-1.38565e-10
-1.39493e-10
-1.39385e-10
-1.39987e-10
-1.39117e-10
-1.46292e-10
-1.20311e-10
-1.20315e-10
-1.38991e-10
-1.39021e-10
-1.38784e-10
-1.44045e-10
-1.4309e-10
-1.43131e-10
-1.42325e-10
-1.42843e-10
-1.24505e-10
-1.43122e-10
-1.40453e-10
-1.27603e-10
-1.27654e-10
-1.40064e-10
-1.40901e-10
-1.39192e-10
-1.40616e-10
-1.39542e-10
-1.39567e-10
-1.39721e-10
-1.42854e-10
-1.29806e-10
-1.45234e-10
-1.38869e-10
-1.41552e-10
-1.4229e-10
-1.41646e-10
-1.41861e-10
-1.41869e-10
-1.41642e-10
-1.46036e-10
-1.46034e-10
-1.40566e-10
-1.40576e-10
-1.40755e-10
-1.40793e-10
-1.40394e-10
-1.40246e-10
-1.40814e-10
-1.40893e-10
-1.4154e-10
-1.41564e-10
-1.40805e-10
-1.40878e-10
-1.45569e-10
-1.45579e-10
-1.43641e-10
-1.43688e-10
-1.43868e-10
-1.43845e-10
-1.44293e-10
-1.44261e-10
-1.43795e-10
-1.4427e-10
-1.43134e-10
-1.42991e-10
-1.42404e-10
-1.41619e-10
-1.41036e-10
-1.40627e-10
-1.40246e-10
-1.4059e-10
-1.40865e-10
-1.40877e-10
-1.40613e-10
-1.40276e-10
-1.40059e-10
-1.39633e-10
-1.39806e-10
-1.39143e-10
-1.38827e-10
-1.39472e-10
-1.39171e-10
-1.40052e-10
-1.40385e-10
-1.41389e-10
-1.40984e-10
-1.41823e-10
-1.41624e-10
-1.42418e-10
-1.42777e-10
-1.44089e-10
-1.44574e-10
-1.45347e-10
-1.45055e-10
-1.45823e-10
-1.46012e-10
-1.46149e-10
-1.46464e-10
-1.46739e-10
-1.46407e-10
-1.45652e-10
-1.43716e-10
-1.38707e-10
-1.41014e-10
-1.36104e-10
-1.33083e-10
-1.30093e-10
-1.24833e-10
-1.2762e-10
-1.22753e-10
-1.21309e-10
-1.19339e-10
-1.44604e-10
-1.44738e-10
-1.45125e-10
-1.45685e-10
-1.45314e-10
-1.42079e-10
-1.20282e-10
-1.05864e-10
-1.05798e-10
-1.05751e-10
-1.06708e-10
-1.18475e-10
-1.18363e-10
-1.18501e-10
-1.18274e-10
-1.18415e-10
-9.29478e-11
-9.44795e-11
-9.45699e-11
-9.28932e-11
-9.20915e-11
-1.14609e-10
-1.16338e-10
-1.14552e-10
-8.9839e-11
-8.99359e-11
-9.02651e-11
-1.02783e-10
-1.04149e-10
-1.0273e-10
-1.16337e-10
-1.18522e-10
-9.1257e-11
-9.11191e-11
-9.93903e-11
-9.81696e-11
-9.94037e-11
-9.5869e-11
-9.58057e-11
-9.73621e-11
-1.01314e-10
-1.00017e-10
-1.00056e-10
-1.01337e-10
-9.42455e-11
-9.42307e-11
-9.35032e-11
-9.66387e-11
-9.63744e-11
-9.66064e-11
-9.64778e-11
-9.81894e-11
-8.888e-11
-8.88335e-11
-8.79335e-11
-9.03036e-11
-8.80475e-11
-1.05894e-10
-1.05852e-10
-1.05518e-10
-8.7467e-11
-8.74555e-11
-8.80324e-11
-1.02066e-10
-1.03077e-10
-1.03108e-10
-1.01993e-10
-1.00697e-10
-1.00766e-10
-9.20273e-11
-9.28375e-11
-9.20376e-11
-9.28422e-11
-1.17921e-10
-1.17867e-10
-1.06876e-10
-1.07749e-10
-1.07834e-10
-1.05412e-10
-1.04825e-10
-1.04127e-10
-1.18459e-10
-9.35842e-11
-8.8091e-11
-1.05808e-10
-8.98375e-11
-9.10368e-11
-8.98962e-11
-9.7469e-11
-9.11154e-11
-1.18497e-10
-9.21707e-11
-1.1277e-10
-1.12703e-10
-8.92676e-11
-8.92708e-11
-1.05354e-10
-1.05374e-10
-9.13434e-11
-9.14397e-11
-9.4679e-11
-9.47708e-11
-8.77077e-11
-8.77584e-11
-1.06737e-10
-1.06661e-10
-1.09212e-10
-1.09061e-10
-1.09756e-10
-1.09724e-10
-8.75197e-11
-8.76143e-11
-9.84645e-11
-9.85028e-11
-1.1089e-10
-1.10785e-10
-8.85429e-11
-8.85344e-11
-1.04308e-10
-1.05591e-10
-1.05654e-10
-1.04252e-10
-1.39053e-10
-1.39221e-10
-1.40228e-10
-1.43417e-10
-1.47909e-10
-1.44398e-10
-1.45303e-10
-1.4042e-10
-1.24958e-10
-1.47009e-10
-1.42661e-10
-1.44807e-10
4.40986e-13
-3.43663e-12
-7.83003e-11
-7.83112e-11
-7.69791e-11
-7.84973e-11
-9.61057e-11
-9.73655e-11
-9.60046e-11
-8.62194e-11
-8.39946e-11
-8.38884e-11
-8.61326e-11
-8.8388e-11
-8.23514e-11
-6.40874e-11
-6.81417e-11
-6.40372e-11
-1.14508e-11
-1.14839e-11
-8.46849e-12
-1.44396e-11
-3.14385e-11
-3.13666e-11
-2.71544e-11
-5.10452e-11
-5.111e-11
-4.59002e-11
-5.57656e-11
-7.63015e-11
-7.63235e-11
-7.52585e-11
-7.07915e-11
-7.26513e-11
-7.07776e-11
-8.84721e-11
-9.03388e-11
-3.43735e-12
-7.84799e-11
-9.04249e-11
-7.27149e-11
-7.95395e-11
-8.03713e-11
-7.95376e-11
-1.46762e-11
-1.90279e-11
-1.9047e-11
-2.28202e-11
-2.27881e-11
-7.95659e-12
-1.00348e-10
-1.00336e-10
-9.92698e-11
-9.84307e-11
-9.76719e-11
-9.77636e-11
-9.84131e-11
-7.29535e-11
-7.40409e-11
-7.33214e-11
-7.4064e-11
-9.93359e-11
-9.88252e-11
-9.88398e-11
-9.92741e-11
-4.59254e-11
-6.81298e-11
-8.04658e-11
-1.01445e-10
-1.0145e-10
-1.00713e-10
-1.01757e-10
-9.95056e-11
-9.95068e-11
-9.96598e-11
-1.00844e-10
-8.24044e-11
-7.52438e-11
-1.03966e-10
-1.02795e-10
-1.02901e-10
-1.03966e-10
-4.10808e-11
-4.10195e-11
-3.65101e-11
-1.04841e-10
-3.64564e-11
-2.71782e-11
-9.96473e-11
-9.94621e-11
-9.92593e-11
-1.01851e-10
-9.96937e-11
-7.70321e-11
-5.55701e-11
-9.74421e-11
-9.4579e-11
-9.46008e-11
-5.95018e-11
-5.95373e-11
-7.27706e-11
-7.27795e-11
-9.93723e-11
-9.94126e-11
-9.25843e-11
-9.24475e-11
-1.18263e-10
-1.18511e-10
-1.17899e-10
-1.18302e-10
-1.16041e-10
-1.14367e-10
-1.126e-10
-1.09703e-10
-1.0885e-10
-1.07667e-10
-1.05875e-10
-1.052e-10
-1.03991e-10
-1.02603e-10
-1.01201e-10
-9.98817e-11
-9.83556e-11
-9.6462e-11
-9.45904e-11
-9.42463e-11
-9.35533e-11
-9.27642e-11
-9.19077e-11
-9.1034e-11
-8.88081e-11
-8.79756e-11
-8.77074e-11
-8.74694e-11
-8.73563e-11
-8.8063e-11
-8.85997e-11
-8.92868e-11
-8.99055e-11
-9.03787e-11
-9.11464e-11
-9.13931e-11
-9.22018e-11
-9.29831e-11
-9.44802e-11
-9.82222e-11
-9.94279e-11
-1.00673e-10
-1.03048e-10
-1.0426e-10
-1.05534e-10
-1.05855e-10
-1.05366e-10
-1.04757e-10
-1.02904e-10
-1.03937e-10
-1.01972e-10
-1.00907e-10
-1.01482e-10
-9.93184e-11
-1.00472e-10
-9.94693e-11
-9.96591e-11
-9.95176e-11
-9.9159e-11
-9.94855e-11
-9.8757e-11
-9.84338e-11
-9.739e-11
-9.7766e-11
-9.60316e-11
-9.45848e-11
-9.06413e-11
-9.25936e-11
-8.8498e-11
-8.62719e-11
-8.05894e-11
-8.25264e-11
-7.95292e-11
-7.85434e-11
-7.82176e-11
-7.70959e-11
-7.63186e-11
-7.53184e-11
-7.33535e-11
-7.42424e-11
-7.2692e-11
-7.28227e-11
-6.83724e-11
-6.42262e-11
-5.57674e-11
-5.97752e-11
-5.13086e-11
-3.17619e-11
-3.69042e-11
-2.32488e-11
-2.7607e-11
-1.93761e-11
-1.51351e-11
-1.17768e-11
-1.18176e-10
-1.10855e-10
-1.06823e-10
-1.05763e-10
-9.65628e-11
-8.98595e-11
-9.57846e-11
-9.73129e-11
-1.02e-10
-1.06511e-10
-8.40441e-11
-7.09902e-11
-4.63694e-11
-4.14282e-11
-8.06947e-12
-3.83563e-12
-9.7933e-11
-9.43259e-11
-9.49943e-11
-9.7706e-11
-8.69066e-11
-7.89762e-11
-1.06286e-10
-7.18669e-11
-2.69096e-11
-9.99083e-11
-9.24414e-11
-1.06194e-10
-1.04726e-10
-9.41063e-11
-1.00887e-10
-8.74235e-11
-3.19465e-11
-1.17549e-10
-8.07608e-11
-7.24441e-11
-1.05782e-10
-1.00463e-10
-9.30061e-11
-1.06247e-10
