-2.77556e-17
0
2.42861e-17
-6.93889e-18
-3.64292e-17
2.08167e-17
1.56125e-17
8.67362e-18
0
-8.67362e-18
1.56125e-17
6.41848e-17
3.1225e-17
3.1225e-17
8.67362e-17
3.29597e-17
2.42861e-17
1.56125e-17
2.77556e-17
3.29597e-17
-4.16334e-17
1.56125e-17
1.9082e-17
5.55112e-17
-6.93889e-18
-1.04083e-17
0
0
1.38778e-17
-2.94903e-17
-4.16334e-17
1.38778e-17
-4.68375e-17
1.21431e-17
-2.42861e-17
-3.98986e-17
1.21431e-17
1.56125e-17
-3.75543e-17
9.79878e-18
1.38778e-17
2.94903e-17
2.42861e-17
0
0
1.56125e-17
-5.55112e-17
-2.25514e-17
8.67362e-17
8.67362e-18
3.29597e-17
1.38778e-17
3.1225e-17
-4.68375e-17
-2.42861e-17
1.38778e-17
-3.81639e-17
9.79878e-18
8.50015e-17
1.38778e-17
6.93889e-18
8.67362e-18
8.67362e-18
8.67362e-17
6.245e-17
8.67362e-18
0
0
1.04083e-17
5.55112e-17
2.94903e-17
5.55112e-17
1.04083e-17
0
-2.42861e-17
6.245e-17
-4.70255e-17
-2.42861e-17
0
6.245e-17
8.67362e-18
8.50015e-17
3.29597e-17
-1.04083e-17
2.25514e-17
8.84709e-17
-2.60209e-17
3.1225e-17
-3.46945e-17
-3.1225e-17
2.42861e-17
-5.55112e-17
0
-2.25514e-17
1.56125e-17
1.56125e-17
3.29597e-17
8.50015e-17
1.38778e-17
1.04083e-17
0
1.11022e-16
1.38778e-17
3.1225e-17
4.85723e-17
1.56125e-17
2.94903e-17
2.42861e-17
1.56125e-17
0
1.57065e-17
1.56125e-17
1.56125e-17
-2.42861e-17
3.1225e-17
2.60209e-17
3.46945e-17
5.55112e-17
1.56125e-17
-2.42861e-17
-2.25514e-17
3.1225e-17
-2.60209e-17
-4.51028e-17
0
6.245e-17
-2.42861e-17
0
8.67362e-18
8.67362e-18
8.84709e-17
3.1225e-17
-3.46945e-17
5.20417e-18
-3.81639e-17
2.77556e-17
0
0
4.52908e-17
0
8.67362e-17
-8.67362e-18
8.67362e-18
-2.25514e-17
-1.04083e-17
-5.78554e-17
5.55112e-17
8.67362e-17
5.55112e-17
-5.55112e-17
3.1225e-17
1.56125e-17
0
1.9082e-17
-5.55112e-17
5.55112e-17
5.55112e-17
0
-4.68375e-17
-3.98986e-17
0
-3.46945e-17
-4.68375e-17
-2.25514e-17
8.67362e-17
3.29597e-17
8.84709e-17
0
0
-5.55112e-17
1.38778e-17
3.1225e-17
0
5.55112e-17
1.38778e-17
-5.55112e-17
5.20417e-18
0
6.41848e-17
5.55112e-17
3.1225e-17
0
5.55112e-17
-3.46945e-17
3.1225e-17
0
3.1225e-17
0
5.55112e-17
0
2.08167e-17
4.51028e-17
5.55112e-17
5.55112e-17
0
6.93889e-18
-2.25514e-17
1.11022e-16
0
0
-4.16334e-17
1.04083e-17
-5.55112e-17
0
-4.16334e-17
1.56125e-17
0
4.51028e-17
0
5.55112e-17
0
0
-9.54098e-17
0
-5.55112e-17
0
5.55112e-17
0
0
0
0
-2.77556e-17
1.21431e-17
0
0
0
5.55112e-17
5.55112e-17
5.55112e-17
0
-5.55112e-17
0
5.55112e-17
0
0
5.55112e-17
0
0
0
0
0
0
0
0
0
0
0
0
0
0
0
0
0
0
0
0
0
0
0
0
0
0
0
0
0
0
0
0
0
0
0
0
0
0
0
0
0
0
0
0
0
0
0
0
0
0
0
0
0
0
0
0
0
0
0
0
0
0
0
0
0
0
0
0
0
0
0
0
0
0
0
0
0
0
0
0
0
0
0
0
0
0
0
0
0
0
0
0
0
0
0
0
0
0
0
0
0
0
0
0
0
0
0
0
0
0
0
0
0
0
0
0
1.04083e-17
8.67362e-18
1.56125e-17
1.56125e-17
-5.55112e-17
-2.25514e-17
7.45931e-17
-5.55112e-17
-8.06407e-18
8.67362e-18
3.5304e-17
3.64292e-17
-8.67362e-18
1.56125e-17
0
3.1225e-17
-3.98986e-17
-3.81639e-17
1.56125e-17
3.64292e-17
-5.55112e-17
-4.85723e-17
1.56125e-17
7.11237e-17
1.96915e-17
-8.67362e-18
-7.80626e-17
-3.98986e-17
-8.67362e-18
8.67362e-18
6.93889e-18
-4.33681e-17
-3.98046e-17
1.56125e-17
1.56125e-17
1.57065e-17
-5.55112e-17
3.1225e-17
5.55112e-17
-5.55112e-17
-3.98986e-17
1.57065e-17
1.56125e-17
3.1225e-17
1.56125e-17
-5.55112e-17
3.1225e-17
1.57065e-17
0
6.93889e-18
1.56125e-17
-4.68375e-17
-5.55112e-17
-3.81639e-17
6.93889e-18
-4.33681e-17
-5.55112e-17
0
-3.1225e-17
-1.38778e-17
-3.98986e-17
-3.46945e-17
0
1.56125e-17
6.93889e-18
1.21431e-17
0
0
1.56125e-17
-2.42861e-17
2.08167e-17
0
0
-3.81639e-17
-6.93889e-18
5.20417e-18
8.67362e-18
1.04083e-17
0
1.73472e-17
-5.55112e-17
0
0
-8.67362e-18
0
5.55112e-17
-5.55112e-17
0
1.9082e-17
1.56125e-17
-5.0307e-17
3.1225e-17
-5.55112e-17
-5.55112e-17
0
0
0
0
-9.36751e-17
-3.98986e-17
0
0
0
0
5.55112e-17
5.55112e-17
5.55112e-17
5.55112e-17
0
0
0
0
0
0
0
0
0
0
0
0
0
0
0
0
0
0
0
0
0
0
0
0
0
0
0
0
0
0
0
0
0
0
0
0
0
0
0
0
0
0
0
0
0
0
0
0
0
0
0
0
0
0
0
0
0
0
0
0
0
0
0
0
0
0
0
0
0
0
0
0
0
0
0
0
0
0
0
0
0
0
0
0
0
0
0
0
0
0
0
0
0
4.68375e-17
4.91818e-17
-8.67362e-18
-8.67362e-18
7.80626e-17
-1.73472e-18
0
6.93889e-18
-4.68375e-17
-3.98046e-17
1.96915e-17
4.91819e-17
4.68375e-17
3.81639e-17
-1.38778e-17
5.55112e-17
-3.29597e-17
6.93889e-18
-4.33681e-17
-8.67362e-18
0
3.1225e-17
3.64292e-17
-3.98986e-17
-5.55112e-17
7.11237e-17
1.56125e-17
5.55112e-17
4.74471e-17
4.68375e-17
-4.84783e-17
1.56125e-17
7.11237e-17
1.96915e-17
7.54844e-18
1.21431e-17
0
-4.68375e-17
6.93889e-18
-1.02205e-17
-3.46945e-17
3.1225e-17
3.64292e-17
0
-5.55112e-17
1.56125e-17
3.46945e-17
1.79568e-17
-5.55112e-17
4.68375e-17
0
1.56125e-17
-3.98986e-17
4.52906e-17
0
3.81639e-17
1.56125e-17
1.56125e-17
-3.98986e-17
-3.64292e-17
-5.55112e-17
-3.75543e-17
0
8.67362e-18
0
1.56125e-17
-5.31669e-17
-6.41848e-17
1.02349e-16
0
4.51028e-17
1.56125e-17
3.29597e-17
-4.68375e-17
0
1.56125e-17
-5.55112e-17
4.68375e-17
-8.67362e-18
0
4.51028e-17
3.81639e-17
4.85723e-17
5.55112e-17
-3.46945e-17
0
5.55112e-17
0
-5.55112e-17
-5.55112e-17
5.55112e-17
5.55112e-17
-8.67362e-18
-7.80626e-17
-3.98986e-17
-8.67362e-18
0
5.55112e-17
5.55112e-17
5.55112e-17
-4.85723e-17
5.55112e-17
2.25514e-17
0
0
-5.55112e-17
-5.55112e-17
4.68375e-17
4.68375e-17
0
0
0
0
4.68375e-17
-8.67362e-18
0
0
0
0
0
-7.11237e-17
-6.41848e-17
5.55112e-17
5.55112e-17
-3.29597e-17
-8.67362e-18
5.55112e-17
1.56125e-17
1.02349e-16
-1.04083e-17
4.85723e-17
5.55112e-17
5.55112e-17
0
0
0
0
0
0
0
0
0
0
0
0
0
0
0
0
0
0
0
0
0
0
0
0
0
0
0
0
0
0
0
0
0
0
0
0
0
0
0
0
0
0
0
0
0
0
0
0
0
0
0
0
0
0
0
0
0
0
0
3.81639e-17
-1.56125e-17
4.68375e-17
4.68375e-17
4.85723e-17
-7.11237e-17
-6.41848e-17
4.68375e-17
4.68375e-17
4.68375e-17
3.81639e-17
4.05082e-17
3.98986e-17
1.02349e-16
3.81639e-17
-1.56125e-17
-5.55112e-17
-6.93889e-18
4.68375e-17
-6.93889e-18
3.81639e-17
4.68375e-17
5.55112e-17
3.81639e-17
4.68375e-17
3.81639e-17
-1.56125e-17
-5.55112e-17
-5.55112e-17
-1.73472e-17
-6.59195e-17
5.55112e-17
4.59947e-17
3.1225e-17
3.81639e-17
-8.67362e-18
3.81639e-17
4.52906e-17
4.68375e-17
4.68375e-17
4.68375e-17
4.68375e-17
-7.11237e-17
-6.41848e-17
4.68375e-17
-8.67362e-18
3.81639e-17
-1.56125e-17
0
-3.29597e-17
4.68375e-17
5.55112e-17
3.81639e-17
3.81639e-17
4.16334e-17
0
4.68375e-17
-1.56125e-17
5.55112e-17
4.68375e-17
-2.42861e-17
4.52906e-17
3.81639e-17
4.85723e-17
-8.06407e-18
-7.28584e-17
-8.67362e-18
4.68375e-17
-6.41848e-17
-6.93889e-17
5.55112e-17
4.68375e-17
-6.41848e-17
-6.245e-17
4.68375e-17
1.11022e-16
4.68375e-17
4.85723e-17
0
3.81639e-17
-5.0307e-17
-6.245e-17
-7.97973e-17
-8.67362e-18
-7.28584e-17
-8.67362e-18
-8.67362e-18
-5.55112e-17
3.98986e-17
3.98986e-17
-6.41848e-17
4.68375e-17
4.68375e-17
4.68375e-17
-5.55112e-17
4.68375e-17
5.55112e-17
-6.41848e-17
4.68375e-17
4.68375e-17
4.68375e-17
-5.55112e-17
-7.11237e-17
-8.67362e-18
5.55112e-17
4.68375e-17
5.55112e-17
-1.73472e-17
4.68375e-17
-5.0307e-17
-7.97973e-17
3.87735e-17
3.98986e-17
4.68375e-17
4.91819e-17
5.55112e-17
0
-8.67362e-18
3.81639e-17
4.16334e-17
4.68375e-17
4.68375e-17
0
4.68375e-17
4.68375e-17
-5.55112e-17
1.38778e-17
-4.68375e-17
5.55112e-17
1.02349e-16
-5.55112e-17
-8.67362e-18
-6.245e-17
-8.67362e-18
4.68375e-17
-3.98986e-17
2.25514e-17
1.02349e-16
-5.55112e-17
0
1.56125e-17
1.00614e-16
1.11022e-16
-5.55112e-17
0
-5.55112e-17
-5.01192e-17
3.81639e-17
4.16334e-17
0
4.85723e-17
4.68375e-17
4.68375e-17
4.68375e-17
-7.28584e-17
-8.67362e-18
1.11022e-16
9.36751e-17
-5.55112e-17
4.91818e-17
0
4.68375e-17
4.68375e-17
0
4.68375e-17
5.55112e-17
4.51028e-17
4.68375e-17
0
5.55112e-17
4.68375e-17
5.55112e-17
5.55112e-17
-6.245e-17
4.68375e-17
0
5.55112e-17
-8.67362e-18
-5.55112e-17
5.55112e-17
1.02349e-16
4.68375e-17
5.55112e-17
5.55112e-17
4.68375e-17
5.20417e-18
-6.18405e-17
5.55112e-17
5.55112e-17
0
5.55112e-17
5.55112e-17
-6.245e-17
-8.67362e-18
-5.55112e-17
0
5.55112e-17
5.55112e-17
5.55112e-17
5.55112e-17
-5.55112e-17
0
5.55112e-17
-8.67362e-18
-5.55112e-17
5.55112e-17
-8.67362e-18
5.55112e-17
5.55112e-17
5.55112e-17
5.55112e-17
5.55112e-17
-3.98986e-17
2.25514e-17
4.68375e-17
4.68375e-17
0
0
5.55112e-17
1.11022e-16
0
0
0
0
0
0
0
0
0
0
0
0
0
0
0
0
0
0
0
0
0
0
0
0
0
0
0
0
0
0
0
0
0
0
0
0
0
0
0
0
0
0
0
0
0
0
0
0
0
0
0
0
0
0
0
0
0
0
0
0
0
0
0
0
0
0
0
0
0
0
0
0
0
0
0
0
0
0
0
0
0
0
0
0
0
0
0
0
0
0
0
0
0
0
0
0
0
0
0
0
0
0
0
0
0
0
0
0
0
0
0
0
0
0
0
0
0
0
0
0
0
0
0
0
0
0
0
0
0
0
0
0
0
0
0
0
0
0
0
0
0
0
0
0
0
0
0
0
0
0
4.68375e-17
-8.67362e-18
-1.04083e-17
4.68375e-17
5.55112e-17
5.55112e-17
0
0
4.68375e-17
-8.67362e-18
4.68375e-17
4.68375e-17
-6.245e-17
-6.41848e-17
4.85723e-17
1.02349e-16
0
0
0
0
1.02349e-16
-6.32935e-18
0
0
0
0
0
0
-8.67362e-18
4.68375e-17
-8.67362e-18
4.68375e-17
0
0
4.51028e-17
5.55112e-17
3.81639e-17
3.81639e-17
-1.56125e-17
2.34433e-17
0
3.81639e-17
-1.38778e-17
4.68375e-17
0
4.52906e-17
0
3.81639e-17
5.89806e-17
5.20417e-18
1.11022e-16
0
3.81639e-17
-1.56125e-17
0
4.68375e-17
4.68375e-17
3.46945e-18
6.93889e-18
4.68375e-17
0
1.02349e-16
1.73472e-17
-1.38778e-17
-8.67362e-18
1.40656e-17
3.81639e-17
3.98986e-17
-5.55112e-17
3.81639e-17
-1.56125e-17
0
0
0
-7.11237e-17
-8.67362e-18
-8.67362e-18
3.81639e-17
-1.56125e-17
-5.55112e-17
-5.55112e-17
4.51028e-17
5.55112e-17
3.81639e-17
4.52906e-17
0
3.81639e-17
0
-7.11237e-17
-6.41848e-17
5.55112e-17
4.68375e-17
7.80626e-17
-1.5469e-18
5.55112e-17
1.00614e-16
-7.28584e-17
-8.67362e-18
5.55112e-17
-7.28584e-17
1.02349e-16
-8.67362e-18
4.85723e-17
3.98986e-17
3.98986e-17
-5.55112e-17
1.21431e-17
4.68375e-17
0
6.76542e-17
0
-8.84709e-17
-5.55112e-17
4.68375e-17
4.74471e-17
3.64292e-17
4.51028e-17
1.38778e-17
0
3.81639e-17
-1.56125e-17
0
0
-6.245e-17
4.68375e-17
-1.73472e-17
4.68375e-17
-8.06407e-18
-1.73472e-17
-6.57317e-17
4.68375e-17
-6.41848e-17
0
5.55112e-17
4.68375e-17
4.68375e-17
0
1.11022e-16
4.68375e-17
4.68375e-17
1.02349e-16
0
-8.67362e-18
1.21431e-17
5.55112e-17
4.68375e-17
1.02349e-16
-8.67362e-18
0
-8.67362e-18
-7.28584e-17
-8.67362e-18
-8.67362e-18
5.55112e-17
4.68375e-17
-1.56125e-17
1.02349e-16
4.05082e-17
3.98986e-17
1.40656e-17
4.91818e-17
3.98986e-17
0
-1.73472e-17
-4.14455e-17
5.55112e-17
1.02349e-16
-5.55112e-17
-6.41848e-17
0
-5.55112e-17
5.55112e-17
-6.41848e-17
5.55112e-17
4.51028e-17
-6.93889e-18
-8.67362e-18
0
1.02349e-16
4.68375e-17
4.68375e-17
4.74471e-17
-6.41848e-17
4.68375e-17
0
5.55112e-17
6.41848e-17
5.20417e-18
1.40656e-17
1.02349e-16
5.55112e-17
1.02349e-16
1.02349e-16
5.55112e-17
4.91818e-17
4.68375e-17
-5.55112e-17
5.55112e-17
6.76542e-17
1.21431e-17
-8.67362e-18
4.68375e-17
0
1.11022e-16
5.20417e-18
1.04083e-17
0
4.68375e-17
5.55112e-17
1.02349e-16
0
4.85723e-17
5.55112e-17
6.76542e-17
-5.55112e-17
4.68375e-17
1.11022e-16
0
1.21431e-17
4.91818e-17
-8.67362e-18
5.55112e-17
4.68375e-17
-5.55112e-17
4.85723e-17
-6.18405e-17
0
5.55112e-17
5.55112e-17
4.68375e-17
0
1.11022e-16
-5.55112e-17
5.55112e-17
5.55112e-17
0
4.85723e-17
-1.56125e-17
4.68375e-17
4.68375e-17
5.55112e-17
0
5.55112e-17
5.55112e-17
0
0
0
5.55112e-17
5.55112e-17
-8.67362e-18
5.55112e-17
5.55112e-17
5.55112e-17
0
0
5.55112e-17
0
5.55112e-17
0
0
0
0
0
0
0
0
0
0
0
0
0
0
0
0
0
0
0
0
0
0
0
0
0
0
0
0
0
0
0
0
0
0
0
0
0
0
0
0
0
0
0
0
0
0
0
0
0
0
0
0
0
0
0
0
0
0
0
0
0
0
0
0
0
0
0
0
0
0
0
0
0
0
0
0
0
0
0
0
0
0
0
0
0
0
0
0
0
0
0
0
0
0
0
0
0
0
0
0
0
0
0
0
0
0
0
0
0
0
0
0
4.68375e-17
-1.56125e-17
4.68375e-17
4.68375e-17
1.21431e-17
3.81639e-17
3.98986e-17
5.55112e-17
4.52906e-17
4.68375e-17
3.81639e-17
1.02349e-16
4.68375e-17
-1.56125e-17
-1.02205e-17
0
5.89806e-17
5.89806e-17
1.04083e-17
-1.04083e-17
0
3.81639e-17
3.98986e-17
4.52906e-17
3.6617e-17
4.68375e-17
1.02349e-16
4.68375e-17
4.68375e-17
4.68375e-17
-6.41848e-17
4.52906e-17
3.1225e-17
3.81639e-17
1.02349e-16
4.68375e-17
4.68375e-17
1.56125e-17
3.81639e-17
-1.56125e-17
1.02349e-16
0
3.81639e-17
-1.56125e-17
6.93889e-18
0
0
1.21431e-17
4.85723e-17
1.21431e-17
5.20417e-18
-5.0307e-17
-2.42861e-17
-1.02205e-17
0
5.89806e-17
3.1225e-17
5.20417e-18
5.392e-18
5.55112e-17
3.1225e-17
4.68375e-17
6.76542e-17
0
4.68375e-17
0
4.68375e-17
-1.9082e-17
0
1.11022e-16
0
1.11022e-16
-5.55112e-17
0
1.21431e-17
-8.67362e-18
1.11022e-16
5.20417e-18
4.68375e-17
-5.55112e-17
0
1.21431e-17
5.55112e-17
5.55112e-17
4.68375e-17
1.02958e-16
0
-4.33681e-17
5.55112e-17
5.55112e-17
0
0
1.21431e-17
0
0
0
4.68375e-17
1.02349e-16
0
5.55112e-17
0
5.55112e-17
0
0
0
0
0
0
0
0
0
0
0
0
0
0
0
0
0
0
0
0
0
0
0
0
0
0
0
0
0
0
0
0
0
0
0
0
0
0
0
0
0
0
0
0
0
0
0
0
0
0
0
0
0
0
0
0
0
0
0
0
0
0
0
0
0
0
0
0
0
0
0
0
0
0
0
0
0
0
0
0
0
0
0
0
0
4.68375e-17
4.68375e-17
-8.67362e-18
-6.32935e-18
4.68375e-17
4.68375e-17
0
0
4.68375e-17
4.68375e-17
0
0
0
0
3.64292e-17
5.20417e-18
1.02349e-16
8.67362e-17
4.52906e-17
5.55112e-17
3.81639e-17
5.89806e-17
1.04083e-17
0
0
3.87735e-17
3.98986e-17
0
4.07899e-18
6.59195e-17
0
0
1.73472e-18
-8.67362e-18
-8.67362e-18
4.68375e-17
3.81639e-17
-1.56125e-17
1.11022e-16
5.55112e-17
5.55112e-17
-1.73472e-17
1.02349e-16
4.68375e-17
4.68375e-17
1.21431e-17
4.51028e-17
0
3.81639e-17
5.55112e-17
4.52906e-17
5.55112e-17
3.81639e-17
1.21431e-17
5.20417e-18
-8.67362e-18
4.68375e-17
5.89806e-17
5.20417e-18
4.68375e-17
0
3.81639e-17
-1.56125e-17
0
0
6.76542e-17
-2.42861e-17
1.02349e-16
0
1.11022e-16
0
-8.67362e-18
1.02349e-16
-5.55112e-17
1.44873e-17
6.59195e-17
0
5.89806e-17
5.20417e-18
-8.67362e-18
4.68375e-17
-8.67362e-18
0
4.68375e-17
6.76542e-17
6.76542e-17
1.04083e-17
-8.67362e-18
4.68375e-17
1.11022e-16
0
7.28584e-17
1.73472e-18
-6.41848e-17
1.11022e-16
1.02349e-16
-8.67362e-18
4.74471e-17
3.81639e-17
3.98986e-17
1.21431e-17
1.11022e-16
1.73472e-17
0
0
4.68375e-17
0
1.11022e-16
5.55112e-17
1.11022e-16
7.80626e-17
-1.73472e-18
1.11022e-16
-5.01192e-17
5.55112e-17
-6.32935e-18
4.68375e-17
1.02349e-16
0
5.55112e-17
5.55112e-17
0
0
0
5.55112e-17
0
5.55112e-17
-8.67362e-18
5.55112e-17
0
4.68375e-17
4.68375e-17
5.55112e-17
1.11022e-16
0
0
0
0
0
0
0
0
0
0
0
0
0
0
0
0
0
0
0
0
0
0
0
0
0
0
0
0
0
0
0
0
0
0
0
0
0
0
0
0
0
0
0
0
0
0
0
0
0
0
0
0
0
0
0
0
0
0
0
0
0
0
0
5.89806e-17
5.20417e-18
4.68375e-17
-2.42861e-17
4.52906e-17
5.55112e-17
3.81639e-17
5.37764e-17
3.81639e-17
4.68375e-17
2.08167e-17
3.46945e-18
6.59195e-17
-8.67362e-18
1.11022e-16
5.37764e-17
-1.73472e-17
0
-1.04083e-17
-6.93889e-18
5.89806e-17
4.68375e-17
-8.67362e-18
1.02349e-16
-5.01192e-17
3.81639e-17
-1.56125e-17
1.21431e-17
0
-6.93889e-18
-1.73472e-17
1.02349e-16
1.02349e-16
4.68375e-17
4.74471e-17
3.81639e-17
3.98986e-17
5.55112e-17
3.81639e-17
3.98986e-17
1.02349e-16
4.07899e-18
6.59195e-17
0
3.98986e-17
9.54098e-17
4.51028e-17
4.68375e-17
4.68375e-17
1.11022e-16
3.81639e-17
-1.56125e-17
0
-6.93889e-18
3.6617e-17
4.68375e-17
1.02349e-16
4.68375e-17
5.20417e-18
1.04083e-17
0
4.68375e-17
4.74471e-17
3.81639e-17
3.98986e-17
0
0
4.68375e-17
1.21431e-17
-8.67362e-18
3.1225e-17
4.68375e-17
-1.02205e-17
1.56125e-17
-8.67362e-18
3.87735e-17
3.98986e-17
6.93889e-18
3.81639e-17
-1.56125e-17
6.93889e-18
0
5.89806e-17
1.04083e-17
-8.67362e-18
0
4.68375e-17
0
3.81639e-17
-1.56125e-17
1.02349e-16
0
3.81639e-17
-1.56125e-17
1.11022e-16
5.55112e-17
4.68375e-17
3.64292e-17
5.55112e-17
3.81639e-17
4.68375e-17
0
4.91818e-17
3.98986e-17
1.11022e-16
-8.67362e-18
4.68375e-17
5.78554e-17
-8.67362e-18
5.55112e-17
2.08167e-17
1.00614e-16
1.02349e-16
1.21431e-17
7.28584e-17
5.55112e-17
6.93889e-18
1.73472e-17
-1.04083e-17
1.11022e-16
4.68375e-17
4.68375e-17
0
4.68375e-17
0
3.1225e-17
3.81639e-17
4.52906e-17
5.392e-18
4.51028e-17
1.38778e-17
0
5.89806e-17
1.04083e-17
-1.04083e-17
3.1225e-17
5.20417e-18
5.55112e-17
0
5.55112e-17
-4.33681e-17
5.55112e-17
-8.67362e-18
4.51028e-17
4.68375e-17
3.81639e-17
1.00614e-16
1.11022e-16
0
4.68375e-17
1.02349e-16
1.02349e-16
4.51028e-17
-1.04083e-17
1.02349e-16
0
0
1.11022e-16
5.55112e-17
1.21431e-17
4.91818e-17
5.55112e-17
1.11022e-16
0
1.21431e-17
-5.55112e-17
1.21431e-17
-8.67362e-18
4.85723e-17
-6.32935e-18
-8.67362e-18
0
-3.98986e-17
5.55112e-17
5.55112e-17
0
1.02349e-16
4.91818e-17
1.11022e-16
5.20417e-18
4.85723e-17
1.11022e-16
-8.67362e-18
1.11022e-16
0
5.55112e-17
5.55112e-17
1.11022e-16
4.68375e-17
4.68375e-17
0
0
5.55112e-17
1.11022e-16
5.55112e-17
0
0
0
0
5.55112e-17
-8.67362e-18
4.68375e-17
5.55112e-17
1.11022e-16
0
5.55112e-17
2.08167e-17
5.37764e-17
-8.67362e-18
4.68375e-17
0
0
0
5.55112e-17
4.68375e-17
4.68375e-17
5.55112e-17
5.55112e-17
0
0
0
0
0
0
0
0
0
0
0
0
0
0
0
0
0
0
0
0
0
0
0
0
0
0
0
0
0
0
0
0
0
0
0
0
0
0
0
0
0
0
0
0
0
0
0
0
0
0
0
0
0
0
0
0
0
0
0
0
0
0
0
0
0
0
0
0
0
0
0
0
0
0
0
0
0
0
0
0
0
0
0
0
0
0
0
0
0
0
0
0
0
0
0
0
0
0
0
0
0
0
0
0
0
0
0
0
0
0
0
0
0
0
0
0
0
0
0
0
0
0
0
0
0
0
0
0
0
0
0
0
0
0
0
0
0
0
0
0
0
0
0
0
0
0
0
3.29597e-17
5.20417e-18
3.1225e-17
-2.42861e-17
4.68375e-17
4.68375e-17
0
0
4.68375e-17
4.68375e-17
-8.67362e-18
-6.93889e-18
4.68375e-17
4.68375e-17
-6.93889e-18
1.02349e-16
0
0
0
0
4.51028e-17
4.68375e-17
0
0
0
0
0
0
0
-8.67362e-18
5.20417e-18
1.04083e-17
5.55112e-17
5.55112e-17
-8.67362e-18
0
0
0
6.41848e-17
5.20417e-18
0
3.81639e-17
-1.56125e-17
4.68375e-17
2.34438e-18
4.51028e-17
1.56125e-17
1.02349e-16
-1.21431e-17
-3.1225e-17
0
3.87735e-17
3.98986e-17
1.11022e-16
4.51028e-17
4.68375e-17
3.81639e-17
3.98986e-17
9.54098e-17
1.02349e-16
5.20417e-18
8.67362e-17
3.81639e-17
-1.56125e-17
0
4.68375e-17
6.41848e-17
5.20417e-18
4.68375e-17
4.74471e-17
3.81639e-17
4.68375e-17
4.68375e-17
6.3154e-17
5.78554e-17
3.46945e-18
1.02349e-16
1.21431e-17
-1.56125e-17
4.68375e-17
5.55112e-17
3.81639e-17
-1.56125e-17
0
4.68375e-17
1.21431e-17
7.28584e-17
-8.67362e-18
1.02349e-16
4.68375e-17
1.02349e-16
1.02349e-16
0
0
1.21431e-17
4.68375e-17
0
4.68375e-17
3.81639e-17
4.52906e-17
4.68375e-17
4.68375e-17
4.68375e-17
5.55112e-17
4.74471e-17
3.64292e-17
-6.93889e-18
-1.56125e-17
4.68375e-17
1.02349e-16
2.08167e-17
5.37764e-17
5.55112e-17
0
5.89806e-17
5.20417e-18
4.68375e-17
-2.42861e-17
4.51028e-17
5.55112e-17
3.81639e-17
5.55112e-17
5.55112e-17
4.68375e-17
4.68375e-17
4.68375e-17
1.56125e-17
4.68375e-17
4.68375e-17
5.20417e-18
1.02349e-16
4.85723e-17
4.68375e-17
-5.0307e-17
4.68375e-17
0
4.85723e-17
1.11022e-16
6.76542e-17
1.11022e-16
0
1.02349e-16
1.02349e-16
8.67362e-17
-5.01634e-18
0
4.91818e-17
1.21431e-17
6.76542e-17
0
1.02349e-16
-8.67362e-18
0
1.02349e-16
0
-1.04083e-17
0
1.21431e-17
5.55112e-17
4.85723e-17
1.11022e-16
1.21431e-17
0
5.37764e-17
4.68375e-17
2.15206e-17
-8.67362e-18
1.11022e-16
4.85723e-17
5.55112e-17
0
0
0
5.55112e-17
5.20417e-18
3.1225e-17
5.55112e-17
-8.67362e-18
0
5.55112e-17
0
5.55112e-17
-8.67362e-18
4.68375e-17
4.68375e-17
1.02349e-16
0
0
0
0
3.1225e-17
5.20417e-18
5.55112e-17
5.55112e-17
5.55112e-17
4.68375e-17
0
5.55112e-17
4.68375e-17
4.68375e-17
5.55112e-17
1.11022e-16
3.81639e-17
3.98986e-17
4.68375e-17
3.81639e-17
-1.56125e-17
0
5.55112e-17
-1.04083e-17
0
5.89806e-17
3.87735e-17
3.98986e-17
6.93889e-18
1.21431e-17
3.81639e-17
-1.56125e-17
0
5.55112e-17
3.98986e-17
9.54098e-17
1.40656e-17
4.68375e-17
4.68375e-17
3.81639e-17
-1.56125e-17
4.51028e-17
4.68375e-17
4.68375e-17
5.55112e-17
1.02349e-16
0
1.02349e-16
4.68375e-17
5.20417e-18
0
4.68375e-17
4.68375e-17
4.68375e-17
0
1.02349e-16
0
1.21431e-17
0
5.55112e-17
1.73472e-18
1.11022e-16
-8.67362e-18
5.55112e-17
1.73472e-17
1.11022e-16
1.11022e-16
0
6.76542e-17
-5.55112e-17
0
0
-5.55112e-17
5.55112e-17
0
5.55112e-17
0
0
0
0
0
0
0
0
0
0
0
0
0
0
0
0
0
0
0
0
0
0
0
0
0
0
0
0
0
0
0
0
0
0
0
0
0
0
0
0
0
0
0
0
0
0
0
0
0
0
0
0
0
0
0
0
0
0
0
0
0
0
0
0
0
0
0
0
0
0
0
0
0
0
0
0
0
0
0
0
0
0
0
0
0
0
0
0
0
0
0
0
0
0
0
0
0
0
0
0
0
0
0
0
0
0
0
0
0
0
0
0
7.63278e-17
-3.29597e-17
4.51028e-17
-1.73472e-17
-5.0307e-17
-2.25514e-17
-5.55112e-17
4.51028e-17
5.78554e-17
3.81639e-17
1.02349e-16
5.55112e-17
-1.56125e-17
7.80626e-17
-1.73472e-18
4.68375e-17
7.63278e-17
-3.64292e-17
-6.59195e-17
0
3.81639e-17
-1.56125e-17
0
0
6.245e-17
0
3.46945e-18
4.51028e-17
4.68375e-17
3.81639e-17
3.1225e-17
-1.56125e-17
4.68375e-17
5.20417e-18
6.95768e-17
4.74471e-17
3.81639e-17
-8.67362e-18
3.87735e-17
3.98986e-17
5.55112e-17
3.1225e-17
-1.9082e-17
5.55112e-17
5.20417e-18
1.02349e-16
5.55112e-17
4.68375e-17
-1.56125e-17
4.68375e-17
4.68375e-17
1.00614e-16
3.46945e-18
8.67362e-18
1.11022e-16
-5.55112e-17
0
1.02349e-16
4.68375e-17
1.11022e-16
3.1225e-17
-8.67362e-18
4.68375e-17
4.51028e-17
3.81639e-17
3.29597e-17
0
-5.55112e-17
5.55112e-17
-2.60209e-17
1.11022e-16
1.11022e-16
4.68375e-17
1.11022e-16
1.00614e-16
0
1.11022e-16
5.20417e-18
0
5.55112e-17
1.21431e-17
0
5.55112e-17
5.55112e-17
4.68375e-17
4.68375e-17
5.55112e-17
5.55112e-17
-8.67362e-18
4.68375e-17
5.55112e-17
5.20417e-18
3.1225e-17
5.55112e-17
5.55112e-17
0
0
5.55112e-17
5.55112e-17
4.68375e-17
4.68375e-17
0
0
0
0
0
0
0
0
0
0
0
0
0
0
0
0
0
0
0
0
0
0
0
0
0
0
0
0
0
0
0
0
0
0
0
0
0
0
0
0
0
0
0
0
0
0
0
0
0
0
0
0
0
0
0
0
0
0
0
0
0
0
0
0
0
0
0
0
0
0
0
0
0
0
0
0
0
0
0
0
0
0
0
0
0
0
0
0
0
0
-8.67362e-18
4.68375e-17
4.68375e-17
-6.93889e-18
5.20417e-18
8.67362e-17
0
0
1.02349e-16
4.85723e-17
0
0
4.74471e-17
0
0
0
0
0
0
4.52906e-17
8.67362e-17
3.81639e-17
7.28584e-17
7.80626e-17
0
3.81639e-17
3.98986e-17
1.11022e-16
4.68375e-17
3.81639e-17
4.51028e-17
4.68375e-17
3.1225e-17
3.81639e-17
-1.56125e-17
4.51028e-17
3.1225e-17
3.81639e-17
-1.56125e-17
4.68375e-17
5.55112e-17
1.02349e-16
-6.93889e-18
-1.56125e-17
3.81639e-17
3.98986e-17
1.02349e-16
8.73457e-17
7.45931e-17
-5.55112e-17
4.68375e-17
5.55112e-17
5.20417e-18
1.02349e-16
1.02349e-16
3.81639e-17
-1.56125e-17
0
0
4.85723e-17
1.02349e-16
4.68375e-17
4.68375e-17
7.63278e-17
-3.29597e-17
0
0
4.52906e-17
0
3.81639e-17
1.02349e-16
4.85723e-17
-2.42861e-17
-2.60209e-17
5.55112e-17
5.20417e-18
4.68375e-17
3.81639e-17
3.98986e-17
1.02349e-16
5.55112e-17
0
-8.67362e-18
-8.67362e-18
5.55112e-17
4.85723e-17
1.11022e-16
0
3.1225e-17
-1.56125e-17
4.68375e-17
5.20417e-18
5.55112e-17
-1.9082e-17
5.55112e-17
-8.67362e-18
0
0
4.52906e-17
3.81639e-17
1.11022e-16
4.68375e-17
1.11022e-16
1.11022e-16
5.392e-18
0
1.11022e-16
2.42861e-17
-5.55112e-17
0
4.68375e-17
1.02349e-16
8.1532e-17
4.68375e-17
0
8.50015e-17
-5.0307e-17
3.1225e-17
4.52906e-17
4.68375e-17
5.55112e-17
5.55112e-17
3.1225e-17
5.20417e-18
4.68375e-17
4.68375e-17
5.20417e-18
3.1225e-17
5.55112e-17
5.55112e-17
-5.55112e-17
0
0
0
5.55112e-17
5.55112e-17
5.55112e-17
5.55112e-17
0
0
0
0
0
0
0
0
0
0
0
0
0
0
0
0
0
0
0
0
0
0
0
0
0
0
0
0
0
0
0
0
0
0
0
0
0
0
0
0
0
0
0
0
0
0
0
0
0
0
0
0
0
0
0
0
0
0
0
0
0
0
0
0
0
0
0
0
0
0
0
0
0
0
4.52906e-17
5.55112e-17
3.81639e-17
7.69374e-17
7.45931e-17
-5.55112e-17
-3.62414e-17
4.68375e-17
-8.67362e-18
1.02349e-16
3.87735e-17
3.98986e-17
1.11022e-16
3.81639e-17
-1.56125e-17
1.02349e-16
5.55112e-17
7.63278e-17
-3.29597e-17
0
4.68375e-17
3.81639e-17
3.98986e-17
1.02349e-16
4.52906e-17
0
3.81639e-17
1.73472e-17
5.20417e-18
8.50015e-17
8.67362e-17
3.81639e-17
-1.56125e-17
5.55112e-17
0
4.51028e-17
3.1225e-17
3.81639e-17
3.64292e-17
4.68375e-17
1.02349e-16
4.68375e-17
3.98986e-17
9.54098e-17
0
4.68375e-17
5.78554e-17
4.52906e-17
4.68375e-17
3.81639e-17
-6.93889e-18
3.81639e-17
4.52906e-17
1.02349e-16
4.68375e-17
4.68375e-17
1.11022e-16
-8.67362e-18
3.98986e-17
9.54098e-17
0
1.02349e-16
4.85723e-17
5.55112e-17
4.74471e-17
-3.81639e-17
-2.60209e-17
4.68375e-17
3.81639e-17
-1.56125e-17
4.68375e-17
5.55112e-17
-6.41848e-17
3.87735e-17
3.98986e-17
0
4.68375e-17
0
7.63278e-17
-3.29597e-17
1.11022e-16
0
6.95768e-17
5.78554e-17
3.81639e-17
1.02349e-16
4.68375e-17
4.68375e-17
5.78554e-17
3.87735e-17
3.98986e-17
1.11022e-16
1.02349e-16
7.63278e-17
-3.64292e-17
0
0
5.55112e-17
7.63278e-17
-3.64292e-17
0
-6.93889e-18
1.11022e-16
5.55112e-17
-8.67362e-18
1.02349e-16
-8.67362e-18
0
1.02349e-16
6.95768e-17
1.02349e-16
5.20417e-18
8.67362e-17
5.55112e-17
-3.81639e-17
-2.60209e-17
0
4.68375e-17
4.68375e-17
-5.55112e-17
0
0
1.11022e-16
-8.67362e-18
6.95768e-17
0
3.81639e-17
2.34427e-18
-1.9082e-17
5.55112e-17
1.02349e-16
1.11022e-16
1.11022e-16
4.85723e-17
9.19403e-17
5.20417e-18
8.67362e-17
-3.29597e-17
-5.55112e-17
1.11022e-16
4.68375e-17
-1.73472e-17
1.02349e-16
1.11022e-16
4.68375e-17
4.68375e-17
3.1225e-17
1.02349e-16
4.51028e-17
0
3.81639e-17
1.11022e-16
4.68375e-17
4.68375e-17
3.1225e-17
4.68375e-17
5.20417e-18
1.11022e-16
6.95768e-17
7.63278e-17
4.68375e-17
5.55112e-17
4.52906e-17
3.1225e-17
3.81639e-17
1.11022e-16
0
5.55112e-17
5.20417e-18
1.11022e-16
0
5.55112e-17
4.68375e-17
0
0
3.81639e-17
-1.56125e-17
4.52906e-17
5.78554e-17
1.02349e-16
-5.55112e-17
-5.55112e-17
4.68375e-17
0
0
-6.93889e-18
3.81639e-17
1.40656e-17
1.02349e-16
4.68375e-17
4.68375e-17
4.85723e-17
-8.67362e-18
0
-1.04083e-17
0
5.55112e-17
0
1.11022e-16
5.392e-18
5.20417e-18
0
0
1.11022e-16
1.11022e-16
4.68375e-17
1.11022e-16
5.55112e-17
4.85723e-17
0
4.68375e-17
0
0
5.55112e-17
5.55112e-17
0
0
0
0
0
0
0
0
5.55112e-17
5.55112e-17
0
0
0
0
0
0
0
0
0
0
0
0
0
0
0
0
0
0
0
0
0
0
0
0
0
0
0
0
0
0
0
0
0
0
0
0
0
0
0
0
0
0
0
0
0
0
0
0
0
0
0
0
0
0
0
0
0
0
0
0
0
0
0
0
0
0
0
0
0
0
0
0
0
0
0
0
0
0
0
0
0
0
0
0
0
0
0
0
0
0
0
0
0
0
0
0
0
0
0
0
0
0
0
0
0
0
0
0
0
0
0
0
0
0
0
0
0
0
0
0
0
0
0
0
0
0
0
0
0
0
0
0
0
0
0
0
0
2.77556e-17
3.46945e-18
5.20417e-18
-8.67362e-18
-8.67362e-18
4.68375e-17
4.68375e-17
4.91818e-17
1.02349e-16
4.68375e-17
4.68375e-17
0
0
0
0
1.02349e-16
4.85723e-17
0
0
0
0
0
0
1.02349e-16
-6.93889e-18
-1.56125e-17
3.6617e-17
-3.1225e-17
1.02349e-16
8.67362e-17
7.33736e-17
7.80626e-17
6.95768e-17
-3.62414e-17
4.68375e-17
-8.67362e-18
1.02349e-16
7.80626e-17
-1.73472e-18
1.02349e-16
3.81639e-17
-1.56125e-17
5.55112e-17
5.55112e-17
4.68375e-17
-1.73472e-17
1.02349e-16
4.68375e-17
0
4.52906e-17
4.68375e-17
3.81639e-17
3.87735e-17
3.98986e-17
1.02349e-16
4.68375e-17
3.81639e-17
-1.56125e-17
0
-6.93889e-18
4.51028e-17
1.02349e-16
3.81639e-17
-1.56125e-17
0
0
4.52906e-17
5.55112e-17
3.81639e-17
3.81639e-17
-1.56125e-17
5.55112e-17
5.55112e-17
3.87735e-17
3.98986e-17
1.11022e-16
4.68375e-17
-1.73472e-17
1.02349e-16
4.68375e-17
0
1.02349e-16
0
-1.38778e-17
4.51028e-17
5.55112e-17
3.81639e-17
5.55112e-17
5.55112e-17
4.68375e-17
5.55112e-17
1.02349e-16
3.1225e-17
-1.56125e-17
1.11022e-16
4.68375e-17
-8.67362e-18
5.55112e-17
5.55112e-17
1.02349e-16
-3.46945e-17
1.02349e-16
4.68375e-17
3.1225e-17
4.68375e-17
-3.81639e-17
-2.60209e-17
4.68375e-17
3.81639e-17
-1.56125e-17
5.55112e-17
5.55112e-17
5.55112e-17
6.95768e-17
-5.55112e-17
3.81639e-17
6.95768e-17
-6.93889e-18
3.81639e-17
4.68375e-17
5.55112e-17
3.87735e-17
3.98986e-17
4.68375e-17
7.80626e-17
-3.76487e-17
0
4.68375e-17
-1.56125e-17
5.55112e-17
4.68375e-17
-1.9082e-17
0
1.02349e-16
1.02349e-16
1.11022e-16
1.02349e-16
1.00614e-16
4.91818e-17
1.11022e-16
3.1225e-17
4.68375e-17
5.392e-18
3.1225e-17
4.68375e-17
5.20417e-18
1.02349e-16
1.00614e-16
4.85723e-17
4.68375e-17
5.55112e-17
1.02349e-16
7.63278e-17
6.95768e-17
4.68375e-17
0
4.68375e-17
4.68375e-17
1.00614e-16
0
1.11022e-16
1.02349e-16
4.68375e-17
4.74471e-17
5.78554e-17
9.19403e-17
1.11022e-16
-4.14455e-17
-8.67362e-18
-3.46945e-17
-2.94903e-17
1.11022e-16
1.02349e-16
0
3.1225e-17
0
0
4.68375e-17
0
5.55112e-17
4.91818e-17
4.68375e-17
5.55112e-17
3.81639e-17
4.51028e-17
0
1.02349e-16
8.50015e-17
5.55112e-17
8.1532e-17
1.11022e-16
0
5.55112e-17
5.55112e-17
1.11022e-16
4.91818e-17
4.68375e-17
1.02349e-16
4.68375e-17
5.55112e-17
4.85723e-17
0
1.02349e-16
5.55112e-17
5.55112e-17
1.11022e-16
5.55112e-17
0
5.392e-18
5.55112e-17
1.11022e-16
5.20417e-18
0
-5.55112e-17
-5.55112e-17
0
-5.55112e-17
3.1225e-17
-3.93835e-17
2.94903e-17
5.20417e-18
3.1225e-17
5.20417e-18
5.55112e-17
5.55112e-17
4.68375e-17
4.68375e-17
5.55112e-17
1.11022e-16
4.68375e-17
1.02958e-16
4.68375e-17
4.68375e-17
0
4.68375e-17
5.55112e-17
1.11022e-16
4.68375e-17
1.11022e-16
5.55112e-17
5.55112e-17
1.11022e-16
5.55112e-17
0
0
5.55112e-17
5.55112e-17
0
0
0
0
0
0
0
0
0
0
0
0
0
0
0
0
0
0
0
0
0
0
0
0
0
0
0
0
0
0
0
0
0
0
0
0
0
0
0
0
0
0
0
0
0
0
0
0
0
0
0
0
0
0
0
0
0
0
0
0
0
0
0
0
0
0
0
0
0
0
0
0
0
0
0
0
0
0
0
0
0
0
0
0
0
0
0
0
0
0
0
0
0
0
0
0
0
0
0
0
0
0
0
0
0
0
0
0
0
0
0
0
3.87735e-17
3.98986e-17
4.68375e-17
4.51028e-17
-6.93889e-18
3.81639e-17
8.20472e-17
0
7.63278e-17
3.81639e-17
-1.56125e-17
5.55112e-17
3.1225e-17
-3.1225e-17
-1.73472e-17
1.02349e-16
-2.60209e-17
0
-5.55112e-17
3.81639e-17
-1.56125e-17
1.11022e-16
5.55112e-17
4.68375e-17
-1.73472e-17
1.02349e-16
4.68375e-17
3.1225e-17
4.91818e-17
3.98986e-17
1.02349e-16
1.00802e-16
5.78554e-17
7.63278e-17
3.81639e-17
3.98986e-17
1.11022e-16
5.20417e-18
4.68375e-17
4.68375e-17
5.55112e-17
5.55112e-17
3.81639e-17
-1.56125e-17
5.55112e-17
0
1.11022e-16
-5.55112e-17
8.50015e-17
1.02349e-16
1.00614e-16
4.85723e-17
1.00614e-16
4.52906e-17
3.1225e-17
3.81639e-17
1.02349e-16
1.00614e-16
4.91818e-17
1.02349e-16
1.02349e-16
1.02349e-16
1.11022e-16
4.51028e-17
0
3.81639e-17
1.11022e-16
4.85723e-17
1.02349e-16
5.55112e-17
5.55112e-17
3.81639e-17
-1.56125e-17
1.40656e-17
5.55112e-17
5.55112e-17
-1.04083e-17
4.91818e-17
0
5.55112e-17
5.55112e-17
1.02349e-16
3.1225e-17
-1.56125e-17
4.68375e-17
5.20417e-18
5.20417e-18
0
1.11022e-16
5.20417e-18
0
1.11022e-16
1.02349e-16
-3.29597e-17
1.02349e-16
1.02349e-16
5.55112e-17
1.11022e-16
4.68375e-17
1.02349e-16
5.55112e-17
5.55112e-17
5.55112e-17
5.55112e-17
5.55112e-17
5.55112e-17
0
0
0
0
0
0
0
0
0
0
0
0
0
0
0
0
0
0
0
0
0
0
0
0
0
0
0
0
0
0
0
0
0
0
0
0
0
0
0
0
0
0
0
0
0
0
0
0
0
0
0
0
0
0
0
0
0
0
0
0
0
0
0
0
0
0
0
0
0
0
0
0
0
0
0
0
0
0
0
0
0
0
0
0
0
0
0
0
0
0
0
0
1.11022e-16
0
2.77556e-17
0
4.91818e-17
1.02349e-16
0
0
1.02349e-16
-8.67362e-18
-6.93889e-18
-6.32935e-18
4.68375e-17
4.68375e-17
-6.93889e-18
1.02349e-16
0
0
0
0
4.68375e-17
4.68375e-17
0
0
0
0
0
0
0
4.85723e-17
1.02349e-16
4.68375e-17
0
0
3.98986e-17
9.54098e-17
1.11022e-16
4.68375e-17
4.68375e-17
3.81639e-17
-1.56125e-17
0
5.55112e-17
7.69374e-17
7.45931e-17
-6.59195e-17
-8.67362e-18
7.28584e-17
7.80626e-17
1.11022e-16
7.33736e-17
7.80626e-17
0
4.68375e-17
4.52906e-17
5.55112e-17
3.81639e-17
7.80626e-17
-1.73472e-18
1.11022e-16
3.81639e-17
-1.56125e-17
0
5.55112e-17
3.81639e-17
-1.56125e-17
0
8.50015e-17
3.81639e-17
-1.56125e-17
0
0
4.68375e-17
-1.73472e-17
1.02349e-16
4.68375e-17
5.55112e-17
4.68375e-17
4.91818e-17
3.98986e-17
1.11022e-16
3.81639e-17
-1.56125e-17
4.68375e-17
5.55112e-17
4.51028e-17
0
3.81639e-17
3.81639e-17
3.98986e-17
4.68375e-17
5.55112e-17
4.68375e-17
4.68375e-17
3.81639e-17
-1.56125e-17
-5.55112e-17
0
4.52906e-17
5.55112e-17
3.81639e-17
5.55112e-17
-8.67362e-18
0
0
5.55112e-17
-1.73472e-17
1.02349e-16
4.68375e-17
8.50015e-17
-3.64292e-17
-5.55112e-17
3.87735e-17
3.98986e-17
1.02349e-16
1.40656e-17
3.81639e-17
4.68375e-17
1.11022e-16
0
-1.73472e-17
1.02349e-16
1.11022e-16
5.78554e-17
3.64292e-17
-8.67362e-18
4.68375e-17
0
5.78554e-17
4.52906e-17
5.78554e-17
3.81639e-17
5.55112e-17
3.6617e-17
0
1.02349e-16
5.55112e-17
7.80626e-17
-3.81639e-17
0
1.02349e-16
4.85723e-17
1.02349e-16
4.68375e-17
-1.56125e-17
4.68375e-17
0
4.68375e-17
5.55112e-17
4.68375e-17
0
1.02349e-16
-3.29597e-17
5.55112e-17
4.68375e-17
-1.56125e-17
1.02349e-16
1.02349e-16
0
1.11022e-16
7.63278e-17
7.45931e-17
0
3.1225e-17
3.81639e-17
1.40656e-17
5.20417e-18
0
3.1225e-17
3.81639e-17
1.40656e-17
5.20417e-18
3.87735e-17
3.98986e-17
1.02349e-16
4.68375e-17
4.68375e-17
0
-8.67362e-18
1.11022e-16
8.67362e-17
-8.67362e-18
5.55112e-17
4.51028e-17
5.55112e-17
3.81639e-17
1.02349e-16
1.11022e-16
5.55112e-17
1.02349e-16
-1.5003e-17
4.85723e-17
3.81639e-17
0
1.11022e-16
0
1.11022e-16
8.50015e-17
1.11022e-16
4.68375e-17
5.55112e-17
5.55112e-17
5.55112e-17
8.50015e-17
0
5.55112e-17
0
4.85723e-17
7.69374e-17
7.45931e-17
0
0
1.11022e-16
2.42861e-17
4.68375e-17
3.81639e-17
1.40656e-17
1.11022e-16
0
3.81639e-17
1.40656e-17
1.11022e-16
1.11022e-16
0
0
4.68375e-17
1.11022e-16
5.55112e-17
4.85723e-17
0
5.55112e-17
0
0
1.11022e-16
3.1225e-17
5.20417e-18
3.1225e-17
5.20417e-18
5.55112e-17
5.55112e-17
0
0
5.55112e-17
1.11022e-16
5.55112e-17
5.55112e-17
4.68375e-17
1.02349e-16
5.20417e-18
3.1225e-17
5.55112e-17
5.55112e-17
5.55112e-17
5.55112e-17
0
0
1.11022e-16
5.55112e-17
0
0
0
0
0
0
0
0
0
0
0
0
0
0
0
0
0
0
0
0
0
0
0
0
0
0
0
0
0
0
0
0
0
0
0
0
0
0
0
0
0
0
0
0
0
0
0
0
0
0
0
0
0
0
0
0
0
0
0
0
0
0
0
0
0
0
0
0
0
0
0
0
0
0
0
0
0
0
0
0
0
0
0
0
0
0
0
0
0
0
0
0
0
0
0
0
0
0
0
0
0
0
0
0
0
0
0
0
0
0
0
0
0
0
0
0
0
0
0
0
0
0
0
3.81639e-17
-1.56125e-17
1.11022e-16
5.55112e-17
3.81639e-17
3.98986e-17
4.68375e-17
4.52906e-17
4.68375e-17
3.81639e-17
4.52906e-17
4.74471e-17
3.81639e-17
4.52906e-17
5.55112e-17
3.81639e-17
1.00802e-16
-2.42861e-17
7.63278e-17
1.02349e-16
5.55112e-17
1.02349e-16
-3.46945e-17
5.55112e-17
4.68375e-17
0
4.68375e-17
5.55112e-17
3.81639e-17
3.98986e-17
1.40656e-17
7.28584e-17
7.80626e-17
5.55112e-17
5.20417e-18
3.87735e-17
3.98986e-17
4.51028e-17
4.91818e-17
3.98986e-17
4.51028e-17
4.68375e-17
9.36751e-17
4.68375e-17
4.91818e-17
4.68375e-17
1.02349e-16
0
-1.56125e-17
4.68375e-17
5.55112e-17
-1.04083e-17
3.87735e-17
3.98986e-17
-5.55112e-17
5.55112e-17
0
4.68375e-17
5.55112e-17
-1.04083e-17
1.11022e-16
-5.31669e-17
-2.60209e-17
1.11022e-16
3.1225e-17
-8.67362e-18
4.68375e-17
0
0
1.11022e-16
1.02349e-16
1.11022e-16
1.00614e-16
5.55112e-17
4.68375e-17
1.11022e-16
5.55112e-17
5.20417e-18
5.55112e-17
1.00614e-16
1.02349e-16
1.02349e-16
1.11022e-16
5.55112e-17
1.11022e-16
1.02349e-16
0
1.11022e-16
3.1225e-17
5.20417e-18
0
0
4.68375e-17
1.02958e-16
-5.55112e-17
-5.55112e-17
2.94903e-17
8.1532e-17
-6.41848e-17
-8.67362e-18
0
0
1.11022e-16
5.55112e-17
4.68375e-17
4.68375e-17
0
0
0
0
0
0
0
0
0
0
0
0
0
0
0
0
0
0
0
0
0
0
0
0
0
0
0
0
0
0
0
0
0
0
0
0
0
0
0
0
0
0
0
0
0
0
0
0
0
0
0
0
0
0
0
0
0
0
0
0
0
0
0
0
0
0
0
0
0
0
0
0
0
0
0
0
0
-8.67362e-18
4.68375e-17
4.68375e-17
-6.32935e-18
4.68375e-17
4.68375e-17
0
0
4.68375e-17
1.02349e-16
0
0
0
0
0
3.87735e-17
3.98986e-17
1.11022e-16
7.33736e-17
7.80626e-17
0
4.51028e-17
5.55112e-17
3.81639e-17
4.51028e-17
5.55112e-17
3.81639e-17
7.63278e-17
-3.64292e-17
0
3.1225e-17
7.80626e-17
-1.73472e-18
1.11022e-16
4.51028e-17
0
3.81639e-17
3.81639e-17
-1.56125e-17
1.02349e-16
3.1225e-17
1.11022e-16
4.68375e-17
8.50015e-17
5.55112e-17
5.78554e-17
3.64292e-17
4.52906e-17
4.68375e-17
7.80626e-17
-1.73472e-18
0
5.55112e-17
3.81639e-17
4.51028e-17
4.68375e-17
-8.67362e-18
1.02349e-16
7.80626e-17
-1.73472e-18
0
3.81639e-17
-1.56125e-17
1.02349e-16
0
4.68375e-17
-1.56125e-17
4.68375e-17
9.88792e-17
2.94903e-17
7.63278e-17
5.55112e-17
-3.1225e-17
4.68375e-17
-2.60209e-17
-8.67362e-18
1.02349e-16
0
1.02958e-16
7.80626e-17
1.11022e-16
1.02349e-16
-8.67362e-18
5.78554e-17
4.68375e-17
0
4.68375e-17
5.20417e-18
3.98986e-17
9.54098e-17
1.11022e-16
1.02349e-16
4.91818e-17
1.02349e-16
0
3.81639e-17
3.98986e-17
-5.55112e-17
0
5.392e-18
4.68375e-17
-8.67362e-18
4.68375e-17
8.50015e-17
0
1.11022e-16
1.11022e-16
5.55112e-17
1.11022e-16
4.68375e-17
4.85723e-17
1.11022e-16
0
0
4.91818e-17
1.11022e-16
4.68375e-17
5.55112e-17
1.02349e-16
4.68375e-17
4.51028e-17
4.68375e-17
1.02349e-16
5.55112e-17
1.11022e-16
0
0
5.55112e-17
0
5.55112e-17
5.55112e-17
0
0
0
0
0
0
0
0
0
0
0
0
0
0
0
0
0
0
0
0
0
0
0
0
0
0
0
0
0
0
0
0
0
0
0
0
0
0
0
0
0
0
0
0
0
0
0
0
0
0
0
0
0
0
0
0
0
0
0
0
0
0
6.93889e-18
1.21431e-17
-2.89751e-17
1.11022e-16
6.76542e-17
8.67362e-18
-2.21785e-17
7.97973e-17
3.1225e-17
6.07153e-17
6.76542e-17
3.29597e-17
1.04083e-17
3.81639e-17
-1.56125e-17
0
3.1225e-17
4.68375e-17
-1.56125e-17
4.68375e-17
1.21431e-17
1.04083e-17
5.55112e-17
5.55112e-17
5.15174e-19
1.73472e-18
5.55112e-17
2.6536e-17
1.21431e-17
2.6536e-17
2.94903e-17
1.11022e-16
3.46945e-18
2.6536e-17
3.64292e-17
5.55112e-17
7.3118e-18
2.42861e-17
9.36751e-17
3.1225e-17
2.6536e-17
1.04083e-17
3.87735e-17
3.98986e-17
1.02349e-16
3.29597e-17
5.55112e-17
1.21431e-17
9.36751e-17
5.20417e-18
1.04083e-17
1.21431e-17
1.38778e-17
8.50015e-17
1.11022e-16
1.21431e-17
1.04083e-17
0
5.55112e-17
3.29597e-17
9.36751e-17
1.21431e-17
3.87735e-17
3.98986e-17
0
3.64292e-17
4.68375e-17
1.02349e-16
4.68375e-17
1.38778e-17
6.59195e-17
1.11022e-16
2.60209e-17
1.04083e-17
2.94903e-17
3.81639e-17
0
3.81639e-17
3.64292e-17
7.97973e-17
3.1225e-17
0
0
3.81639e-17
9.36751e-17
3.46945e-18
2.6536e-17
3.64292e-17
2.94903e-17
2.6536e-17
1.21431e-17
1.04083e-17
0
5.55112e-17
3.33326e-17
1.21431e-17
2.08167e-17
1.02349e-16
-6.93889e-18
1.02349e-16
1.21431e-17
1.04083e-17
0
7.80626e-17
-1.73472e-18
-5.55112e-17
1.11022e-16
5.55112e-17
-7.28584e-17
5.55112e-17
5.55112e-17
6.76542e-17
8.50015e-17
1.11022e-16
5.55112e-17
0
3.81639e-17
1.38778e-17
0
-3.1225e-17
3.29597e-17
5.55112e-17
1.21431e-17
0
1.21431e-17
1.38778e-17
0
9.36751e-17
8.67362e-18
2.94903e-17
1.11022e-16
1.21431e-17
1.04083e-17
0
0
2.60209e-17
0
2.94903e-17
5.55112e-17
5.55112e-17
2.94903e-17
3.81639e-17
3.98986e-17
1.11022e-16
6.07153e-17
8.50015e-17
0
1.04083e-17
-2.60209e-17
-8.67362e-18
5.55112e-17
1.11022e-16
5.55112e-17
4.91818e-17
5.20417e-18
7.80626e-17
-1.73472e-18
0
1.11022e-16
3.81639e-17
3.81639e-17
3.81639e-17
2.94903e-17
5.55112e-17
4.68375e-17
1.02349e-16
-2.60209e-17
-5.55112e-17
5.55112e-17
5.55112e-17
1.11022e-16
5.55112e-17
-3.07098e-17
3.64292e-17
2.94903e-17
2.60209e-17
5.55112e-17
0
5.55112e-17
5.55112e-17
0
1.38778e-17
1.11022e-16
3.81639e-17
0
-5.55112e-17
3.64292e-17
5.55112e-17
5.55112e-17
2.42861e-17
1.11022e-16
5.55112e-17
1.11022e-16
1.11022e-16
1.11022e-16
-1.73472e-17
3.81639e-17
-2.60209e-17
2.6536e-17
5.55112e-17
0
-2.60209e-17
2.6536e-17
0
0
-8.67362e-17
8.67362e-17
5.55112e-17
5.55112e-17
8.50015e-17
2.60209e-17
0
5.55112e-17
5.55112e-17
5.55112e-17
5.55112e-17
1.11022e-16
5.20417e-18
1.04083e-17
0
5.55112e-17
0
5.55112e-17
0
5.55112e-17
0
0
0
0
0
0
0
0
0
0
0
0
0
0
0
0
0
0
0
0
0
0
0
0
0
0
0
0
0
0
0
0
0
0
0
0
0
0
0
0
0
0
0
0
0
0
0
0
0
0
0
0
0
0
0
0
0
0
0
0
0
0
0
0
0
0
0
0
0
0
0
0
0
0
0
0
0
0
0
0
0
0
0
0
0
0
0
0
0
0
0
0
0
0
0
0
0
0
0
0
0
0
0
0
0
0
0
0
0
0
0
0
0
0
0
0
0
0
0
0
0
0
0
0
0
0
0
0
0
0
0
0
0
0
0
0
0
0
0
0
0
0
0
0
0
0
0
0
0
0
-2.42861e-17
1.73472e-18
-3.46945e-18
-3.1225e-17
2.94903e-17
0
1.73472e-18
2.48013e-17
-2.60209e-17
-2.94903e-17
6.07153e-17
-4.51028e-17
-1.73472e-17
3.81639e-17
0
0
0
0
3.81639e-17
3.81639e-17
0
0
0
0
0
0
1.21431e-17
1.38778e-17
8.20472e-17
1.11022e-16
3.29597e-17
5.55112e-17
1.21431e-17
1.21431e-17
1.04083e-17
-1.9082e-17
5.55112e-17
1.21431e-17
1.38778e-17
1.06333e-16
1.11022e-16
2.81285e-17
5.55112e-17
1.21431e-17
6.41848e-17
2.94903e-17
2.94903e-17
2.94903e-17
2.94903e-17
1.04083e-17
1.11022e-16
2.60209e-17
5.20417e-18
5.55112e-17
2.94903e-17
3.64292e-17
5.55112e-17
6.76542e-17
1.21431e-17
1.04083e-17
5.08222e-17
1.21431e-17
1.04083e-17
5.55112e-17
5.55112e-17
3.64292e-17
1.11022e-16
6.76542e-17
3.81639e-17
3.81639e-17
1.11022e-16
2.94903e-17
8.67362e-18
2.94903e-17
2.94903e-17
6.07153e-17
1.38778e-17
6.41848e-17
1.11022e-16
1.21431e-17
1.04083e-17
2.81285e-17
2.6536e-17
0
1.21431e-17
1.11022e-16
2.60209e-17
0
1.21431e-17
3.81639e-17
2.6536e-17
2.6536e-17
1.21431e-17
7.3118e-18
3.81639e-17
9.36751e-17
3.81639e-17
3.46945e-18
1.73472e-18
-2.73827e-17
5.78552e-17
3.46945e-17
-1.73472e-17
0
-2.25514e-17
3.64292e-17
5.55112e-17
6.76542e-17
-4.689e-18
1.04083e-17
1.11022e-16
6.07153e-17
3.1225e-17
1.21431e-17
2.60209e-17
8.03125e-17
1.21431e-17
1.04083e-17
0
0
2.94903e-17
2.60209e-17
5.55112e-17
3.1225e-17
-3.1225e-17
1.21431e-17
2.6536e-17
8.50015e-17
-1.73472e-17
3.81639e-17
3.81639e-17
3.81639e-17
6.76542e-17
3.81639e-17
3.81639e-17
3.1225e-17
9.36751e-17
8.20472e-17
3.1225e-17
8.50015e-17
-4.689e-18
1.04083e-17
9.36751e-17
1.21431e-17
2.94903e-17
2.6536e-17
3.64292e-17
3.81639e-17
3.81639e-17
0
2.94903e-17
1.04083e-17
3.81639e-17
3.81639e-17
3.87732e-17
2.94903e-17
5.55112e-17
5.55112e-17
0
9.36751e-17
2.94903e-17
5.55112e-17
2.94903e-17
7.45407e-18
2.94903e-17
2.94903e-17
3.1225e-17
0
5.55112e-17
2.94903e-17
1.11022e-16
5.55112e-17
-5.55112e-17
7.97973e-17
2.94903e-17
3.46945e-18
1.73472e-18
0
5.55112e-17
5.55112e-17
7.97973e-17
2.94903e-17
9.36751e-17
5.55112e-17
9.36751e-17
5.55112e-17
6.76542e-17
2.81285e-17
0
3.64292e-17
5.55112e-17
0
5.55112e-17
1.04083e-17
1.11022e-16
5.55112e-17
5.55112e-17
5.55112e-17
2.94903e-17
1.04083e-17
-1.9082e-17
3.46945e-18
2.60209e-17
5.55112e-17
3.81639e-17
1.21431e-17
5.55112e-17
-3.1225e-17
0
1.11022e-16
5.55112e-17
1.04083e-17
0
-5.55112e-17
5.55112e-17
2.42861e-17
1.11022e-16
1.11022e-16
0
5.55112e-17
0
0
5.55112e-17
0
0
5.55112e-17
-1.73472e-17
3.81639e-17
7.97973e-17
3.1225e-17
7.97973e-17
3.1225e-17
0
0
0
0
0
0
0
0
2.60209e-17
2.94903e-17
5.55112e-17
5.55112e-17
3.81639e-17
3.33326e-17
0
0
5.55112e-17
0
0
0
0
0
0
0
0
0
0
0
0
0
0
0
0
0
0
0
0
0
0
0
0
0
0
0
0
0
0
0
0
0
0
0
0
0
0
0
0
0
0
0
0
0
0
0
0
0
0
0
0
0
0
0
0
0
0
0
0
0
0
0
0
0
0
0
0
0
0
0
0
0
0
0
0
0
0
0
0
0
0
0
0
0
0
0
0
0
0
0
0
0
0
0
0
0
0
0
0
0
0
0
0
0
0
0
0
0
0
0
0
0
8.67362e-18
1.38778e-17
1.11022e-16
2.94903e-17
2.60209e-17
0
3.81639e-17
1.38778e-17
5.55112e-17
3.46945e-18
1.73472e-18
5.55112e-17
5.55112e-17
2.6536e-17
1.11022e-16
3.46945e-18
8.50015e-17
0
-4.68375e-17
1.21431e-17
1.04083e-17
0
5.55112e-17
2.6536e-17
1.21431e-17
5.08222e-17
2.94903e-17
2.48013e-17
1.73472e-18
-1.9082e-17
3.1225e-17
6.07153e-17
1.11022e-16
3.1225e-17
6.93889e-18
2.94903e-17
-1.73472e-17
5.55112e-17
2.94903e-17
9.36751e-17
3.81639e-17
5.55112e-17
5.55112e-17
3.64292e-17
5.55112e-17
2.60209e-17
1.21431e-17
3.64292e-17
2.94903e-17
8.03125e-17
0
0
-1.73472e-17
3.81639e-17
0
3.81639e-17
0
1.11022e-16
5.55112e-17
1.11022e-16
1.11022e-16
-5.55112e-17
5.55112e-17
3.81639e-17
3.81639e-17
5.55112e-17
0
0
0
0
0
0
0
0
0
0
0
0
0
0
0
0
0
0
0
0
0
0
0
0
0
0
5.15174e-19
1.73472e-18
-2.21785e-17
3.81639e-17
6.76542e-17
3.81639e-17
3.81639e-17
9.36751e-17
3.33326e-17
1.11022e-16
1.21431e-17
6.76542e-17
3.29597e-17
5.55112e-17
1.21431e-17
1.38778e-17
0
5.55112e-17
-2.60209e-17
2.60209e-17
8.1532e-17
2.94903e-17
3.1225e-17
6.12305e-17
5.55112e-17
2.94903e-17
-1.73472e-17
5.55112e-17
2.94903e-17
6.07153e-17
2.94903e-17
-2.94903e-17
-1.9082e-17
1.04083e-17
0
-5.55112e-17
3.81639e-17
2.60209e-17
2.94903e-17
-5.55112e-17
5.55112e-17
5.55112e-17
0
5.55112e-17
0
0
0
0
0
0
0
0
0
0
0
0
0
0
0
0
0
0
0
0
0
0
0
0
0
0
0
0
0
0
0
0
0
0
0
0
0
0
0
0
0
0
0
0
0
0
0
0
0
0
0
0
0
0
0
0
0
0
0
0
0
0
0
0
0
0
0
0
-2.94903e-17
1.73472e-18
-2.60209e-17
-3.07098e-17
9.36751e-17
-1.9082e-17
0
0
-1.73472e-17
-2.60209e-17
0
-2.60209e-17
9.36751e-17
-1.73472e-17
9.36751e-17
3.64292e-17
0
0
0
0
0
0
0
0
0
0
0
0
3.46945e-17
-1.73472e-17
0
8.67362e-18
1.38778e-17
5.55112e-17
1.27524e-17
1.04083e-17
0
1.21431e-17
1.38778e-17
8.20472e-17
6.07153e-17
2.94903e-17
2.94903e-17
1.11022e-16
1.21431e-17
1.04083e-17
0
2.94903e-17
2.60209e-17
5.55112e-17
1.21431e-17
3.33326e-17
3.81639e-17
1.21431e-17
8.67362e-18
2.94903e-17
1.11022e-16
8.50015e-17
2.94903e-17
-4.85723e-17
3.81639e-17
5.55112e-17
2.6536e-17
5.55112e-17
1.21431e-17
2.94903e-17
-2.94903e-17
0
2.94903e-17
5.55112e-17
2.60209e-17
5.55112e-17
1.21431e-17
-4.689e-18
1.04083e-17
0
1.04083e-17
3.33326e-17
9.36751e-17
1.21431e-17
2.60209e-17
1.21431e-17
2.60209e-17
2.94903e-17
5.55112e-17
0
1.38778e-17
2.94903e-17
-2.94903e-17
3.81639e-17
0
3.64292e-17
0
6.76542e-17
3.81639e-17
3.81639e-17
3.81639e-17
5.55112e-17
3.81639e-17
9.18879e-18
1.38778e-17
5.55112e-17
5.55112e-17
8.50015e-17
5.55112e-17
1.11022e-16
1.11022e-16
3.64292e-17
2.94903e-17
2.94903e-17
1.11022e-16
0
2.94903e-17
2.94903e-17
0
2.94903e-17
3.1225e-17
5.55112e-17
2.94903e-17
2.34404e-18
2.94903e-17
-2.94903e-17
0
8.50015e-17
1.11022e-16
3.81639e-17
2.94903e-17
5.55112e-17
3.81639e-17
5.55112e-17
-5.55112e-17
0
5.55112e-17
5.55112e-17
2.42861e-17
0
0
5.55112e-17
0
-5.55112e-17
5.55112e-17
0
0
0
0
0
0
0
0
0
0
0
0
0
0
0
0
0
0
0
0
0
0
0
0
0
0
0
0
0
0
0
0
0
0
0
0
0
0
0
0
0
0
0
0
0
0
0
0
0
0
0
0
0
0
0
0
0
0
2.60209e-17
3.1225e-17
1.21431e-17
1.38778e-17
6.41848e-17
1.11022e-16
1.21431e-17
1.38778e-17
1.11022e-16
5.55112e-17
3.33326e-17
1.11022e-16
1.21431e-17
1.21431e-17
1.38778e-17
1.06333e-16
5.78552e-17
3.81639e-17
3.46945e-18
2.6536e-17
3.81639e-17
3.1225e-17
3.46945e-18
1.73472e-18
0
3.81639e-17
1.27524e-17
1.04083e-17
0
1.21431e-17
1.04083e-17
0
1.21431e-17
1.04083e-17
-2.60209e-17
2.94903e-17
3.81639e-17
6.76542e-17
3.81639e-17
3.81639e-17
0
0
2.94903e-17
3.81639e-17
5.55112e-17
1.38778e-17
6.59195e-17
2.94903e-17
1.21431e-17
1.38778e-17
8.1532e-17
0
3.29597e-17
1.11022e-16
1.21431e-17
3.81639e-17
6.76542e-17
3.81639e-17
3.81639e-17
2.94903e-17
8.50015e-17
5.55112e-17
-4.68375e-17
2.94903e-17
3.46945e-18
1.73472e-18
5.55112e-17
3.87732e-17
3.46945e-17
-1.73472e-17
-1.9082e-17
2.94903e-17
5.55112e-17
3.81639e-17
0
1.04083e-17
3.64292e-17
1.11022e-16
6.76542e-17
1.21431e-17
1.04083e-17
0
2.94903e-17
0
3.81639e-17
2.60209e-17
3.1225e-17
1.21431e-17
1.21431e-17
1.04083e-17
2.94903e-17
0
5.55112e-17
5.55112e-17
3.81639e-17
8.50015e-17
-3.1225e-17
0
1.21431e-17
2.94903e-17
-3.1225e-17
2.94903e-17
5.55112e-17
3.81639e-17
2.42861e-17
2.94903e-17
2.60209e-17
0
8.50015e-17
5.55112e-17
-4.85723e-17
8.89861e-17
7.97973e-17
2.94903e-17
3.1225e-17
-3.07098e-17
2.34404e-18
1.38778e-17
2.94903e-17
7.97973e-17
2.94903e-17
6.07153e-17
1.11022e-16
9.36751e-17
-5.20417e-17
8.67362e-18
1.38778e-17
1.11022e-16
2.94903e-17
1.04083e-17
3.81639e-17
0
3.64292e-17
3.34749e-17
1.38778e-17
5.55112e-17
1.11022e-16
1.11022e-16
8.1532e-17
3.64292e-17
2.94903e-17
6.76542e-17
8.67362e-18
0
7.97973e-17
3.1225e-17
3.81639e-17
5.55112e-17
5.55112e-17
5.55112e-17
2.60209e-17
-1.9082e-17
0
0
3.46945e-18
-4.689e-18
5.55112e-17
8.03125e-17
2.94903e-17
-2.94903e-17
0
5.55112e-17
3.64292e-17
5.55112e-17
0
0
2.81285e-17
1.21431e-17
6.07153e-17
8.50015e-17
1.04083e-17
5.55112e-17
7.97973e-17
3.81639e-17
0
3.81639e-17
-3.1225e-17
5.55112e-17
5.55112e-17
1.11022e-16
1.11022e-16
5.55112e-17
5.55112e-17
5.55112e-17
0
1.11022e-16
1.04083e-17
5.55112e-17
5.55112e-17
0
3.81639e-17
3.64292e-17
-1.73472e-17
3.81639e-17
0
0
-1.73472e-17
3.81639e-17
8.50015e-17
2.60209e-17
7.97973e-17
3.1225e-17
0
0
5.55112e-17
0
0
0
3.81639e-17
3.81639e-17
5.55112e-17
0
0
0
0
5.55112e-17
0
0
-2.25514e-17
3.81639e-17
0
5.55112e-17
0
0
0
0
0
0
0
0
0
0
0
0
0
0
0
0
0
0
0
0
0
0
0
0
0
0
0
0
0
0
0
0
0
0
0
0
0
0
0
0
0
0
0
0
0
0
0
0
0
0
0
0
0
0
0
0
0
0
0
0
0
0
0
0
0
0
0
0
0
0
0
0
0
0
0
0
0
0
0
0
0
0
0
0
0
0
0
0
0
0
0
0
0
0
0
0
0
0
0
0
0
0
0
0
0
0
0
0
0
0
0
0
0
0
0
0
0
0
0
0
0
0
0
0
0
0
0
0
0
0
0
0
0
0
0
0
0
0
0
0
0
0
0
0
-6.93889e-18
4.91818e-17
4.68375e-17
-8.67362e-18
4.85723e-17
1.02349e-16
0
0
4.68375e-17
4.68375e-17
0
0
0
0
3.87735e-17
3.98986e-17
1.02349e-16
3.81639e-17
-1.56125e-17
1.11022e-16
5.78554e-17
4.68375e-17
3.81639e-17
4.51028e-17
4.68375e-17
0
7.63278e-17
-3.64292e-17
-6.59195e-17
5.55112e-17
8.50015e-17
3.81639e-17
4.68375e-17
8.50015e-17
-2.42861e-17
4.68375e-17
4.68375e-17
0
4.51028e-17
8.67362e-17
3.81639e-17
3.1225e-17
4.51028e-17
3.1225e-17
3.81639e-17
3.81639e-17
-1.56125e-17
1.02349e-16
5.55112e-17
3.81639e-17
-1.56125e-17
0
5.55112e-17
5.55112e-17
3.87735e-17
3.98986e-17
0
3.1225e-17
4.68375e-17
5.20417e-18
1.02349e-16
4.91818e-17
7.63278e-17
7.45931e-17
-6.41848e-17
-8.67362e-18
1.11022e-16
4.85723e-17
4.68375e-17
4.68375e-17
4.68375e-17
3.81639e-17
-1.56125e-17
0
5.78554e-17
-8.67362e-18
5.55112e-17
0
7.63278e-17
7.45931e-17
0
4.68375e-17
3.81639e-17
-1.56125e-17
1.02349e-16
3.1225e-17
5.20417e-18
5.20417e-18
4.68375e-17
5.55112e-17
4.68375e-17
1.11022e-16
5.392e-18
4.68375e-17
2.42861e-17
-8.67362e-18
0
1.11022e-16
5.55112e-17
1.11022e-16
0
0
4.85723e-17
4.91818e-17
5.55112e-17
-8.67362e-18
0
5.55112e-17
5.55112e-17
5.55112e-17
5.55112e-17
0
-6.93889e-18
4.68375e-17
1.11022e-16
5.55112e-17
4.68375e-17
1.02349e-16
5.55112e-17
1.11022e-16
5.20417e-18
3.1225e-17
-6.93889e-18
4.68375e-17
5.55112e-17
5.55112e-17
4.68375e-17
4.68375e-17
-6.93889e-18
4.68375e-17
0
0
0
0
0
0
0
0
0
0
0
0
0
0
0
0
0
0
0
0
0
0
0
0
0
0
0
0
0
0
0
0
0
0
0
0
0
0
0
0
0
0
0
0
0
0
0
0
0
0
0
0
0
0
0
0
0
0
7.63278e-17
-3.64292e-17
-8.67362e-18
-6.93889e-18
3.98986e-17
9.54098e-17
0
5.55112e-17
5.55112e-17
4.68375e-17
-1.73472e-17
1.02349e-16
4.68375e-17
3.1225e-17
4.51028e-17
4.68375e-17
3.81639e-17
3.81639e-17
3.98986e-17
0
4.52906e-17
3.1225e-17
3.81639e-17
4.68375e-17
0
4.51028e-17
3.81639e-17
4.51028e-17
5.55112e-17
3.81639e-17
-2.60209e-17
2.60209e-17
-5.55112e-17
5.55112e-17
3.81639e-17
4.51028e-17
0
7.63278e-17
7.45931e-17
0
9.36751e-17
4.68375e-17
4.91818e-17
4.68375e-17
4.68375e-17
3.87735e-17
3.98986e-17
4.51028e-17
1.11022e-16
1.02349e-16
-5.0307e-17
-2.25514e-17
-6.41848e-17
7.63278e-17
7.45931e-17
-8.67362e-18
-6.93889e-18
-1.56125e-17
4.68375e-17
1.02349e-16
0
5.55112e-17
3.6617e-17
4.68375e-17
1.02349e-16
5.78554e-17
5.55112e-17
-3.29597e-17
1.02349e-16
5.20417e-18
8.67362e-17
-8.67362e-18
0
5.20417e-18
0
0
-6.32935e-18
-6.93889e-18
1.11022e-16
0
-8.67362e-18
0
0
1.11022e-16
5.392e-18
-6.32935e-18
4.68375e-17
4.68375e-17
1.02349e-16
5.55112e-17
5.55112e-17
5.55112e-17
0
5.55112e-17
1.11022e-16
-6.32935e-18
4.68375e-17
4.68375e-17
4.68375e-17
4.68375e-17
4.68375e-17
4.68375e-17
1.02349e-16
5.55112e-17
1.11022e-16
0
0
5.55112e-17
1.11022e-16
5.55112e-17
1.11022e-16
5.55112e-17
-8.67362e-18
0
5.55112e-17
0
0
0
0
0
0
0
0
0
0
0
0
4.68375e-17
5.55112e-17
3.81639e-17
-1.56125e-17
0
3.1225e-17
4.51028e-17
0
3.81639e-17
4.68375e-17
-1.73472e-17
1.02349e-16
4.68375e-17
4.68375e-17
0
4.51028e-17
5.55112e-17
3.81639e-17
7.63278e-17
-3.64292e-17
-5.55112e-17
-6.93889e-18
3.87735e-17
3.98986e-17
0
7.63278e-17
-3.29597e-17
1.02349e-16
-2.42861e-17
9.76597e-17
7.80626e-17
1.11022e-16
6.95768e-17
3.1225e-17
3.81639e-17
4.68375e-17
8.1532e-17
4.68375e-17
5.20417e-18
8.50015e-17
5.20417e-18
5.55112e-17
5.55112e-17
4.68375e-17
1.02349e-16
5.20417e-18
8.67362e-17
5.55112e-17
4.68375e-17
0
3.87735e-17
3.98986e-17
1.02349e-16
3.1225e-17
-1.9082e-17
5.55112e-17
5.392e-18
9.36751e-17
4.68375e-17
4.85723e-17
5.78554e-17
3.1225e-17
4.68375e-17
0
5.20417e-18
4.85723e-17
0
4.68375e-17
3.81639e-17
-1.56125e-17
1.11022e-16
0
7.80626e-17
-3.81639e-17
0
5.55112e-17
1.11022e-16
5.55112e-17
5.55112e-17
-1.9082e-17
5.55112e-17
4.68375e-17
4.68375e-17
4.68375e-17
1.11022e-16
1.11022e-16
5.55112e-17
1.11022e-16
5.55112e-17
4.68375e-17
4.85723e-17
1.11022e-16
1.11022e-16
5.55112e-17
5.392e-18
1.11022e-16
4.68375e-17
4.51028e-17
5.55112e-17
0
5.55112e-17
5.55112e-17
5.55112e-17
5.55112e-17
-5.55112e-17
0
0
0
0
0
0
0
0
0
0
0
0
0
0
0
0
0
0
0
0
0
0
0
0
0
0
0
0
0
0
0
0
0
0
0
0
0
0
0
0
0
0
0
0
0
0
0
0
0
0
0
0
0
0
0
0
0
0
0
0
0
0
0
0
0
0
0
0
0
0
0
0
0
0
0
0
0
0
0
0
0
0
0
0
0
0
0
0
0
0
0
0
0
0
0
0
0
0
0
0
0
0
0
0
0
0
0
0
0
0
0
0
0
0
0
0
0
0
0
0
0
0
0
0
0
0
0
0
0
0
0
0
0
0
0
