          ----- ----- -------  -----  ----- | ---- ----- --------- --------- --------- |
          mn it mx it  avg it    its  ttits |   ss    ts        st      stps     stpit |
    0.000     0     0     0.0      0      0 |    1     1    0.0000    0.0000    0.0000 |
    0.010     0     0     0.0      0      0 |   10    11    0.0153    0.0015    0.0000 |
    0.020     0     0     0.0      0      0 |   10    21    0.0111    0.0011    0.0000 |
    0.030     0     0     0.0      0      0 |   10    31    0.0103    0.0010    0.0000 |
    0.040     0     0     0.0      0      0 |   10    41    0.0103    0.0010    0.0000 |
    0.050     0     0     0.0      0      0 |   10    51    0.0109    0.0011    0.0000 |
    0.060     0     0     0.0      0      0 |   10    61    0.0090    0.0009    0.0000 |
    0.070     0     0     0.0      0      0 |   10    71    0.0091    0.0009    0.0000 |
    0.080     0     0     0.0      0      0 |   10    81    0.0095    0.0009    0.0000 |
    0.090     0     0     0.0      0      0 |   10    91    0.0089    0.0009    0.0000 |
    0.100     0     0     0.0      0      0 |   10   101    0.0083    0.0008    0.0000 |
    0.110     0     0     0.0      0      0 |   10   111    0.0089    0.0009    0.0000 |
    0.120     0     0     0.0      0      0 |   10   121    0.0088    0.0009    0.0000 |
    0.130     0     0     0.0      0      0 |   10   131    0.0084    0.0008    0.0000 |
    0.140     0     0     0.0      0      0 |   10   141    0.0078    0.0008    0.0000 |
    0.150     0     0     0.0      0      0 |   10   151    0.0097    0.0010    0.0000 |
    0.160     0     0     0.0      0      0 |   10   161    0.0099    0.0010    0.0000 |
    0.170     0     0     0.0      0      0 |   10   171    0.0073    0.0007    0.0000 |
    0.180     0     0     0.0      0      0 |   10   181    0.0072    0.0007    0.0000 |
    0.190     0     0     0.0      0      0 |   10   191    0.0097    0.0010    0.0000 |
    0.200     0     0     0.0      0      0 |   10   201    0.0077    0.0008    0.0000 |
    0.210     0     0     0.0      0      0 |   10   211    0.0059    0.0006    0.0000 |
    0.220     0     0     0.0      0      0 |   10   221    0.0063    0.0006    0.0000 |
    0.230     0     0     0.0      0      0 |   10   231    0.0069    0.0007    0.0000 |
    0.240     0     0     0.0      0      0 |   10   241    0.0089    0.0009    0.0000 |
    0.250     0     0     0.0      0      0 |   10   251    0.0067    0.0007    0.0000 |
    0.260     0     0     0.0      0      0 |   10   261    0.0077    0.0008    0.0000 |
    0.270     0     0     0.0      0      0 |   10   271    0.0074    0.0007    0.0000 |
    0.280     0     0     0.0      0      0 |   10   281    0.0073    0.0007    0.0000 |
    0.290     0     0     0.0      0      0 |   10   291    0.0103    0.0010    0.0000 |
    0.300     0     0     0.0      0      0 |   10   301    0.0062    0.0006    0.0000 |
    0.310     0     0     0.0      0      0 |   10   311    0.0069    0.0007    0.0000 |
    0.320     0     0     0.0      0      0 |   10   321    0.0093    0.0009    0.0000 |
    0.330     0     0     0.0      0      0 |   10   331    0.0077    0.0008    0.0000 |
    0.340     0     0     0.0      0      0 |   10   341    0.0068    0.0007    0.0000 |
    0.350     0     0     0.0      0      0 |   10   351    0.0063    0.0006    0.0000 |
    0.360     0     0     0.0      0      0 |   10   361    0.0065    0.0007    0.0000 |
    0.370     0     0     0.0      0      0 |   10   371    0.0063    0.0006    0.0000 |
    0.380     0     0     0.0      0      0 |   10   381    0.0082    0.0008    0.0000 |
    0.390     0     0     0.0      0      0 |   10   391    0.0056    0.0006    0.0000 |
    0.400     0     0     0.0      0      0 |   10   401    0.0062    0.0006    0.0000 |
    0.410     0     0     0.0      0      0 |   10   411    0.0063    0.0006    0.0000 |
    0.420     0     0     0.0      0      0 |   10   421    0.0054    0.0005    0.0000 |
    0.430     0     0     0.0      0      0 |   10   431    0.0082    0.0008    0.0000 |
    0.440     0     0     0.0      0      0 |   10   441    0.0067    0.0007    0.0000 |
    0.450     0     0     0.0      0      0 |   10   451    0.0062    0.0006    0.0000 |
    0.460     0     0     0.0      0      0 |   10   461    0.0068    0.0007    0.0000 |
    0.470     0     0     0.0      0      0 |   10   471    0.0063    0.0006    0.0000 |
    0.480     0     0     0.0      0      0 |   10   481    0.0087    0.0009    0.0000 |
    0.490     0     0     0.0      0      0 |   10   491    0.0063    0.0006    0.0000 |
    0.500     0     0     0.0      0      0 |   10   501    0.0064    0.0006    0.0000 |
    0.510     0     0     0.0      0      0 |   10   511    0.0058    0.0006    0.0000 |
    0.520     0     0     0.0      0      0 |   10   521    0.0055    0.0006    0.0000 |
    0.530     0     0     0.0      0      0 |   10   531    0.0082    0.0008    0.0000 |
    0.540     0     0     0.0      0      0 |   10   541    0.0081    0.0008    0.0000 |
    0.550     0     0     0.0      0      0 |   10   551    0.0063    0.0006    0.0000 |
    0.560     0     0     0.0      0      0 |   10   561    0.0066    0.0007    0.0000 |
    0.570     0     0     0.0      0      0 |   10   571    0.0067    0.0007    0.0000 |
    0.580     0     0     0.0      0      0 |   10   581    0.0079    0.0008    0.0000 |
    0.590     0     0     0.0      0      0 |   10   591    0.0082    0.0008    0.0000 |
    0.600     0     0     0.0      0      0 |   10   601    0.0061    0.0006    0.0000 |
    0.610     0     0     0.0      0      0 |   10   611    0.0068    0.0007    0.0000 |
    0.620     0     0     0.0      0      0 |   10   621    0.0059    0.0006    0.0000 |
    0.630     0     0     0.0      0      0 |   10   631    0.0078    0.0008    0.0000 |
    0.640     0     0     0.0      0      0 |   10   641    0.0068    0.0007    0.0000 |
    0.650     0     0     0.0      0      0 |   10   651    0.0063    0.0006    0.0000 |
    0.660     0     0     0.0      0      0 |   10   661    0.0062    0.0006    0.0000 |
    0.670     0     0     0.0      0      0 |   10   671    0.0067    0.0007    0.0000 |
    0.680     0     0     0.0      0      0 |   10   681    0.0079    0.0008    0.0000 |
    0.690     0     0     0.0      0      0 |   10   691    0.0069    0.0007    0.0000 |
    0.700     0     0     0.0      0      0 |   10   701    0.0065    0.0007    0.0000 |
    0.710     0     0     0.0      0      0 |   10   711    0.0068    0.0007    0.0000 |
    0.720     0     0     0.0      0      0 |   10   721    0.0060    0.0006    0.0000 |
    0.730     0     0     0.0      0      0 |   10   731    0.0089    0.0009    0.0000 |
    0.740     0     0     0.0      0      0 |   10   741    0.0076    0.0008    0.0000 |
    0.750     0     0     0.0      0      0 |   10   751    0.0066    0.0007    0.0000 |
    0.760     0     0     0.0      0      0 |   10   761    0.0068    0.0007    0.0000 |
    0.770     0     0     0.0      0      0 |   10   771    0.0059    0.0006    0.0000 |
    0.780     0     0     0.0      0      0 |   10   781    0.0080    0.0008    0.0000 |
    0.790     0     0     0.0      0      0 |   10   791    0.0073    0.0007    0.0000 |
    0.800     0     0     0.0      0      0 |   10   801    0.0063    0.0006    0.0000 |
    0.810     0     0     0.0      0      0 |   10   811    0.0063    0.0006    0.0000 |
    0.820     0     0     0.0      0      0 |   10   821    0.0068    0.0007    0.0000 |
    0.830     0     0     0.0      0      0 |   10   831    0.0084    0.0008    0.0000 |
    0.840     0     0     0.0      0      0 |   10   841    0.0073    0.0007    0.0000 |
    0.850     0     0     0.0      0      0 |   10   851    0.0057    0.0006    0.0000 |
    0.860     0     0     0.0      0      0 |   10   861    0.0070    0.0007    0.0000 |
    0.870     0     0     0.0      0      0 |   10   871    0.0069    0.0007    0.0000 |
    0.880     0     0     0.0      0      0 |   10   881    0.0069    0.0007    0.0000 |
    0.890     0     0     0.0      0      0 |   10   891    0.0085    0.0009    0.0000 |
    0.900     0     0     0.0      0      0 |   10   901    0.0068    0.0007    0.0000 |
    0.910     0     0     0.0      0      0 |   10   911    0.0059    0.0006    0.0000 |
    0.920     0     0     0.0      0      0 |   10   921    0.0061    0.0006    0.0000 |
    0.930     0     0     0.0      0      0 |   10   931    0.0071    0.0007    0.0000 |
    0.940     0     0     0.0      0      0 |   10   941    0.0101    0.0010    0.0000 |
    0.950     0     0     0.0      0      0 |   10   951    0.0066    0.0007    0.0000 |
    0.960     0     0     0.0      0      0 |   10   961    0.0068    0.0007    0.0000 |
    0.970     0     0     0.0      0      0 |   10   971    0.0104    0.0010    0.0000 |
    0.980     0     0     0.0      0      0 |   10   981    0.0082    0.0008    0.0000 |
    0.990     0     0     0.0      0      0 |   10   991    0.0087    0.0009    0.0000 |
    1.000     0     0     0.0      0      0 |   10  1001    0.0067    0.0007    0.0000 |
    1.010     0     0     0.0      0      0 |   10  1011    0.0066    0.0007    0.0000 |
    1.020     0     0     0.0      0      0 |   10  1021    0.0068    0.0007    0.0000 |
    1.030     0     0     0.0      0      0 |   10  1031    0.0077    0.0008    0.0000 |
    1.040     0     0     0.0      0      0 |   10  1041    0.0070    0.0007    0.0000 |
    1.050     0     0     0.0      0      0 |   10  1051    0.0066    0.0007    0.0000 |
    1.060     0     0     0.0      0      0 |   10  1061    0.0060    0.0006    0.0000 |
    1.070     0     0     0.0      0      0 |   10  1071    0.0073    0.0007    0.0000 |
    1.080     0     0     0.0      0      0 |   10  1081    0.0074    0.0007    0.0000 |
    1.090     0     0     0.0      0      0 |   10  1091    0.0067    0.0007    0.0000 |
    1.100     0     0     0.0      0      0 |   10  1101    0.0064    0.0006    0.0000 |
    1.110     0     0     0.0      0      0 |   10  1111    0.0057    0.0006    0.0000 |
    1.120     0     0     0.0      0      0 |   10  1121    0.0067    0.0007    0.0000 |
    1.130     0     0     0.0      0      0 |   10  1131    0.0087    0.0009    0.0000 |
    1.140     0     0     0.0      0      0 |   10  1141    0.0065    0.0006    0.0000 |
    1.150     0     0     0.0      0      0 |   10  1151    0.0070    0.0007    0.0000 |
    1.160     0     0     0.0      0      0 |   10  1161    0.0094    0.0009    0.0000 |
    1.170     0     0     0.0      0      0 |   10  1171    0.0093    0.0009    0.0000 |
    1.180     0     0     0.0      0      0 |   10  1181    0.0090    0.0009    0.0000 |
    1.190     0     0     0.0      0      0 |   10  1191    0.0093    0.0009    0.0000 |
    1.200     0     0     0.0      0      0 |   10  1201    0.0092    0.0009    0.0000 |
    1.210     0     0     0.0      0      0 |   10  1211    0.0101    0.0010    0.0000 |
    1.220     0     0     0.0      0      0 |   10  1221    0.0088    0.0009    0.0000 |
    1.230     0     0     0.0      0      0 |   10  1231    0.0084    0.0008    0.0000 |
    1.240     0     0     0.0      0      0 |   10  1241    0.0097    0.0010    0.0000 |
    1.250     0     0     0.0      0      0 |   10  1251    0.0087    0.0009    0.0000 |
    1.260     0     0     0.0      0      0 |   10  1261    0.0087    0.0009    0.0000 |
    1.270     0     0     0.0      0      0 |   10  1271    0.0090    0.0009    0.0000 |
    1.280     0     0     0.0      0      0 |   10  1281    0.0086    0.0009    0.0000 |
    1.290     0     0     0.0      0      0 |   10  1291    0.0085    0.0009    0.0000 |
    1.300     0     0     0.0      0      0 |   10  1301    0.0085    0.0008    0.0000 |
    1.310     0     0     0.0      0      0 |   10  1311    0.0092    0.0009    0.0000 |
    1.320     0     0     0.0      0      0 |   10  1321    0.0067    0.0007    0.0000 |
    1.330     0     0     0.0      0      0 |   10  1331    0.0071    0.0007    0.0000 |
    1.340     0     0     0.0      0      0 |   10  1341    0.0095    0.0010    0.0000 |
    1.350     0     0     0.0      0      0 |   10  1351    0.0077    0.0008    0.0000 |
    1.360     0     0     0.0      0      0 |   10  1361    0.0059    0.0006    0.0000 |
    1.370     0     0     0.0      0      0 |   10  1371    0.0093    0.0009    0.0000 |
    1.380     0     0     0.0      0      0 |   10  1381    0.0090    0.0009    0.0000 |
    1.390     0     0     0.0      0      0 |   10  1391    0.0087    0.0009    0.0000 |
    1.400     0     0     0.0      0      0 |   10  1401    0.0078    0.0008    0.0000 |
    1.410     0     0     0.0      0      0 |   10  1411    0.0062    0.0006    0.0000 |
    1.420     0     0     0.0      0      0 |   10  1421    0.0070    0.0007    0.0000 |
    1.430     0     0     0.0      0      0 |   10  1431    0.0090    0.0009    0.0000 |
    1.440     0     0     0.0      0      0 |   10  1441    0.0063    0.0006    0.0000 |
    1.450     0     0     0.0      0      0 |   10  1451    0.0070    0.0007    0.0000 |
    1.460     0     0     0.0      0      0 |   10  1461    0.0084    0.0008    0.0000 |
    1.470     0     0     0.0      0      0 |   10  1471    0.0072    0.0007    0.0000 |
    1.480     0     0     0.0      0      0 |   10  1481    0.0087    0.0009    0.0000 |
    1.490     0     0     0.0      0      0 |   10  1491    0.0084    0.0008    0.0000 |
    1.500     0     0     0.0      0      0 |   10  1501    0.0070    0.0007    0.0000 |
    1.510     0     0     0.0      0      0 |   10  1511    0.0064    0.0006    0.0000 |
    1.520     0     0     0.0      0      0 |   10  1521    0.0076    0.0008    0.0000 |
    1.530     0     0     0.0      0      0 |   10  1531    0.0063    0.0006    0.0000 |
    1.540     0     0     0.0      0      0 |   10  1541    0.0069    0.0007    0.0000 |
    1.550     0     0     0.0      0      0 |   10  1551    0.0069    0.0007    0.0000 |
    1.560     0     0     0.0      0      0 |   10  1561    0.0070    0.0007    0.0000 |
    1.570     0     0     0.0      0      0 |   10  1571    0.0077    0.0008    0.0000 |
    1.580     0     0     0.0      0      0 |   10  1581    0.0069    0.0007    0.0000 |
    1.590     0     0     0.0      0      0 |   10  1591    0.0064    0.0006    0.0000 |
    1.600     0     0     0.0      0      0 |   10  1601    0.0066    0.0007    0.0000 |
    1.610     0     0     0.0      0      0 |   10  1611    0.0067    0.0007    0.0000 |
    1.620     0     0     0.0      0      0 |   10  1621    0.0078    0.0008    0.0000 |
    1.630     0     0     0.0      0      0 |   10  1631    0.0065    0.0006    0.0000 |
    1.640     0     0     0.0      0      0 |   10  1641    0.0063    0.0006    0.0000 |
    1.650     0     0     0.0      0      0 |   10  1651    0.0063    0.0006    0.0000 |
    1.660     0     0     0.0      0      0 |   10  1661    0.0084    0.0008    0.0000 |
    1.670     0     0     0.0      0      0 |   10  1671    0.0088    0.0009    0.0000 |
    1.680     0     0     0.0      0      0 |   10  1681    0.0069    0.0007    0.0000 |
    1.690     0     0     0.0      0      0 |   10  1691    0.0065    0.0007    0.0000 |
    1.700     0     0     0.0      0      0 |   10  1701    0.0062    0.0006    0.0000 |
    1.710     0     0     0.0      0      0 |   10  1711    0.0073    0.0007    0.0000 |
    1.720     0     0     0.0      0      0 |   10  1721    0.0075    0.0007    0.0000 |
    1.730     0     0     0.0      0      0 |   10  1731    0.0063    0.0006    0.0000 |
    1.740     0     0     0.0      0      0 |   10  1741    0.0066    0.0007    0.0000 |
    1.750     0     0     0.0      0      0 |   10  1751    0.0058    0.0006    0.0000 |
    1.760     0     0     0.0      0      0 |   10  1761    0.0071    0.0007    0.0000 |
    1.770     0     0     0.0      0      0 |   10  1771    0.0083    0.0008    0.0000 |
    1.780     0     0     0.0      0      0 |   10  1781    0.0091    0.0009    0.0000 |
    1.790     0     0     0.0      0      0 |   10  1791    0.0071    0.0007    0.0000 |
    1.800     0     0     0.0      0      0 |   10  1801    0.0073    0.0007    0.0000 |
    1.810     0     0     0.0      0      0 |   10  1811    0.0094    0.0009    0.0000 |
    1.820     0     0     0.0      0      0 |   10  1821    0.0070    0.0007    0.0000 |
    1.830     0     0     0.0      0      0 |   10  1831    0.0092    0.0009    0.0000 |
    1.840     0     0     0.0      0      0 |   10  1841    0.0063    0.0006    0.0000 |
    1.850     0     0     0.0      0      0 |   10  1851    0.0058    0.0006    0.0000 |
    1.860     0     0     0.0      0      0 |   10  1861    0.0087    0.0009    0.0000 |
    1.870     0     0     0.0      0      0 |   10  1871    0.0066    0.0007    0.0000 |
    1.880     0     0     0.0      0      0 |   10  1881    0.0065    0.0007    0.0000 |
    1.890     0     0     0.0      0      0 |   10  1891    0.0067    0.0007    0.0000 |
    1.900     0     0     0.0      0      0 |   10  1901    0.0071    0.0007    0.0000 |
    1.910     0     0     0.0      0      0 |   10  1911    0.0084    0.0008    0.0000 |
    1.920     0     0     0.0      0      0 |   10  1921    0.0061    0.0006    0.0000 |
    1.930     0     0     0.0      0      0 |   10  1931    0.0076    0.0008    0.0000 |
    1.940     0     0     0.0      0      0 |   10  1941    0.0058    0.0006    0.0000 |
    1.950     0     0     0.0      0      0 |   10  1951    0.0062    0.0006    0.0000 |
    1.960     0     0     0.0      0      0 |   10  1961    0.0084    0.0008    0.0000 |
    1.970     0     0     0.0      0      0 |   10  1971    0.0063    0.0006    0.0000 |
    1.980     0     0     0.0      0      0 |   10  1981    0.0065    0.0007    0.0000 |
    1.990     0     0     0.0      0      0 |   10  1991    0.0067    0.0007    0.0000 |
    2.000     0     0     0.0      0      0 |   10  2001    0.0063    0.0006    0.0000 |
    2.010     0    16    11.1    111    111 |   10  2011    0.0429    0.0043    0.0004 |
    2.020    12    12    12.0    120    231 |   10  2021    0.0468    0.0047    0.0004 |
    2.030    12    14    13.1    131    362 |   10  2031    0.0500    0.0050    0.0004 |
    2.040    13    14    13.5    135    497 |   10  2041    0.0530    0.0053    0.0004 |
    2.050    12    14    12.8    128    625 |   10  2051    0.0501    0.0050    0.0004 |
    2.060    14    15    14.8    148    773 |   10  2061    0.0544    0.0054    0.0004 |
    2.070    15    15    15.0    150    923 |   10  2071    0.0566    0.0057    0.0004 |
    2.080    14    15    14.9    149   1072 |   10  2081    0.0541    0.0054    0.0004 |
    2.090    14    14    14.0    140   1212 |   10  2091    0.0507    0.0051    0.0004 |
    2.100    14    14    14.0    140   1352 |   10  2101    0.0523    0.0052    0.0004 |
    2.110    12    14    12.6    126   1478 |   10  2111    0.0451    0.0045    0.0004 |
    2.120    12    13    12.7    127   1605 |   10  2121    0.0480    0.0048    0.0004 |
    2.130    11    13    12.6    126   1731 |   10  2131    0.0471    0.0047    0.0004 |
    2.140    11    11    11.0    110   1841 |   10  2141    0.0440    0.0044    0.0004 |
    2.150    10    11    10.7    107   1948 |   10  2151    0.0393    0.0039    0.0004 |
    2.160    10    11    10.2    102   2050 |   10  2161    0.0417    0.0042    0.0004 |
    2.170     9    10     9.2     92   2142 |   10  2171    0.0365    0.0037    0.0004 |
    2.180     7     8     7.4     74   2216 |   10  2181    0.0306    0.0031    0.0004 |
    2.190     7     8     7.4     74   2290 |   10  2191    0.0326    0.0033    0.0004 |
    2.200     8     9     8.8     88   2378 |   10  2201    0.0354    0.0035    0.0004 |
    2.210     9    10     9.7     97   2475 |   10  2211    0.0440    0.0044    0.0005 |
    2.220    10    10    10.0    100   2575 |   10  2221    0.0406    0.0041    0.0004 |
    2.230    10    10    10.0    100   2675 |   10  2231    0.0399    0.0040    0.0004 |
    2.240    10    10    10.0    100   2775 |   10  2241    0.0401    0.0040    0.0004 |
    2.250    10    10    10.0    100   2875 |   10  2251    0.0356    0.0036    0.0004 |
    2.260    10    10    10.0    100   2975 |   10  2261    0.0402    0.0040    0.0004 |
    2.270    10    10    10.0    100   3075 |   10  2271    0.0383    0.0038    0.0004 |
    2.280    10    10    10.0    100   3175 |   10  2281    0.0423    0.0042    0.0004 |
    2.290    10    10    10.0    100   3275 |   10  2291    0.0420    0.0042    0.0004 |
    2.300     9    10     9.9     99   3374 |   10  2301    0.0508    0.0051    0.0005 |
    2.310     9     9     9.0     90   3464 |   10  2311    0.0470    0.0047    0.0005 |
    2.320     9     9     9.0     90   3554 |   10  2321    0.0480    0.0048    0.0005 |
    2.330     8     9     8.4     84   3638 |   10  2331    0.0381    0.0038    0.0005 |
    2.340     8     8     8.0     80   3718 |   10  2341    0.0301    0.0030    0.0004 |
    2.350     8     8     8.0     80   3798 |   10  2351    0.0329    0.0033    0.0004 |
    2.360     8     8     8.0     80   3878 |   10  2361    0.0315    0.0032    0.0004 |
    2.370     8     8     8.0     80   3958 |   10  2371    0.0351    0.0035    0.0004 |
    2.380     7     8     7.8     78   4036 |   10  2381    0.0343    0.0034    0.0004 |
    2.390     7     8     7.5     75   4111 |   10  2391    0.0320    0.0032    0.0004 |
    2.400     7     8     7.2     72   4183 |   10  2401    0.0306    0.0031    0.0004 |
    2.410     7     7     7.0     70   4253 |   10  2411    0.0303    0.0030    0.0004 |
    2.420     7     7     7.0     70   4323 |   10  2421    0.0293    0.0029    0.0004 |
    2.430     6     7     6.4     64   4387 |   10  2431    0.0298    0.0030    0.0005 |
    2.440     6     7     6.1     61   4448 |   10  2441    0.0252    0.0025    0.0004 |
    2.450     6     6     6.0     60   4508 |   10  2451    0.0278    0.0028    0.0005 |
    2.460     6     6     6.0     60   4568 |   10  2461    0.0228    0.0023    0.0004 |
    2.470     4     6     5.7     57   4625 |   10  2471    0.0266    0.0027    0.0005 |
    2.480     5     5     5.0     50   4675 |   10  2481    0.0223    0.0022    0.0004 |
    2.490     4     6     5.0     50   4725 |   10  2491    0.0234    0.0023    0.0005 |
    2.500     5     5     5.0     50   4775 |   10  2501    0.0223    0.0022    0.0004 |
    2.510     5     5     5.0     50   4825 |   10  2511    0.0244    0.0024    0.0005 |
    2.520     4     5     4.9     49   4874 |   10  2521    0.0209    0.0021    0.0004 |
    2.530     4     5     4.4     44   4918 |   10  2531    0.0216    0.0022    0.0005 |
    2.540     4     5     4.2     42   4960 |   10  2541    0.0186    0.0019    0.0004 |
    2.550     4     4     4.0     40   5000 |   10  2551    0.0213    0.0021    0.0005 |
    2.560     4     4     4.0     40   5040 |   10  2561    0.0182    0.0018    0.0005 |
    2.570     3     4     3.8     38   5078 |   10  2571    0.0221    0.0022    0.0006 |
    2.580     3     4     3.1     31   5109 |   10  2581    0.0228    0.0023    0.0007 |
    2.590     2     3     2.7     27   5136 |   10  2591    0.0206    0.0021    0.0008 |
    2.600     2     3     2.9     29   5165 |   10  2601    0.0213    0.0021    0.0007 |
    2.610     2     3     2.8     28   5193 |   10  2611    0.0209    0.0021    0.0007 |
    2.620     2     3     2.8     28   5221 |   10  2621    0.0209    0.0021    0.0007 |
    2.630     2     3     2.9     29   5250 |   10  2631    0.0214    0.0021    0.0007 |
    2.640     2     3     2.7     27   5277 |   10  2641    0.0207    0.0021    0.0008 |
    2.650     2     3     2.9     29   5306 |   10  2651    0.0220    0.0022    0.0008 |
    2.660     2     3     2.7     27   5333 |   10  2661    0.0203    0.0020    0.0008 |
    2.670     2     3     2.6     26   5359 |   10  2671    0.0200    0.0020    0.0008 |
    2.680     2     3     2.5     25   5384 |   10  2681    0.0200    0.0020    0.0008 |
    2.690     2     3     2.5     25   5409 |   10  2691    0.0174    0.0017    0.0007 |
    2.700     2     3     2.3     23   5432 |   10  2701    0.0135    0.0014    0.0006 |
    2.710     2     3     2.3     23   5455 |   10  2711    0.0149    0.0015    0.0006 |
    2.720     2     3     2.3     23   5478 |   10  2721    0.0132    0.0013    0.0006 |
    2.730     1     3     1.9     19   5497 |   10  2731    0.0139    0.0014    0.0007 |
    2.740     0     3     1.6     16   5513 |   10  2741    0.0116    0.0012    0.0007 |
    2.750     0     3     1.8     18   5531 |   10  2751    0.0130    0.0013    0.0007 |
    2.760     0     3     1.8     18   5549 |   10  2761    0.0155    0.0015    0.0009 |
    2.770     0     2     1.5     15   5564 |   10  2771    0.0103    0.0010    0.0007 |
    2.780     2     2     2.0     20   5584 |   10  2781    0.0130    0.0013    0.0006 |
    2.790     0     2     1.3     13   5597 |   10  2791    0.0120    0.0012    0.0009 |
    2.800     0     2     0.8      8   5605 |   10  2801    0.0092    0.0009    0.0011 |
    2.810     0     2     0.9      9   5614 |   10  2811    0.0104    0.0010    0.0012 |
    2.820     0     2     0.6      6   5620 |   10  2821    0.0095    0.0010    0.0016 |
    2.830     0     2     0.9      9   5629 |   10  2831    0.0111    0.0011    0.0012 |
    2.840     0     2     0.6      6   5635 |   10  2841    0.0087    0.0009    0.0014 |
    2.850     0     2     0.7      7   5642 |   10  2851    0.0076    0.0008    0.0011 |
    2.860     0     2     0.6      6   5648 |   10  2861    0.0086    0.0009    0.0014 |
    2.870     0     2     0.6      6   5654 |   10  2871    0.0090    0.0009    0.0015 |
    2.880     0     2     0.3      3   5657 |   10  2881    0.0079    0.0008    0.0026 |
    2.890     0     2     0.2      2   5659 |   10  2891    0.0070    0.0007    0.0035 |
    2.900     0     2     0.8      8   5667 |   10  2901    0.0104    0.0010    0.0013 |
    2.910     0     1     0.1      1   5668 |   10  2911    0.0082    0.0008    0.0082 |
    2.920     0     2     0.2      2   5670 |   10  2921    0.0071    0.0007    0.0036 |
    2.930     0     1     0.6      6   5676 |   10  2931    0.0085    0.0009    0.0014 |
    2.940     0     2     0.4      4   5680 |   10  2941    0.0091    0.0009    0.0023 |
    2.950     0     0     0.0      0   5680 |   10  2951    0.0076    0.0008    0.0000 |
    2.960     0     1     0.5      5   5685 |   10  2961    0.0086    0.0009    0.0017 |
    2.970     0     1     0.4      4   5689 |   10  2971    0.0081    0.0008    0.0020 |
    2.980     0     1     0.4      4   5693 |   10  2981    0.0086    0.0009    0.0022 |
    2.990     0     1     0.2      2   5695 |   10  2991    0.0082    0.0008    0.0041 |
    3.000     0     1     0.2      2   5697 |   10  3001    0.0077    0.0008    0.0038 |
    3.010     0     1     0.2      2   5699 |   10  3011    0.0073    0.0007    0.0036 |
    3.020     0     1     0.2      2   5701 |   10  3021    0.0072    0.0007    0.0036 |
    3.030     0     1     0.2      2   5703 |   10  3031    0.0094    0.0009    0.0047 |
    3.040     0     1     0.2      2   5705 |   10  3041    0.0073    0.0007    0.0036 |
    3.050     0     1     0.2      2   5707 |   10  3051    0.0073    0.0007    0.0036 |
    3.060     0     1     0.2      2   5709 |   10  3061    0.0070    0.0007    0.0035 |
    3.070     0     1     0.2      2   5711 |   10  3071    0.0074    0.0007    0.0037 |
    3.080     0     1     0.3      3   5714 |   10  3081    0.0081    0.0008    0.0027 |
    3.090     0     1     0.2      2   5716 |   10  3091    0.0075    0.0007    0.0037 |
    3.100     0     1     0.2      2   5718 |   10  3101    0.0070    0.0007    0.0035 |
    3.110     0     1     0.3      3   5721 |   10  3111    0.0071    0.0007    0.0024 |
    3.120     0     1     0.3      3   5724 |   10  3121    0.0098    0.0010    0.0033 |
    3.130     0     1     0.2      2   5726 |   10  3131    0.0071    0.0007    0.0036 |
    3.140     0     1     0.3      3   5729 |   10  3141    0.0081    0.0008    0.0027 |
    3.150     0     1     0.3      3   5732 |   10  3151    0.0077    0.0008    0.0026 |
    3.160     0     1     0.3      3   5735 |   10  3161    0.0093    0.0009    0.0031 |
    3.170     0     1     0.3      3   5738 |   10  3171    0.0083    0.0008    0.0028 |
    3.180     0     1     0.2      2   5740 |   10  3181    0.0070    0.0007    0.0035 |
    3.190     0     1     0.3      3   5743 |   10  3191    0.0072    0.0007    0.0024 |
    3.200     0     1     0.3      3   5746 |   10  3201    0.0078    0.0008    0.0026 |
    3.210     0     1     0.3      3   5749 |   10  3211    0.0079    0.0008    0.0026 |
    3.220     0     1     0.3      3   5752 |   10  3221    0.0074    0.0007    0.0025 |
    3.230     0     1     0.3      3   5755 |   10  3231    0.0075    0.0007    0.0025 |
    3.240     0     1     0.3      3   5758 |   10  3241    0.0071    0.0007    0.0024 |
    3.250     0     1     0.3      3   5761 |   10  3251    0.0085    0.0008    0.0028 |
    3.260     0     1     0.3      3   5764 |   10  3261    0.0076    0.0008    0.0025 |
    3.270     0     1     0.3      3   5767 |   10  3271    0.0072    0.0007    0.0024 |
    3.280     0     1     0.3      3   5770 |   10  3281    0.0077    0.0008    0.0026 |
    3.290     0     1     0.3      3   5773 |   10  3291    0.0092    0.0009    0.0031 |
    3.300     0     1     0.3      3   5776 |   10  3301    0.0083    0.0008    0.0028 |
    3.310     0     1     0.3      3   5779 |   10  3311    0.0074    0.0007    0.0025 |
    3.320     0     1     0.3      3   5782 |   10  3321    0.0066    0.0007    0.0022 |
    3.330     0     1     0.3      3   5785 |   10  3331    0.0096    0.0010    0.0032 |
    3.340     0     1     0.3      3   5788 |   10  3341    0.0073    0.0007    0.0024 |
    3.350     0     1     0.3      3   5791 |   10  3351    0.0071    0.0007    0.0024 |
    3.360     0     1     0.3      3   5794 |   10  3361    0.0077    0.0008    0.0026 |
    3.370     0     1     0.3      3   5797 |   10  3371    0.0122    0.0012    0.0041 |
    3.380     0     1     0.3      3   5800 |   10  3381    0.0102    0.0010    0.0034 |
    3.390     0     1     0.3      3   5803 |   10  3391    0.0103    0.0010    0.0034 |
    3.400     0     1     0.3      3   5806 |   10  3401    0.0101    0.0010    0.0034 |
    3.410     0     1     0.3      3   5809 |   10  3411    0.0100    0.0010    0.0033 |
    3.420     0     1     0.2      2   5811 |   10  3421    0.0094    0.0009    0.0047 |
    3.430     0     1     0.3      3   5814 |   10  3431    0.0107    0.0011    0.0036 |
    3.440     0     1     0.4      4   5818 |   10  3441    0.0105    0.0011    0.0026 |
    3.450     0     1     0.2      2   5820 |   10  3451    0.0073    0.0007    0.0036 |
    3.460     0     1     0.3      3   5823 |   10  3461    0.0079    0.0008    0.0026 |
    3.470     0     1     0.3      3   5826 |   10  3471    0.0094    0.0009    0.0031 |
    3.480     0     1     0.2      2   5828 |   10  3481    0.0073    0.0007    0.0037 |
    3.490     0     1     0.3      3   5831 |   10  3491    0.0081    0.0008    0.0027 |
    3.500     0     1     0.3      3   5834 |   10  3501    0.0082    0.0008    0.0027 |
    3.510     0     1     0.2      2   5836 |   10  3511    0.0090    0.0009    0.0045 |
    3.520     0     1     0.3      3   5839 |   10  3521    0.0079    0.0008    0.0026 |
    3.530     0     1     0.2      2   5841 |   10  3531    0.0074    0.0007    0.0037 |
    3.540     0     1     0.3      3   5844 |   10  3541    0.0091    0.0009    0.0030 |
    3.550     0     1     0.2      2   5846 |   10  3551    0.0084    0.0008    0.0042 |
    3.560     0     1     0.3      3   5849 |   10  3561    0.0066    0.0007    0.0022 |
    3.570     0     1     0.2      2   5851 |   10  3571    0.0074    0.0007    0.0037 |
    3.580     0     1     0.3      3   5854 |   10  3581    0.0071    0.0007    0.0024 |
    3.590     0     1     0.2      2   5856 |   10  3591    0.0092    0.0009    0.0046 |
    3.600     0     1     0.2      2   5858 |   10  3601    0.0077    0.0008    0.0039 |
    3.610     0     1     0.2      2   5860 |   10  3611    0.0070    0.0007    0.0035 |
    3.620     0     1     0.3      3   5863 |   10  3621    0.0076    0.0008    0.0025 |
    3.630     0     1     0.2      2   5865 |   10  3631    0.0083    0.0008    0.0042 |
    3.640     0     1     0.2      2   5867 |   10  3641    0.0081    0.0008    0.0040 |
    3.650     0     1     0.2      2   5869 |   10  3651    0.0079    0.0008    0.0039 |
    3.660     0     1     0.2      2   5871 |   10  3661    0.0075    0.0007    0.0037 |
    3.670     0     1     0.2      2   5873 |   10  3671    0.0085    0.0009    0.0043 |
    3.680     0     1     0.3      3   5876 |   10  3681    0.0081    0.0008    0.0027 |
    3.690     0     1     0.2      2   5878 |   10  3691    0.0076    0.0008    0.0038 |
    3.700     0     1     0.2      2   5880 |   10  3701    0.0070    0.0007    0.0035 |
    3.710     0     1     0.2      2   5882 |   10  3711    0.0085    0.0009    0.0043 |
    3.720     0     1     0.1      1   5883 |   10  3721    0.0085    0.0009    0.0085 |
    3.730     0     1     0.3      3   5886 |   10  3731    0.0077    0.0008    0.0026 |
    3.740     0     1     0.1      1   5887 |   10  3741    0.0069    0.0007    0.0069 |
    3.750     0     1     0.2      2   5889 |   10  3751    0.0070    0.0007    0.0035 |
    3.760     0     1     0.2      2   5891 |   10  3761    0.0091    0.0009    0.0045 |
    3.770     0     1     0.2      2   5893 |   10  3771    0.0069    0.0007    0.0034 |
    3.780     0     1     0.2      2   5895 |   10  3781    0.0071    0.0007    0.0035 |
    3.790     0     1     0.1      1   5896 |   10  3791    0.0070    0.0007    0.0070 |
    3.800     0     1     0.2      2   5898 |   10  3801    0.0090    0.0009    0.0045 |
    3.810     0     1     0.2      2   5900 |   10  3811    0.0072    0.0007    0.0036 |
    3.820     0     1     0.1      1   5901 |   10  3821    0.0066    0.0007    0.0066 |
    3.830     0     1     0.2      2   5903 |   10  3831    0.0073    0.0007    0.0037 |
    3.840     0     1     0.2      2   5905 |   10  3841    0.0083    0.0008    0.0042 |
    3.850     0     1     0.1      1   5906 |   10  3851    0.0077    0.0008    0.0077 |
    3.860     0     1     0.2      2   5908 |   10  3861    0.0079    0.0008    0.0040 |
    3.870     0     1     0.1      1   5909 |   10  3871    0.0070    0.0007    0.0070 |
    3.880     0     1     0.2      2   5911 |   10  3881    0.0080    0.0008    0.0040 |
    3.890     0     1     0.2      2   5913 |   10  3891    0.0080    0.0008    0.0040 |
    3.900     0     1     0.1      1   5914 |   10  3901    0.0068    0.0007    0.0068 |
    3.910     0     1     0.1      1   5915 |   10  3911    0.0093    0.0009    0.0093 |
    3.920     0     1     0.2      2   5917 |   10  3921    0.0090    0.0009    0.0045 |
    3.930     0     1     0.1      1   5918 |   10  3931    0.0082    0.0008    0.0082 |
    3.940     0     1     0.2      2   5920 |   10  3941    0.0075    0.0008    0.0038 |
    3.950     0     1     0.1      1   5921 |   10  3951    0.0065    0.0007    0.0065 |
    3.960     0     1     0.1      1   5922 |   10  3961    0.0060    0.0006    0.0060 |
    3.970     0     1     0.1      1   5923 |   10  3971    0.0093    0.0009    0.0093 |
    3.980     0     1     0.2      2   5925 |   10  3981    0.0072    0.0007    0.0036 |
    3.990     0     1     0.1      1   5926 |   10  3991    0.0072    0.0007    0.0072 |
    4.000     0     1     0.1      1   5927 |   10  4001    0.0069    0.0007    0.0069 |
    4.010     0     1     0.1      1   5928 |   10  4011    0.0092    0.0009    0.0092 |
    4.020     0     1     0.1      1   5929 |   10  4021    0.0079    0.0008    0.0079 |
    4.030     0     1     0.1      1   5930 |   10  4031    0.0062    0.0006    0.0062 |
    4.040     0     1     0.1      1   5931 |   10  4041    0.0074    0.0007    0.0074 |
    4.050     0     1     0.1      1   5932 |   10  4051    0.0076    0.0008    0.0076 |
    4.060     0     1     0.2      2   5934 |   10  4061    0.0083    0.0008    0.0042 |
    4.070     0     0     0.0      0   5934 |   10  4071    0.0067    0.0007    0.0000 |
    4.080     0     1     0.1      1   5935 |   10  4081    0.0067    0.0007    0.0067 |
    4.090     0     1     0.1      1   5936 |   10  4091    0.0074    0.0007    0.0074 |
    4.100     0     1     0.1      1   5937 |   10  4101    0.0085    0.0008    0.0085 |
    4.110     0     1     0.1      1   5938 |   10  4111    0.0069    0.0007    0.0069 |
    4.120     0     1     0.1      1   5939 |   10  4121    0.0076    0.0008    0.0076 |
    4.130     0     1     0.1      1   5940 |   10  4131    0.0065    0.0006    0.0065 |
    4.140     0     1     0.1      1   5941 |   10  4141    0.0087    0.0009    0.0087 |
    4.150     0     1     0.1      1   5942 |   10  4151    0.0068    0.0007    0.0068 |
    4.160     0     0     0.0      0   5942 |   10  4161    0.0061    0.0006    0.0000 |
    4.170     0     1     0.1      1   5943 |   10  4171    0.0061    0.0006    0.0061 |
    4.180     0     1     0.1      1   5944 |   10  4181    0.0070    0.0007    0.0070 |
    4.190     0     1     0.2      2   5946 |   10  4191    0.0088    0.0009    0.0044 |
    4.200     0     1     0.1      1   5947 |   10  4201    0.0068    0.0007    0.0068 |
    4.210     0     1     0.1      1   5948 |   10  4211    0.0065    0.0006    0.0065 |
    4.220     0     1     0.1      1   5949 |   10  4221    0.0072    0.0007    0.0072 |
    4.230     0     1     0.1      1   5950 |   10  4231    0.0088    0.0009    0.0088 |
    4.240     0     1     0.1      1   5951 |   10  4241    0.0066    0.0007    0.0066 |
    4.250     0     1     0.1      1   5952 |   10  4251    0.0071    0.0007    0.0071 |
    4.260     0     0     0.0      0   5952 |   10  4261    0.0061    0.0006    0.0000 |
    4.270     0     1     0.1      1   5953 |   10  4271    0.0082    0.0008    0.0082 |
    4.280     0     1     0.1      1   5954 |   10  4281    0.0081    0.0008    0.0081 |
    4.290     0     0     0.0      0   5954 |   10  4291    0.0064    0.0006    0.0000 |
    4.300     0     1     0.1      1   5955 |   10  4301    0.0069    0.0007    0.0069 |
    4.310     0     1     0.1      1   5956 |   10  4311    0.0068    0.0007    0.0068 |
    4.320     0     1     0.1      1   5957 |   10  4321    0.0084    0.0008    0.0084 |
    4.330     0     0     0.0      0   5957 |   10  4331    0.0069    0.0007    0.0000 |
    4.340     0     0     0.0      0   5957 |   10  4341    0.0056    0.0006    0.0000 |
    4.350     0     1     0.1      1   5958 |   10  4351    0.0059    0.0006    0.0059 |
    4.360     0     0     0.0      0   5958 |   10  4361    0.0080    0.0008    0.0000 |
    4.370     0     0     0.0      0   5958 |   10  4371    0.0069    0.0007    0.0000 |
    4.380     0     1     0.1      1   5959 |   10  4381    0.0066    0.0007    0.0066 |
    4.390     0     0     0.0      0   5959 |   10  4391    0.0064    0.0006    0.0000 |
    4.400     0     1     0.1      1   5960 |   10  4401    0.0062    0.0006    0.0062 |
    4.410     0     0     0.0      0   5960 |   10  4411    0.0085    0.0008    0.0000 |
    4.420     0     1     0.1      1   5961 |   10  4421    0.0077    0.0008    0.0077 |
    4.430     0     1     0.1      1   5962 |   10  4431    0.0071    0.0007    0.0071 |
    4.440     0     0     0.0      0   5962 |   10  4441    0.0064    0.0006    0.0000 |
    4.450     0     1     0.1      1   5963 |   10  4451    0.0080    0.0008    0.0080 |
    4.460     0     0     0.0      0   5963 |   10  4461    0.0065    0.0006    0.0000 |
    4.470     0     1     0.1      1   5964 |   10  4471    0.0073    0.0007    0.0073 |
    4.480     0     0     0.0      0   5964 |   10  4481    0.0061    0.0006    0.0000 |
    4.490     0     1     0.1      1   5965 |   10  4491    0.0067    0.0007    0.0067 |
    4.500     0     0     0.0      0   5965 |   10  4501    0.0084    0.0008    0.0000 |
    4.510     0     1     0.1      1   5966 |   10  4511    0.0066    0.0007    0.0066 |
    4.520     0     0     0.0      0   5966 |   10  4521    0.0068    0.0007    0.0000 |
    4.530     0     1     0.1      1   5967 |   10  4531    0.0067    0.0007    0.0067 |
    4.540     0     0     0.0      0   5967 |   10  4541    0.0073    0.0007    0.0000 |
    4.550     0     1     0.1      1   5968 |   10  4551    0.0082    0.0008    0.0082 |
    4.560     0     0     0.0      0   5968 |   10  4561    0.0065    0.0006    0.0000 |
    4.570     0     1     0.1      1   5969 |   10  4571    0.0065    0.0007    0.0065 |
    4.580     0     0     0.0      0   5969 |   10  4581    0.0058    0.0006    0.0000 |
    4.590     0     0     0.0      0   5969 |   10  4591    0.0083    0.0008    0.0000 |
    4.600     0     1     0.1      1   5970 |   10  4601    0.0077    0.0008    0.0077 |
    4.610     0     0     0.0      0   5970 |   10  4611    0.0064    0.0006    0.0000 |
    4.620     0     1     0.1      1   5971 |   10  4621    0.0069    0.0007    0.0069 |
    4.630     0     0     0.0      0   5971 |   10  4631    0.0066    0.0007    0.0000 |
    4.640     0     1     0.1      1   5972 |   10  4641    0.0087    0.0009    0.0087 |
    4.650     0     1     0.1      1   5973 |   10  4651    0.0070    0.0007    0.0070 |
    4.660     0     0     0.0      0   5973 |   10  4661    0.0063    0.0006    0.0000 |
    4.670     0     0     0.0      0   5973 |   10  4671    0.0066    0.0007    0.0000 |
    4.680     0     0     0.0      0   5973 |   10  4681    0.0085    0.0008    0.0000 |
    4.690     0     1     0.1      1   5974 |   10  4691    0.0070    0.0007    0.0070 |
    4.700     0     0     0.0      0   5974 |   10  4701    0.0064    0.0006    0.0000 |
    4.710     0     1     0.1      1   5975 |   10  4711    0.0064    0.0006    0.0064 |
    4.720     0     0     0.0      0   5975 |   10  4721    0.0075    0.0008    0.0000 |
    4.730     0     0     0.0      0   5975 |   10  4731    0.0081    0.0008    0.0000 |
    4.740     0     0     0.0      0   5975 |   10  4741    0.0061    0.0006    0.0000 |
    4.750     0     1     0.1      1   5976 |   10  4751    0.0067    0.0007    0.0067 |
    4.760     0     0     0.0      0   5976 |   10  4761    0.0058    0.0006    0.0000 |
    4.770     0     0     0.0      0   5976 |   10  4771    0.0083    0.0008    0.0000 |
    4.780     0     0     0.0      0   5976 |   10  4781    0.0063    0.0006    0.0000 |
    4.790     0     1     0.1      1   5977 |   10  4791    0.0066    0.0007    0.0066 |
    4.800     0     0     0.0      0   5977 |   10  4801    0.0066    0.0007    0.0000 |
    4.810     0     0     0.0      0   5977 |   10  4811    0.0068    0.0007    0.0000 |
    4.820     0     0     0.0      0   5977 |   10  4821    0.0080    0.0008    0.0000 |
    4.830     0     1     0.1      1   5978 |   10  4831    0.0061    0.0006    0.0061 |
    4.840     0     0     0.0      0   5978 |   10  4841    0.0067    0.0007    0.0000 |
    4.850     0     0     0.0      0   5978 |   10  4851    0.0062    0.0006    0.0000 |
    4.860     0     0     0.0      0   5978 |   10  4861    0.0078    0.0008    0.0000 |
    4.870     0     0     0.0      0   5978 |   10  4871    0.0077    0.0008    0.0000 |
    4.880     0     1     0.1      1   5979 |   10  4881    0.0070    0.0007    0.0070 |
    4.890     0     0     0.0      0   5979 |   10  4891    0.0065    0.0007    0.0000 |
    4.900     0     0     0.0      0   5979 |   10  4901    0.0070    0.0007    0.0000 |
    4.910     0     0     0.0      0   5979 |   10  4911    0.0084    0.0008    0.0000 |
    4.920     0     0     0.0      0   5979 |   10  4921    0.0068    0.0007    0.0000 |
    4.930     0     0     0.0      0   5979 |   10  4931    0.0062    0.0006    0.0000 |
    4.940     0     0     0.0      0   5979 |   10  4941    0.0066    0.0007    0.0000 |
    4.950     0     1     0.1      1   5980 |   10  4951    0.0090    0.0009    0.0090 |
    4.960     0     0     0.0      0   5980 |   10  4961    0.0061    0.0006    0.0000 |
    4.970     0     0     0.0      0   5980 |   10  4971    0.0067    0.0007    0.0000 |
    4.980     0     1     0.1      1   5981 |   10  4981    0.0066    0.0007    0.0066 |
    4.990     0     0     0.0      0   5981 |   10  4991    0.0060    0.0006    0.0000 |
    5.000     0     0     0.0      0   5981 |   10  5001    0.0079    0.0008    0.0000 |
    5.010     0     0     0.0      0   5981 |   10  5011    0.0071    0.0007    0.0000 |
    5.020     0     0     0.0      0   5981 |   10  5021    0.0070    0.0007    0.0000 |
    5.030     0     0     0.0      0   5981 |   10  5031    0.0059    0.0006    0.0000 |
    5.040     0     0     0.0      0   5981 |   10  5041    0.0075    0.0008    0.0000 |
    5.050     0     1     0.1      1   5982 |   10  5051    0.0075    0.0007    0.0075 |
    5.060     0     0     0.0      0   5982 |   10  5061    0.0065    0.0006    0.0000 |
    5.070     0     0     0.0      0   5982 |   10  5071    0.0066    0.0007    0.0000 |
    5.080     0     0     0.0      0   5982 |   10  5081    0.0070    0.0007    0.0000 |
    5.090     0     0     0.0      0   5982 |   10  5091    0.0079    0.0008    0.0000 |
    5.100     0     0     0.0      0   5982 |   10  5101    0.0064    0.0006    0.0000 |
    5.110     0     0     0.0      0   5982 |   10  5111    0.0064    0.0006    0.0000 |
    5.120     0     0     0.0      0   5982 |   10  5121    0.0061    0.0006    0.0000 |
    5.130     0     0     0.0      0   5982 |   10  5131    0.0085    0.0009    0.0000 |
    5.140     0     1     0.1      1   5983 |   10  5141    0.0073    0.0007    0.0073 |
    5.150     0     0     0.0      0   5983 |   10  5151    0.0069    0.0007    0.0000 |
    5.160     0     0     0.0      0   5983 |   10  5161    0.0059    0.0006    0.0000 |
    5.170     0     0     0.0      0   5983 |   10  5171    0.0065    0.0007    0.0000 |
    5.180     0     0     0.0      0   5983 |   10  5181    0.0073    0.0007    0.0000 |
    5.190     0     0     0.0      0   5983 |   10  5191    0.0063    0.0006    0.0000 |
    5.200     0     0     0.0      0   5983 |   10  5201    0.0062    0.0006    0.0000 |
    5.210     0     0     0.0      0   5983 |   10  5211    0.0055    0.0005    0.0000 |
    5.220     0     0     0.0      0   5983 |   10  5221    0.0069    0.0007    0.0000 |
    5.230     0     0     0.0      0   5983 |   10  5231    0.0077    0.0008    0.0000 |
    5.240     0     0     0.0      0   5983 |   10  5241    0.0062    0.0006    0.0000 |
    5.250     0     0     0.0      0   5983 |   10  5251    0.0070    0.0007    0.0000 |
    5.260     0     0     0.0      0   5983 |   10  5261    0.0069    0.0007    0.0000 |
    5.270     0     0     0.0      0   5983 |   10  5271    0.0081    0.0008    0.0000 |
    5.280     0     0     0.0      0   5983 |   10  5281    0.0066    0.0007    0.0000 |
    5.290     0     0     0.0      0   5983 |   10  5291    0.0058    0.0006    0.0000 |
    5.300     0     0     0.0      0   5983 |   10  5301    0.0067    0.0007    0.0000 |
    5.310     0     0     0.0      0   5983 |   10  5311    0.0067    0.0007    0.0000 |
    5.320     0     0     0.0      0   5983 |   10  5321    0.0079    0.0008    0.0000 |
    5.330     0     0     0.0      0   5983 |   10  5331    0.0064    0.0006    0.0000 |
    5.340     0     0     0.0      0   5983 |   10  5341    0.0063    0.0006    0.0000 |
    5.350     0     0     0.0      0   5983 |   10  5351    0.0066    0.0007    0.0000 |
    5.360     0     0     0.0      0   5983 |   10  5361    0.0086    0.0009    0.0000 |
    5.370     0     0     0.0      0   5983 |   10  5371    0.0064    0.0006    0.0000 |
    5.380     0     0     0.0      0   5983 |   10  5381    0.0068    0.0007    0.0000 |
    5.390     0     0     0.0      0   5983 |   10  5391    0.0055    0.0005    0.0000 |
    5.400     0     0     0.0      0   5983 |   10  5401    0.0056    0.0006    0.0000 |
    5.410     0     0     0.0      0   5983 |   10  5411    0.0084    0.0008    0.0000 |
    5.420     0     0     0.0      0   5983 |   10  5421    0.0087    0.0009    0.0000 |
    5.430     0     0     0.0      0   5983 |   10  5431    0.0075    0.0007    0.0000 |
    5.440     0     0     0.0      0   5983 |   10  5441    0.0079    0.0008    0.0000 |
    5.450     0     0     0.0      0   5983 |   10  5451    0.0069    0.0007    0.0000 |
    5.460     0     0     0.0      0   5983 |   10  5461    0.0079    0.0008    0.0000 |
    5.470     0     0     0.0      0   5983 |   10  5471    0.0071    0.0007    0.0000 |
    5.480     0     0     0.0      0   5983 |   10  5481    0.0065    0.0006    0.0000 |
    5.490     0     0     0.0      0   5983 |   10  5491    0.0060    0.0006    0.0000 |
    5.500     0     0     0.0      0   5983 |   10  5501    0.0067    0.0007    0.0000 |
    5.510     0     0     0.0      0   5983 |   10  5511    0.0081    0.0008    0.0000 |
    5.520     0     0     0.0      0   5983 |   10  5521    0.0065    0.0006    0.0000 |
    5.530     0     0     0.0      0   5983 |   10  5531    0.0067    0.0007    0.0000 |
    5.540     0     0     0.0      0   5983 |   10  5541    0.0064    0.0006    0.0000 |
    5.550     0     0     0.0      0   5983 |   10  5551    0.0083    0.0008    0.0000 |
    5.560     0     0     0.0      0   5983 |   10  5561    0.0073    0.0007    0.0000 |
    5.570     0     0     0.0      0   5983 |   10  5571    0.0061    0.0006    0.0000 |
    5.580     0     0     0.0      0   5983 |   10  5581    0.0066    0.0007    0.0000 |
    5.590     0     0     0.0      0   5983 |   10  5591    0.0057    0.0006    0.0000 |
    5.600     0     0     0.0      0   5983 |   10  5601    0.0082    0.0008    0.0000 |
    5.610     0     0     0.0      0   5983 |   10  5611    0.0062    0.0006    0.0000 |
    5.620     0     0     0.0      0   5983 |   10  5621    0.0064    0.0006    0.0000 |
    5.630     0     0     0.0      0   5983 |   10  5631    0.0065    0.0006    0.0000 |
    5.640     0     0     0.0      0   5983 |   10  5641    0.0073    0.0007    0.0000 |
    5.650     0     0     0.0      0   5983 |   10  5651    0.0077    0.0008    0.0000 |
    5.660     0     0     0.0      0   5983 |   10  5661    0.0063    0.0006    0.0000 |
    5.670     0     0     0.0      0   5983 |   10  5671    0.0059    0.0006    0.0000 |
    5.680     0     0     0.0      0   5983 |   10  5681    0.0064    0.0006    0.0000 |
    5.690     0     0     0.0      0   5983 |   10  5691    0.0086    0.0009    0.0000 |
    5.700     0     0     0.0      0   5983 |   10  5701    0.0075    0.0008    0.0000 |
    5.710     0     0     0.0      0   5983 |   10  5711    0.0062    0.0006    0.0000 |
    5.720     0     0     0.0      0   5983 |   10  5721    0.0067    0.0007    0.0000 |
    5.730     0     0     0.0      0   5983 |   10  5731    0.0078    0.0008    0.0000 |
    5.740     0     0     0.0      0   5983 |   10  5741    0.0071    0.0007    0.0000 |
    5.750     0     0     0.0      0   5983 |   10  5751    0.0069    0.0007    0.0000 |
    5.760     0     0     0.0      0   5983 |   10  5761    0.0063    0.0006    0.0000 |
    5.770     0     0     0.0      0   5983 |   10  5771    0.0057    0.0006    0.0000 |
    5.780     0     0     0.0      0   5983 |   10  5781    0.0085    0.0008    0.0000 |
    5.790     0     0     0.0      0   5983 |   10  5791    0.0067    0.0007    0.0000 |
    5.800     0     0     0.0      0   5983 |   10  5801    0.0063    0.0006    0.0000 |
    5.810     0     0     0.0      0   5983 |   10  5811    0.0066    0.0007    0.0000 |
    5.820     0     0     0.0      0   5983 |   10  5821    0.0067    0.0007    0.0000 |
    5.830     0     0     0.0      0   5983 |   10  5831    0.0073    0.0007    0.0000 |
    5.840     0     0     0.0      0   5983 |   10  5841    0.0066    0.0007    0.0000 |
    5.850     0     0     0.0      0   5983 |   10  5851    0.0065    0.0006    0.0000 |
    5.860     0     0     0.0      0   5983 |   10  5861    0.0066    0.0007    0.0000 |
    5.870     0     0     0.0      0   5983 |   10  5871    0.0085    0.0009    0.0000 |
    5.880     0     0     0.0      0   5983 |   10  5881    0.0064    0.0006    0.0000 |
    5.890     0     0     0.0      0   5983 |   10  5891    0.0065    0.0006    0.0000 |
    5.900     0     0     0.0      0   5983 |   10  5901    0.0065    0.0006    0.0000 |
    5.910     0     0     0.0      0   5983 |   10  5911    0.0073    0.0007    0.0000 |
    5.920     0     0     0.0      0   5983 |   10  5921    0.0083    0.0008    0.0000 |
    5.930     0     0     0.0      0   5983 |   10  5931    0.0066    0.0007    0.0000 |
    5.940     0     0     0.0      0   5983 |   10  5941    0.0067    0.0007    0.0000 |
    5.950     0     0     0.0      0   5983 |   10  5951    0.0065    0.0007    0.0000 |
    5.960     0     0     0.0      0   5983 |   10  5961    0.0088    0.0009    0.0000 |
    5.970     0     0     0.0      0   5983 |   10  5971    0.0067    0.0007    0.0000 |
    5.980     0     0     0.0      0   5983 |   10  5981    0.0064    0.0006    0.0000 |
    5.990     0     0     0.0      0   5983 |   10  5991    0.0070    0.0007    0.0000 |
    6.000     0     0     0.0      0   5983 |   10  6001    0.0071    0.0007    0.0000 |
    6.010     0     0     0.0      0   5983 |   10  6011    0.0074    0.0007    0.0000 |
    6.020     0     0     0.0      0   5983 |   10  6021    0.0068    0.0007    0.0000 |
    6.030     0     0     0.0      0   5983 |   10  6031    0.0064    0.0006    0.0000 |
    6.040     0     0     0.0      0   5983 |   10  6041    0.0059    0.0006    0.0000 |
    6.050     0     0     0.0      0   5983 |   10  6051    0.0078    0.0008    0.0000 |
    6.060     0     0     0.0      0   5983 |   10  6061    0.0073    0.0007    0.0000 |
    6.070     0     0     0.0      0   5983 |   10  6071    0.0068    0.0007    0.0000 |
    6.080     0     0     0.0      0   5983 |   10  6081    0.0066    0.0007    0.0000 |
    6.090     0     0     0.0      0   5983 |   10  6091    0.0077    0.0008    0.0000 |
    6.100     0     0     0.0      0   5983 |   10  6101    0.0080    0.0008    0.0000 |
    6.110     0     0     0.0      0   5983 |   10  6111    0.0068    0.0007    0.0000 |
    6.120     0     0     0.0      0   5983 |   10  6121    0.0058    0.0006    0.0000 |
    6.130     0     0     0.0      0   5983 |   10  6131    0.0062    0.0006    0.0000 |
    6.140     0     1     0.1      1   5984 |   10  6141    0.0089    0.0009    0.0089 |
    6.150     0     0     0.0      0   5984 |   10  6151    0.0070    0.0007    0.0000 |
    6.160     0     0     0.0      0   5984 |   10  6161    0.0069    0.0007    0.0000 |
    6.170     0     0     0.0      0   5984 |   10  6171    0.0068    0.0007    0.0000 |
    6.180     0     0     0.0      0   5984 |   10  6181    0.0072    0.0007    0.0000 |
    6.190     0     0     0.0      0   5984 |   10  6191    0.0076    0.0008    0.0000 |
    6.200     0     0     0.0      0   5984 |   10  6201    0.0064    0.0006    0.0000 |
    6.210     0     0     0.0      0   5984 |   10  6211    0.0064    0.0006    0.0000 |
    6.220     0     0     0.0      0   5984 |   10  6221    0.0057    0.0006    0.0000 |
    6.230     0     0     0.0      0   5984 |   10  6231    0.0079    0.0008    0.0000 |
    6.240     0     1     0.1      1   5985 |   10  6241    0.0071    0.0007    0.0071 |
    6.250     0     0     0.0      0   5985 |   10  6251    0.0065    0.0006    0.0000 |
    6.260     0     0     0.0      0   5985 |   10  6261    0.0069    0.0007    0.0000 |
    6.270     0     0     0.0      0   5985 |   10  6271    0.0073    0.0007    0.0000 |
    6.280     0     0     0.0      0   5985 |   10  6281    0.0080    0.0008    0.0000 |
    6.290     0     0     0.0      0   5985 |   10  6291    0.0070    0.0007    0.0000 |
    6.300     0     0     0.0      0   5985 |   10  6301    0.0060    0.0006    0.0000 |
    6.310     0     0     0.0      0   5985 |   10  6311    0.0072    0.0007    0.0000 |
    6.320     0     0     0.0      0   5985 |   10  6321    0.0084    0.0008    0.0000 |
    6.330     0     0     0.0      0   5985 |   10  6331    0.0065    0.0006    0.0000 |
    6.340     0     0     0.0      0   5985 |   10  6341    0.0064    0.0006    0.0000 |
    6.350     0     0     0.0      0   5985 |   10  6351    0.0063    0.0006    0.0000 |
    6.360     0     1     0.1      1   5986 |   10  6361    0.0090    0.0009    0.0090 |
    6.370     0     0     0.0      0   5986 |   10  6371    0.0072    0.0007    0.0000 |
    6.380     0     0     0.0      0   5986 |   10  6381    0.0068    0.0007    0.0000 |
    6.390     0     0     0.0      0   5986 |   10  6391    0.0069    0.0007    0.0000 |
    6.400     0     0     0.0      0   5986 |   10  6401    0.0067    0.0007    0.0000 |
    6.410     0     0     0.0      0   5986 |   10  6411    0.0077    0.0008    0.0000 |
    6.420     0     0     0.0      0   5986 |   10  6421    0.0065    0.0007    0.0000 |
    6.430     0     0     0.0      0   5986 |   10  6431    0.0065    0.0007    0.0000 |
    6.440     0     0     0.0      0   5986 |   10  6441    0.0058    0.0006    0.0000 |
    6.450     0     0     0.0      0   5986 |   10  6451    0.0076    0.0008    0.0000 |
    6.460     0     0     0.0      0   5986 |   10  6461    0.0073    0.0007    0.0000 |
    6.470     0     1     0.1      1   5987 |   10  6471    0.0073    0.0007    0.0073 |
    6.480     0     0     0.0      0   5987 |   10  6481    0.0065    0.0007    0.0000 |
    6.490     0     0     0.0      0   5987 |   10  6491    0.0071    0.0007    0.0000 |
    6.500     0     0     0.0      0   5987 |   10  6501    0.0081    0.0008    0.0000 |
    6.510     0     0     0.0      0   5987 |   10  6511    0.0074    0.0007    0.0000 |
    6.520     0     1     0.1      1   5988 |   10  6521    0.0073    0.0007    0.0073 |
    6.530     0     0     0.0      0   5988 |   10  6531    0.0067    0.0007    0.0000 |
    6.540     0     0     0.0      0   5988 |   10  6541    0.0083    0.0008    0.0000 |
    6.550     0     0     0.0      0   5988 |   10  6551    0.0062    0.0006    0.0000 |
    6.560     0     0     0.0      0   5988 |   10  6561    0.0071    0.0007    0.0000 |
    6.570     0     0     0.0      0   5988 |   10  6571    0.0058    0.0006    0.0000 |
    6.580     0     1     0.1      1   5989 |   10  6581    0.0065    0.0006    0.0065 |
    6.590     0     0     0.0      0   5989 |   10  6591    0.0082    0.0008    0.0000 |
    6.600     0     0     0.0      0   5989 |   10  6601    0.0065    0.0006    0.0000 |
    6.610     0     0     0.0      0   5989 |   10  6611    0.0064    0.0006    0.0000 |
    6.620     0     0     0.0      0   5989 |   10  6621    0.0058    0.0006    0.0000 |
    6.630     0     0     0.0      0   5989 |   10  6631    0.0079    0.0008    0.0000 |
    6.640     0     0     0.0      0   5989 |   10  6641    0.0073    0.0007    0.0000 |
    6.650     0     0     0.0      0   5989 |   10  6651    0.0060    0.0006    0.0000 |
    6.660     0     0     0.0      0   5989 |   10  6661    0.0066    0.0007    0.0000 |
    6.670     0     0     0.0      0   5989 |   10  6671    0.0062    0.0006    0.0000 |
    6.680     0     0     0.0      0   5989 |   10  6681    0.0083    0.0008    0.0000 |
    6.690     0     0     0.0      0   5989 |   10  6691    0.0061    0.0006    0.0000 |
    6.700     0     0     0.0      0   5989 |   10  6701    0.0071    0.0007    0.0000 |
    6.710     0     0     0.0      0   5989 |   10  6711    0.0070    0.0007    0.0000 |
    6.720     0     1     0.1      1   5990 |   10  6721    0.0081    0.0008    0.0081 |
    6.730     0     0     0.0      0   5990 |   10  6731    0.0075    0.0008    0.0000 |
    6.740     0     0     0.0      0   5990 |   10  6741    0.0068    0.0007    0.0000 |
    6.750     0     0     0.0      0   5990 |   10  6751    0.0057    0.0006    0.0000 |
    6.760     0     0     0.0      0   5990 |   10  6761    0.0068    0.0007    0.0000 |
    6.770     0     0     0.0      0   5990 |   10  6771    0.0086    0.0009    0.0000 |
    6.780     0     0     0.0      0   5990 |   10  6781    0.0062    0.0006    0.0000 |
    6.790     0     1     0.1      1   5991 |   10  6791    0.0068    0.0007    0.0068 |
    6.800     0     0     0.0      0   5991 |   10  6801    0.0068    0.0007    0.0000 |
    6.810     0     0     0.0      0   5991 |   10  6811    0.0074    0.0007    0.0000 |
    6.820     0     0     0.0      0   5991 |   10  6821    0.0073    0.0007    0.0000 |
    6.830     0     0     0.0      0   5991 |   10  6831    0.0065    0.0006    0.0000 |
    6.840     0     0     0.0      0   5991 |   10  6841    0.0058    0.0006    0.0000 |
    6.850     0     0     0.0      0   5991 |   10  6851    0.0056    0.0006    0.0000 |
    6.860     0     0     0.0      0   5991 |   10  6861    0.0081    0.0008    0.0000 |
    6.870     0     0     0.0      0   5991 |   10  6871    0.0072    0.0007    0.0000 |
    6.880     0     1     0.1      1   5992 |   10  6881    0.0069    0.0007    0.0069 |
    6.890     0     0     0.0      0   5992 |   10  6891    0.0064    0.0006    0.0000 |
    6.900     0     0     0.0      0   5992 |   10  6901    0.0072    0.0007    0.0000 |
    6.910     0     0     0.0      0   5992 |   10  6911    0.0084    0.0008    0.0000 |
    6.920     0     0     0.0      0   5992 |   10  6921    0.0063    0.0006    0.0000 |
    6.930     0     0     0.0      0   5992 |   10  6931    0.0071    0.0007    0.0000 |
    6.940     0     0     0.0      0   5992 |   10  6941    0.0089    0.0009    0.0000 |
    6.950     0     1     0.1      1   5993 |   10  6951    0.0074    0.0007    0.0074 |
    6.960     0     0     0.0      0   5993 |   10  6961    0.0081    0.0008    0.0000 |
    6.970     0     0     0.0      0   5993 |   10  6971    0.0067    0.0007    0.0000 |
    6.980     0     0     0.0      0   5993 |   10  6981    0.0069    0.0007    0.0000 |
    6.990     0     0     0.0      0   5993 |   10  6991    0.0080    0.0008    0.0000 |
    7.000     0     0     0.0      0   5993 |   10  7001    0.0064    0.0006    0.0000 |
    7.010     0     0     0.0      0   5993 |   10  7011    0.0070    0.0007    0.0000 |
    7.020     0     0     0.0      0   5993 |   10  7021    0.0065    0.0006    0.0000 |
    7.030     0     1     0.1      1   5994 |   10  7031    0.0062    0.0006    0.0062 |
    7.040     0     0     0.0      0   5994 |   10  7041    0.0089    0.0009    0.0000 |
    7.050     0     0     0.0      0   5994 |   10  7051    0.0064    0.0006    0.0000 |
    7.060     0     0     0.0      0   5994 |   10  7061    0.0063    0.0006    0.0000 |
    7.070     0     1     0.1      1   5995 |   10  7071    0.0067    0.0007    0.0067 |
    7.080     0     0     0.0      0   5995 |   10  7081    0.0081    0.0008    0.0000 |
    7.090     0     0     0.0      0   5995 |   10  7091    0.0080    0.0008    0.0000 |
    7.100     0     0     0.0      0   5995 |   10  7101    0.0060    0.0006    0.0000 |
    7.110     0     0     0.0      0   5995 |   10  7111    0.0067    0.0007    0.0000 |
    7.120     0     0     0.0      0   5995 |   10  7121    0.0064    0.0006    0.0000 |
    7.130     0     0     0.0      0   5995 |   10  7131    0.0086    0.0009    0.0000 |
    7.140     0     0     0.0      0   5995 |   10  7141    0.0069    0.0007    0.0000 |
    7.150     0     0     0.0      0   5995 |   10  7151    0.0062    0.0006    0.0000 |
    7.160     0     1     0.1      1   5996 |   10  7161    0.0068    0.0007    0.0068 |
    7.170     0     0     0.0      0   5996 |   10  7171    0.0079    0.0008    0.0000 |
    7.180     0     0     0.0      0   5996 |   10  7181    0.0072    0.0007    0.0000 |
    7.190     0     0     0.0      0   5996 |   10  7191    0.0067    0.0007    0.0000 |
    7.200     0     0     0.0      0   5996 |   10  7201    0.0061    0.0006    0.0000 |
    7.210     0     0     0.0      0   5996 |   10  7211    0.0065    0.0007    0.0000 |
    7.220     0     0     0.0      0   5996 |   10  7221    0.0084    0.0008    0.0000 |
    7.230     0     0     0.0      0   5996 |   10  7231    0.0063    0.0006    0.0000 |
    7.240     0     0     0.0      0   5996 |   10  7241    0.0057    0.0006    0.0000 |
    7.250     0     0     0.0      0   5996 |   10  7251    0.0062    0.0006    0.0000 |
    7.260     0     1     0.1      1   5997 |   10  7261    0.0067    0.0007    0.0067 |
    7.270     0     0     0.0      0   5997 |   10  7271    0.0075    0.0008    0.0000 |
    7.280     0     0     0.0      0   5997 |   10  7281    0.0062    0.0006    0.0000 |
    7.290     0     0     0.0      0   5997 |   10  7291    0.0062    0.0006    0.0000 |
    7.300     0     0     0.0      0   5997 |   10  7301    0.0068    0.0007    0.0000 |
    7.310     0     0     0.0      0   5997 |   10  7311    0.0087    0.0009    0.0000 |
    7.320     0     0     0.0      0   5997 |   10  7321    0.0069    0.0007    0.0000 |
    7.330     0     1     0.1      1   5998 |   10  7331    0.0071    0.0007    0.0071 |
    7.340     0     0     0.0      0   5998 |   10  7341    0.0064    0.0006    0.0000 |
    7.350     0     0     0.0      0   5998 |   10  7351    0.0084    0.0008    0.0000 |
    7.360     0     0     0.0      0   5998 |   10  7361    0.0084    0.0008    0.0000 |
    7.370     0     1     0.1      1   5999 |   10  7371    0.0067    0.0007    0.0067 |
    7.380     0     0     0.0      0   5999 |   10  7381    0.0057    0.0006    0.0000 |
    7.390     0     0     0.0      0   5999 |   10  7391    0.0062    0.0006    0.0000 |
    7.400     0     0     0.0      0   5999 |   10  7401    0.0088    0.0009    0.0000 |
    7.410     0     0     0.0      0   5999 |   10  7411    0.0069    0.0007    0.0000 |
    7.420     0     1     0.1      1   6000 |   10  7421    0.0067    0.0007    0.0067 |
    7.430     0     0     0.0      0   6000 |   10  7431    0.0069    0.0007    0.0000 |
    7.440     0     0     0.0      0   6000 |   10  7441    0.0070    0.0007    0.0000 |
    7.450     0     0     0.0      0   6000 |   10  7451    0.0074    0.0007    0.0000 |
    7.460     0     0     0.0      0   6000 |   10  7461    0.0075    0.0007    0.0000 |
    7.470     0     1     0.1      1   6001 |   10  7471    0.0068    0.0007    0.0068 |
    7.480     0     0     0.0      0   6001 |   10  7481    0.0059    0.0006    0.0000 |
    7.490     0     0     0.0      0   6001 |   10  7491    0.0085    0.0008    0.0000 |
    7.500     0     0     0.0      0   6001 |   10  7501    0.0080    0.0008    0.0000 |
    7.510     0     0     0.0      0   6001 |   10  7511    0.0067    0.0007    0.0000 |
    7.520     0     0     0.0      0   6001 |   10  7521    0.0063    0.0006    0.0000 |
    7.530     0     1     0.1      1   6002 |   10  7531    0.0080    0.0008    0.0080 |
    7.540     0     0     0.0      0   6002 |   10  7541    0.0067    0.0007    0.0000 |
    7.550     0     0     0.0      0   6002 |   10  7551    0.0067    0.0007    0.0000 |
    7.560     0     0     0.0      0   6002 |   10  7561    0.0065    0.0006    0.0000 |
    7.570     0     1     0.1      1   6003 |   10  7571    0.0070    0.0007    0.0070 |
    7.580     0     0     0.0      0   6003 |   10  7581    0.0079    0.0008    0.0000 |
    7.590     0     0     0.0      0   6003 |   10  7591    0.0064    0.0006    0.0000 |
    7.600     0     0     0.0      0   6003 |   10  7601    0.0072    0.0007    0.0000 |
    7.610     0     0     0.0      0   6003 |   10  7611    0.0064    0.0006    0.0000 |
    7.620     0     1     0.1      1   6004 |   10  7621    0.0085    0.0009    0.0085 |
    7.630     0     0     0.0      0   6004 |   10  7631    0.0066    0.0007    0.0000 |
    7.640     0     0     0.0      0   6004 |   10  7641    0.0061    0.0006    0.0000 |
    7.650     0     0     0.0      0   6004 |   10  7651    0.0072    0.0007    0.0000 |
    7.660     0     1     0.1      1   6005 |   10  7661    0.0064    0.0006    0.0064 |
    7.670     0     0     0.0      0   6005 |   10  7671    0.0077    0.0008    0.0000 |
    7.680     0     0     0.0      0   6005 |   10  7681    0.0063    0.0006    0.0000 |
    7.690     0     0     0.0      0   6005 |   10  7691    0.0064    0.0006    0.0000 |
    7.700     0     0     0.0      0   6005 |   10  7701    0.0066    0.0007    0.0000 |
    7.710     0     0     0.0      0   6005 |   10  7711    0.0089    0.0009    0.0000 |
    7.720     0     1     0.1      1   6006 |   10  7721    0.0061    0.0006    0.0061 |
    7.730     0     0     0.0      0   6006 |   10  7731    0.0066    0.0007    0.0000 |
    7.740     0     0     0.0      0   6006 |   10  7741    0.0064    0.0006    0.0000 |
    7.750     0     0     0.0      0   6006 |   10  7751    0.0065    0.0006    0.0000 |
    7.760     0     0     0.0      0   6006 |   10  7761    0.0084    0.0008    0.0000 |
    7.770     0     1     0.1      1   6007 |   10  7771    0.0068    0.0007    0.0068 |
    7.780     0     0     0.0      0   6007 |   10  7781    0.0065    0.0007    0.0000 |
    7.790     0     0     0.0      0   6007 |   10  7791    0.0067    0.0007    0.0000 |
    7.800     0     0     0.0      0   6007 |   10  7801    0.0089    0.0009    0.0000 |
    7.810     0     0     0.0      0   6007 |   10  7811    0.0066    0.0007    0.0000 |
    7.820     0     1     0.1      1   6008 |   10  7821    0.0062    0.0006    0.0062 |
    7.830     0     0     0.0      0   6008 |   10  7831    0.0068    0.0007    0.0000 |
    7.840     0     0     0.0      0   6008 |   10  7841    0.0071    0.0007    0.0000 |
    7.850     0     1     0.1      1   6009 |   10  7851    0.0083    0.0008    0.0083 |
    7.860     0     0     0.0      0   6009 |   10  7861    0.0061    0.0006    0.0000 |
    7.870     0     0     0.0      0   6009 |   10  7871    0.0067    0.0007    0.0000 |
    7.880     0     0     0.0      0   6009 |   10  7881    0.0058    0.0006    0.0000 |
    7.890     0     0     0.0      0   6009 |   10  7891    0.0081    0.0008    0.0000 |
    7.900     0     1     0.1      1   6010 |   10  7901    0.0075    0.0008    0.0075 |
    7.910     0     0     0.0      0   6010 |   10  7911    0.0063    0.0006    0.0000 |
    7.920     0     0     0.0      0   6010 |   10  7921    0.0067    0.0007    0.0000 |
    7.930     0     0     0.0      0   6010 |   10  7931    0.0072    0.0007    0.0000 |
    7.940     0     1     0.1      1   6011 |   10  7941    0.0081    0.0008    0.0081 |
    7.950     0     0     0.0      0   6011 |   10  7951    0.0063    0.0006    0.0000 |
    7.960     0     0     0.0      0   6011 |   10  7961    0.0068    0.0007    0.0000 |
    7.970     0     0     0.0      0   6011 |   10  7971    0.0071    0.0007    0.0000 |
    7.980     0     0     0.0      0   6011 |   10  7981    0.0083    0.0008    0.0000 |
    7.990     0     0     0.0      0   6011 |   10  7991    0.0068    0.0007    0.0000 |
    8.000     0     0     0.0      0   6011 |   10  8001    0.0067    0.0007    0.0000 |
    8.010     0     1     0.1      1   6012 |   10  8011    0.0074    0.0007    0.0074 |
    8.020     0     0     0.0      0   6012 |   10  8021    0.0084    0.0008    0.0000 |
    8.030     0     0     0.0      0   6012 |   10  8031    0.0072    0.0007    0.0000 |
    8.040     0     1     0.1      1   6013 |   10  8041    0.0069    0.0007    0.0069 |
    8.050     0     0     0.0      0   6013 |   10  8051    0.0057    0.0006    0.0000 |
    8.060     0     0     0.0      0   6013 |   10  8061    0.0065    0.0006    0.0000 |
    8.070     0     0     0.0      0   6013 |   10  8071    0.0082    0.0008    0.0000 |
    8.080     0     0     0.0      0   6013 |   10  8081    0.0065    0.0007    0.0000 |
    8.090     0     0     0.0      0   6013 |   10  8091    0.0064    0.0006    0.0000 |
    8.100     0     0     0.0      0   6013 |   10  8101    0.0058    0.0006    0.0000 |
    8.110     0     1     0.1      1   6014 |   10  8111    0.0077    0.0008    0.0077 |
    8.120     0     0     0.0      0   6014 |   10  8121    0.0074    0.0007    0.0000 |
    8.130     0     0     0.0      0   6014 |   10  8131    0.0067    0.0007    0.0000 |
    8.140     0     0     0.0      0   6014 |   10  8141    0.0069    0.0007    0.0000 |
    8.150     0     0     0.0      0   6014 |   10  8151    0.0067    0.0007    0.0000 |
    8.160     0     1     0.1      1   6015 |   10  8161    0.0086    0.0009    0.0086 |
    8.170     0     0     0.0      0   6015 |   10  8171    0.0066    0.0007    0.0000 |
    8.180     0     0     0.0      0   6015 |   10  8181    0.0057    0.0006    0.0000 |
    8.190     0     0     0.0      0   6015 |   10  8191    0.0072    0.0007    0.0000 |
    8.200     0     1     0.1      1   6016 |   10  8201    0.0081    0.0008    0.0081 |
    8.210     0     0     0.0      0   6016 |   10  8211    0.0071    0.0007    0.0000 |
    8.220     0     0     0.0      0   6016 |   10  8221    0.0066    0.0007    0.0000 |
    8.230     0     0     0.0      0   6016 |   10  8231    0.0063    0.0006    0.0000 |
    8.240     0     1     0.1      1   6017 |   10  8241    0.0073    0.0007    0.0073 |
    8.250     0     0     0.0      0   6017 |   10  8251    0.0082    0.0008    0.0000 |
    8.260     0     0     0.0      0   6017 |   10  8261    0.0060    0.0006    0.0000 |
    8.270     0     0     0.0      0   6017 |   10  8271    0.0066    0.0007    0.0000 |
    8.280     0     0     0.0      0   6017 |   10  8281    0.0054    0.0005    0.0000 |
    8.290     0     0     0.0      0   6017 |   10  8291    0.0083    0.0008    0.0000 |
    8.300     0     0     0.0      0   6017 |   10  8301    0.0078    0.0008    0.0000 |
    8.310     0     1     0.1      1   6018 |   10  8311    0.0069    0.0007    0.0069 |
    8.320     0     0     0.0      0   6018 |   10  8321    0.0066    0.0007    0.0000 |
    8.330     0     0     0.0      0   6018 |   10  8331    0.0064    0.0006    0.0000 |
    8.340     0     0     0.0      0   6018 |   10  8341    0.0085    0.0009    0.0000 |
    8.350     0     1     0.1      1   6019 |   10  8351    0.0070    0.0007    0.0070 |
    8.360     0     1     0.1      1   6020 |   10  8361    0.0067    0.0007    0.0067 |
    8.370     0     1     0.1      1   6021 |   10  8371    0.0069    0.0007    0.0069 |
    8.380     0     0     0.0      0   6021 |   10  8381    0.0079    0.0008    0.0000 |
    8.390     0     0     0.0      0   6021 |   10  8391    0.0070    0.0007    0.0000 |
    8.400     0     0     0.0      0   6021 |   10  8401    0.0070    0.0007    0.0000 |
    8.410     0     0     0.0      0   6021 |   10  8411    0.0066    0.0007    0.0000 |
    8.420     0     1     0.1      1   6022 |   10  8421    0.0086    0.0009    0.0086 |
    8.430     0     0     0.0      0   6022 |   10  8431    0.0085    0.0008    0.0000 |
    8.440     0     0     0.0      0   6022 |   10  8441    0.0088    0.0009    0.0000 |
    8.450     0     0     0.0      0   6022 |   10  8451    0.0068    0.0007    0.0000 |
    8.460     0     0     0.0      0   6022 |   10  8461    0.0077    0.0008    0.0000 |
    8.470     0     0     0.0      0   6022 |   10  8471    0.0065    0.0007    0.0000 |
    8.480     0     0     0.0      0   6022 |   10  8481    0.0062    0.0006    0.0000 |
    8.490     0     0     0.0      0   6022 |   10  8491    0.0065    0.0006    0.0000 |
    8.500     0     1     0.1      1   6023 |   10  8501    0.0058    0.0006    0.0058 |
    8.510     0     0     0.0      0   6023 |   10  8511    0.0083    0.0008    0.0000 |
    8.520     0     0     0.0      0   6023 |   10  8521    0.0071    0.0007    0.0000 |
    8.530     0     0     0.0      0   6023 |   10  8531    0.0069    0.0007    0.0000 |
    8.540     0     0     0.0      0   6023 |   10  8541    0.0065    0.0006    0.0000 |
    8.550     0     0     0.0      0   6023 |   10  8551    0.0055    0.0005    0.0000 |
    8.560     0     0     0.0      0   6023 |   10  8561    0.0084    0.0008    0.0000 |
    8.570     0     0     0.0      0   6023 |   10  8571    0.0076    0.0008    0.0000 |
    8.580     0     1     0.1      1   6024 |   10  8581    0.0067    0.0007    0.0067 |
    8.590     0     0     0.0      0   6024 |   10  8591    0.0063    0.0006    0.0000 |
    8.600     0     0     0.0      0   6024 |   10  8601    0.0075    0.0007    0.0000 |
    8.610     0     0     0.0      0   6024 |   10  8611    0.0069    0.0007    0.0000 |
    8.620     0     0     0.0      0   6024 |   10  8621    0.0071    0.0007    0.0000 |
    8.630     0     1     0.1      1   6025 |   10  8631    0.0063    0.0006    0.0063 |
    8.640     0     0     0.0      0   6025 |   10  8641    0.0070    0.0007    0.0000 |
    8.650     0     0     0.0      0   6025 |   10  8651    0.0078    0.0008    0.0000 |
    8.660     0     0     0.0      0   6025 |   10  8661    0.0065    0.0006    0.0000 |
    8.670     0     0     0.0      0   6025 |   10  8671    0.0065    0.0007    0.0000 |
    8.680     0     0     0.0      0   6025 |   10  8681    0.0064    0.0006    0.0000 |
    8.690     0     1     0.1      1   6026 |   10  8691    0.0093    0.0009    0.0093 |
    8.700     0     0     0.0      0   6026 |   10  8701    0.0066    0.0007    0.0000 |
    8.710     0     0     0.0      0   6026 |   10  8711    0.0062    0.0006    0.0000 |
    8.720     0     0     0.0      0   6026 |   10  8721    0.0065    0.0007    0.0000 |
    8.730     0     1     0.1      1   6027 |   10  8731    0.0068    0.0007    0.0068 |
    8.740     0     0     0.0      0   6027 |   10  8741    0.0082    0.0008    0.0000 |
    8.750     0     0     0.0      0   6027 |   10  8751    0.0062    0.0006    0.0000 |
    8.760     0     0     0.0      0   6027 |   10  8761    0.0064    0.0006    0.0000 |
    8.770     0     0     0.0      0   6027 |   10  8771    0.0067    0.0007    0.0000 |
    8.780     0     1     0.1      1   6028 |   10  8781    0.0079    0.0008    0.0079 |
    8.790     0     0     0.0      0   6028 |   10  8791    0.0074    0.0007    0.0000 |
    8.800     0     0     0.0      0   6028 |   10  8801    0.0062    0.0006    0.0000 |
    8.810     0     0     0.0      0   6028 |   10  8811    0.0065    0.0007    0.0000 |
    8.820     0     0     0.0      0   6028 |   10  8821    0.0068    0.0007    0.0000 |
    8.830     0     1     0.1      1   6029 |   10  8831    0.0090    0.0009    0.0090 |
    8.840     0     0     0.0      0   6029 |   10  8841    0.0069    0.0007    0.0000 |
    8.850     0     0     0.0      0   6029 |   10  8851    0.0057    0.0006    0.0000 |
    8.860     0     0     0.0      0   6029 |   10  8861    0.0061    0.0006    0.0000 |
    8.870     0     0     0.0      0   6029 |   10  8871    0.0076    0.0008    0.0000 |
    8.880     0     1     0.1      1   6030 |   10  8881    0.0069    0.0007    0.0069 |
    8.890     0     0     0.0      0   6030 |   10  8891    0.0065    0.0006    0.0000 |
    8.900     0     0     0.0      0   6030 |   10  8901    0.0056    0.0006    0.0000 |
    8.910     0     0     0.0      0   6030 |   10  8911    0.0056    0.0006    0.0000 |
    8.920     0     0     0.0      0   6030 |   10  8921    0.0078    0.0008    0.0000 |
    8.930     0     1     0.1      1   6031 |   10  8931    0.0070    0.0007    0.0070 |
    8.940     0     0     0.0      0   6031 |   10  8941    0.0065    0.0007    0.0000 |
    8.950     0     0     0.0      0   6031 |   10  8951    0.0066    0.0007    0.0000 |
    8.960     0     0     0.0      0   6031 |   10  8961    0.0069    0.0007    0.0000 |
    8.970     0     0     0.0      0   6031 |   10  8971    0.0080    0.0008    0.0000 |
    8.980     0     0     0.0      0   6031 |   10  8981    0.0066    0.0007    0.0000 |
    8.990     0     1     0.1      1   6032 |   10  8991    0.0069    0.0007    0.0069 |
    9.000     0     0     0.0      0   6032 |   10  9001    0.0068    0.0007    0.0000 |
    9.010     0     0     0.0      0   6032 |   10  9011    0.0082    0.0008    0.0000 |
    9.020     0     0     0.0      0   6032 |   10  9021    0.0071    0.0007    0.0000 |
    9.030     0     0     0.0      0   6032 |   10  9031    0.0072    0.0007    0.0000 |
    9.040     0     1     0.1      1   6033 |   10  9041    0.0074    0.0007    0.0074 |
    9.050     0     0     0.0      0   6033 |   10  9051    0.0071    0.0007    0.0000 |
    9.060     0     0     0.0      0   6033 |   10  9061    0.0074    0.0007    0.0000 |
    9.070     0     0     0.0      0   6033 |   10  9071    0.0069    0.0007    0.0000 |
    9.080     0     0     0.0      0   6033 |   10  9081    0.0063    0.0006    0.0000 |
    9.090     0     0     0.0      0   6033 |   10  9091    0.0066    0.0007    0.0000 |
    9.100     0     0     0.0      0   6033 |   10  9101    0.0080    0.0008    0.0000 |
    9.110     0     1     0.1      1   6034 |   10  9111    0.0067    0.0007    0.0067 |
    9.120     0     0     0.0      0   6034 |   10  9121    0.0069    0.0007    0.0000 |
    9.130     0     0     0.0      0   6034 |   10  9131    0.0054    0.0005    0.0000 |
    9.140     0     0     0.0      0   6034 |   10  9141    0.0068    0.0007    0.0000 |
    9.150     0     0     0.0      0   6034 |   10  9151    0.0085    0.0008    0.0000 |
    9.160     0     0     0.0      0   6034 |   10  9161    0.0067    0.0007    0.0000 |
    9.170     0     0     0.0      0   6034 |   10  9171    0.0062    0.0006    0.0000 |
    9.180     0     1     0.1      1   6035 |   10  9181    0.0071    0.0007    0.0071 |
    9.190     0     0     0.0      0   6035 |   10  9191    0.0083    0.0008    0.0000 |
    9.200     0     0     0.0      0   6035 |   10  9201    0.0068    0.0007    0.0000 |
    9.210     0     0     0.0      0   6035 |   10  9211    0.0064    0.0006    0.0000 |
    9.220     0     0     0.0      0   6035 |   10  9221    0.0063    0.0006    0.0000 |
    9.230     0     0     0.0      0   6035 |   10  9231    0.0075    0.0008    0.0000 |
    9.240     0     1     0.1      1   6036 |   10  9241    0.0088    0.0009    0.0088 |
    9.250     0     0     0.0      0   6036 |   10  9251    0.0065    0.0006    0.0000 |
    9.260     0     0     0.0      0   6036 |   10  9261    0.0069    0.0007    0.0000 |
    9.270     0     0     0.0      0   6036 |   10  9271    0.0061    0.0006    0.0000 |
    9.280     0     0     0.0      0   6036 |   10  9281    0.0085    0.0009    0.0000 |
    9.290     0     1     0.1      1   6037 |   10  9291    0.0066    0.0007    0.0066 |
    9.300     0     0     0.0      0   6037 |   10  9301    0.0062    0.0006    0.0000 |
    9.310     0     0     0.0      0   6037 |   10  9311    0.0059    0.0006    0.0000 |
    9.320     0     0     0.0      0   6037 |   10  9321    0.0066    0.0007    0.0000 |
    9.330     0     0     0.0      0   6037 |   10  9331    0.0084    0.0008    0.0000 |
    9.340     0     1     0.1      1   6038 |   10  9341    0.0062    0.0006    0.0062 |
    9.350     0     0     0.0      0   6038 |   10  9351    0.0071    0.0007    0.0000 |
    9.360     0     0     0.0      0   6038 |   10  9361    0.0064    0.0006    0.0000 |
    9.370     0     0     0.0      0   6038 |   10  9371    0.0067    0.0007    0.0000 |
    9.380     0     0     0.0      0   6038 |   10  9381    0.0078    0.0008    0.0000 |
    9.390     0     0     0.0      0   6038 |   10  9391    0.0063    0.0006    0.0000 |
    9.400     0     0     0.0      0   6038 |   10  9401    0.0068    0.0007    0.0000 |
    9.410     0     1     0.1      1   6039 |   10  9411    0.0065    0.0007    0.0065 |
    9.420     0     0     0.0      0   6039 |   10  9421    0.0089    0.0009    0.0000 |
    9.430     0     0     0.0      0   6039 |   10  9431    0.0069    0.0007    0.0000 |
    9.440     0     0     0.0      0   6039 |   10  9441    0.0060    0.0006    0.0000 |
    9.450     0     0     0.0      0   6039 |   10  9451    0.0067    0.0007    0.0000 |
    9.460     0     0     0.0      0   6039 |   10  9461    0.0071    0.0007    0.0000 |
    9.470     0     1     0.1      1   6040 |   10  9471    0.0081    0.0008    0.0081 |
    9.480     0     0     0.0      0   6040 |   10  9481    0.0080    0.0008    0.0000 |
    9.490     0     0     0.0      0   6040 |   10  9491    0.0061    0.0006    0.0000 |
    9.500     0     0     0.0      0   6040 |   10  9501    0.0072    0.0007    0.0000 |
    9.510     0     0     0.0      0   6040 |   10  9511    0.0088    0.0009    0.0000 |
    9.520     0     1     0.1      1   6041 |   10  9521    0.0065    0.0006    0.0065 |
    9.530     0     0     0.0      0   6041 |   10  9531    0.0057    0.0006    0.0000 |
    9.540     0     0     0.0      0   6041 |   10  9541    0.0057    0.0006    0.0000 |
    9.550     0     0     0.0      0   6041 |   10  9551    0.0075    0.0007    0.0000 |
    9.560     0     0     0.0      0   6041 |   10  9561    0.0069    0.0007    0.0000 |
    9.570     0     1     0.1      1   6042 |   10  9571    0.0064    0.0006    0.0064 |
    9.580     0     0     0.0      0   6042 |   10  9581    0.0067    0.0007    0.0000 |
    9.590     0     0     0.0      0   6042 |   10  9591    0.0069    0.0007    0.0000 |
    9.600     0     0     0.0      0   6042 |   10  9601    0.0079    0.0008    0.0000 |
    9.610     0     0     0.0      0   6042 |   10  9611    0.0063    0.0006    0.0000 |
    9.620     0     1     0.1      1   6043 |   10  9621    0.0071    0.0007    0.0071 |
    9.630     0     0     0.0      0   6043 |   10  9631    0.0062    0.0006    0.0000 |
    9.640     0     0     0.0      0   6043 |   10  9641    0.0094    0.0009    0.0000 |
    9.650     0     0     0.0      0   6043 |   10  9651    0.0071    0.0007    0.0000 |
    9.660     0     1     0.1      1   6044 |   10  9661    0.0068    0.0007    0.0068 |
    9.670     0     0     0.0      0   6044 |   10  9671    0.0056    0.0006    0.0000 |
    9.680     0     0     0.0      0   6044 |   10  9681    0.0067    0.0007    0.0000 |
    9.690     0     0     0.0      0   6044 |   10  9691    0.0087    0.0009    0.0000 |
    9.700     0     0     0.0      0   6044 |   10  9701    0.0069    0.0007    0.0000 |
    9.710     0     1     0.1      1   6045 |   10  9711    0.0060    0.0006    0.0060 |
    9.720     0     0     0.0      0   6045 |   10  9721    0.0069    0.0007    0.0000 |
    9.730     0     0     0.0      0   6045 |   10  9731    0.0078    0.0008    0.0000 |
    9.740     0     0     0.0      0   6045 |   10  9741    0.0068    0.0007    0.0000 |
    9.750     0     0     0.0      0   6045 |   10  9751    0.0067    0.0007    0.0000 |
    9.760     0     1     0.1      1   6046 |   10  9761    0.0067    0.0007    0.0067 |
    9.770     0     0     0.0      0   6046 |   10  9771    0.0074    0.0007    0.0000 |
    9.780     0     0     0.0      0   6046 |   10  9781    0.0076    0.0008    0.0000 |
    9.790     0     0     0.0      0   6046 |   10  9791    0.0067    0.0007    0.0000 |
    9.800     0     0     0.0      0   6046 |   10  9801    0.0066    0.0007    0.0000 |
    9.810     0     1     0.1      1   6047 |   10  9811    0.0068    0.0007    0.0068 |
    9.820     0     0     0.0      0   6047 |   10  9821    0.0087    0.0009    0.0000 |
    9.830     0     0     0.0      0   6047 |   10  9831    0.0062    0.0006    0.0000 |
    9.840     0     0     0.0      0   6047 |   10  9841    0.0077    0.0008    0.0000 |
    9.850     0     0     0.0      0   6047 |   10  9851    0.0067    0.0007    0.0000 |
    9.860     0     0     0.0      0   6047 |   10  9861    0.0072    0.0007    0.0000 |
    9.870     0     1     0.1      1   6048 |   10  9871    0.0078    0.0008    0.0078 |
    9.880     0     0     0.0      0   6048 |   10  9881    0.0067    0.0007    0.0000 |
    9.890     0     0     0.0      0   6048 |   10  9891    0.0064    0.0006    0.0000 |
    9.900     0     0     0.0      0   6048 |   10  9901    0.0069    0.0007    0.0000 |
    9.910     0     1     0.1      1   6049 |   10  9911    0.0086    0.0009    0.0086 |
    9.920     0     0     0.0      0   6049 |   10  9921    0.0065    0.0007    0.0000 |
    9.930     0     0     0.0      0   6049 |   10  9931    0.0067    0.0007    0.0000 |
    9.940     0     0     0.0      0   6049 |   10  9941    0.0070    0.0007    0.0000 |
    9.950     0     0     0.0      0   6049 |   10  9951    0.0073    0.0007    0.0000 |
    9.960     0     1     0.1      1   6050 |   10  9961    0.0078    0.0008    0.0078 |
    9.970     0     0     0.0      0   6050 |   10  9971    0.0088    0.0009    0.0000 |
    9.980     0     0     0.0      0   6050 |   10  9981    0.0074    0.0007    0.0000 |
    9.990     0     0     0.0      0   6050 |   10  9991    0.0069    0.0007    0.0000 |
   10.000     0     0     0.0      0   6050 |   10 10001    0.0079    0.0008    0.0000 |
