          ----- ----- -------  -----  ----- | ---- ----- --------- --------- --------- |
          mn it mx it  avg it    its  ttits |   ss    ts        st      stps     stpit |
    0.000     0     0     0.0      0      0 |    1     1    0.0000    0.0000    0.0000 |
    0.010     0     0     0.0      0      0 |   10    11    0.0017    0.0002    0.0000 |
    0.020     0     0     0.0      0      0 |   10    21    0.0012    0.0001    0.0000 |
    0.030     0     0     0.0      0      0 |   10    31    0.0014    0.0001    0.0000 |
    0.040     0     0     0.0      0      0 |   10    41    0.0015    0.0001    0.0000 |
    0.050     0     0     0.0      0      0 |   10    51    0.0013    0.0001    0.0000 |
    0.060     0     0     0.0      0      0 |   10    61    0.0011    0.0001    0.0000 |
    0.070     0     0     0.0      0      0 |   10    71    0.0014    0.0001    0.0000 |
    0.080     0     0     0.0      0      0 |   10    81    0.0011    0.0001    0.0000 |
    0.090     0     0     0.0      0      0 |   10    91    0.0013    0.0001    0.0000 |
    0.100     0     0     0.0      0      0 |   10   101    0.0011    0.0001    0.0000 |
    0.110     0     0     0.0      0      0 |   10   111    0.0012    0.0001    0.0000 |
    0.120     0     0     0.0      0      0 |   10   121    0.0012    0.0001    0.0000 |
    0.130     0     0     0.0      0      0 |   10   131    0.0010    0.0001    0.0000 |
    0.140     0     0     0.0      0      0 |   10   141    0.0011    0.0001    0.0000 |
    0.150     0     0     0.0      0      0 |   10   151    0.0013    0.0001    0.0000 |
    0.160     0     0     0.0      0      0 |   10   161    0.0013    0.0001    0.0000 |
    0.170     0     0     0.0      0      0 |   10   171    0.0009    0.0001    0.0000 |
    0.180     0     0     0.0      0      0 |   10   181    0.0009    0.0001    0.0000 |
    0.190     0     0     0.0      0      0 |   10   191    0.0013    0.0001    0.0000 |
    0.200     0     0     0.0      0      0 |   10   201    0.0010    0.0001    0.0000 |
    0.210     0     0     0.0      0      0 |   10   211    0.0007    0.0001    0.0000 |
    0.220     0     0     0.0      0      0 |   10   221    0.0009    0.0001    0.0000 |
    0.230     0     0     0.0      0      0 |   10   231    0.0008    0.0001    0.0000 |
    0.240     0     0     0.0      0      0 |   10   241    0.0012    0.0001    0.0000 |
    0.250     0     0     0.0      0      0 |   10   251    0.0008    0.0001    0.0000 |
    0.260     0     0     0.0      0      0 |   10   261    0.0011    0.0001    0.0000 |
    0.270     0     0     0.0      0      0 |   10   271    0.0009    0.0001    0.0000 |
    0.280     0     0     0.0      0      0 |   10   281    0.0009    0.0001    0.0000 |
    0.290     0     0     0.0      0      0 |   10   291    0.0013    0.0001    0.0000 |
    0.300     0     0     0.0      0      0 |   10   301    0.0008    0.0001    0.0000 |
    0.310     0     0     0.0      0      0 |   10   311    0.0010    0.0001    0.0000 |
    0.320     0     0     0.0      0      0 |   10   321    0.0012    0.0001    0.0000 |
    0.330     0     0     0.0      0      0 |   10   331    0.0010    0.0001    0.0000 |
    0.340     0     0     0.0      0      0 |   10   341    0.0010    0.0001    0.0000 |
    0.350     0     0     0.0      0      0 |   10   351    0.0008    0.0001    0.0000 |
    0.360     0     0     0.0      0      0 |   10   361    0.0008    0.0001    0.0000 |
    0.370     0     0     0.0      0      0 |   10   371    0.0009    0.0001    0.0000 |
    0.380     0     0     0.0      0      0 |   10   381    0.0010    0.0001    0.0000 |
    0.390     0     0     0.0      0      0 |   10   391    0.0007    0.0001    0.0000 |
    0.400     0     0     0.0      0      0 |   10   401    0.0009    0.0001    0.0000 |
    0.410     0     0     0.0      0      0 |   10   411    0.0008    0.0001    0.0000 |
    0.420     0     0     0.0      0      0 |   10   421    0.0007    0.0001    0.0000 |
    0.430     0     0     0.0      0      0 |   10   431    0.0010    0.0001    0.0000 |
    0.440     0     0     0.0      0      0 |   10   441    0.0010    0.0001    0.0000 |
    0.450     0     0     0.0      0      0 |   10   451    0.0008    0.0001    0.0000 |
    0.460     0     0     0.0      0      0 |   10   461    0.0008    0.0001    0.0000 |
    0.470     0     0     0.0      0      0 |   10   471    0.0008    0.0001    0.0000 |
    0.480     0     0     0.0      0      0 |   10   481    0.0012    0.0001    0.0000 |
    0.490     0     0     0.0      0      0 |   10   491    0.0008    0.0001    0.0000 |
    0.500     0     0     0.0      0      0 |   10   501    0.0008    0.0001    0.0000 |
    0.510     0     0     0.0      0      0 |   10   511    0.0007    0.0001    0.0000 |
    0.520     0     0     0.0      0      0 |   10   521    0.0007    0.0001    0.0000 |
    0.530     0     0     0.0      0      0 |   10   531    0.0010    0.0001    0.0000 |
    0.540     0     0     0.0      0      0 |   10   541    0.0009    0.0001    0.0000 |
    0.550     0     0     0.0      0      0 |   10   551    0.0009    0.0001    0.0000 |
    0.560     0     0     0.0      0      0 |   10   561    0.0008    0.0001    0.0000 |
    0.570     0     0     0.0      0      0 |   10   571    0.0009    0.0001    0.0000 |
    0.580     0     0     0.0      0      0 |   10   581    0.0011    0.0001    0.0000 |
    0.590     0     0     0.0      0      0 |   10   591    0.0012    0.0001    0.0000 |
    0.600     0     0     0.0      0      0 |   10   601    0.0008    0.0001    0.0000 |
    0.610     0     0     0.0      0      0 |   10   611    0.0009    0.0001    0.0000 |
    0.620     0     0     0.0      0      0 |   10   621    0.0008    0.0001    0.0000 |
    0.630     0     0     0.0      0      0 |   10   631    0.0010    0.0001    0.0000 |
    0.640     0     0     0.0      0      0 |   10   641    0.0009    0.0001    0.0000 |
    0.650     0     0     0.0      0      0 |   10   651    0.0009    0.0001    0.0000 |
    0.660     0     0     0.0      0      0 |   10   661    0.0007    0.0001    0.0000 |
    0.670     0     0     0.0      0      0 |   10   671    0.0009    0.0001    0.0000 |
    0.680     0     0     0.0      0      0 |   10   681    0.0010    0.0001    0.0000 |
    0.690     0     0     0.0      0      0 |   10   691    0.0009    0.0001    0.0000 |
    0.700     0     0     0.0      0      0 |   10   701    0.0008    0.0001    0.0000 |
    0.710     0     0     0.0      0      0 |   10   711    0.0009    0.0001    0.0000 |
    0.720     0     0     0.0      0      0 |   10   721    0.0008    0.0001    0.0000 |
    0.730     0     0     0.0      0      0 |   10   731    0.0011    0.0001    0.0000 |
    0.740     0     0     0.0      0      0 |   10   741    0.0009    0.0001    0.0000 |
    0.750     0     0     0.0      0      0 |   10   751    0.0008    0.0001    0.0000 |
    0.760     0     0     0.0      0      0 |   10   761    0.0009    0.0001    0.0000 |
    0.770     0     0     0.0      0      0 |   10   771    0.0008    0.0001    0.0000 |
    0.780     0     0     0.0      0      0 |   10   781    0.0011    0.0001    0.0000 |
    0.790     0     0     0.0      0      0 |   10   791    0.0008    0.0001    0.0000 |
    0.800     0     0     0.0      0      0 |   10   801    0.0008    0.0001    0.0000 |
    0.810     0     0     0.0      0      0 |   10   811    0.0008    0.0001    0.0000 |
    0.820     0     0     0.0      0      0 |   10   821    0.0009    0.0001    0.0000 |
    0.830     0     0     0.0      0      0 |   10   831    0.0012    0.0001    0.0000 |
    0.840     0     0     0.0      0      0 |   10   841    0.0011    0.0001    0.0000 |
    0.850     0     0     0.0      0      0 |   10   851    0.0007    0.0001    0.0000 |
    0.860     0     0     0.0      0      0 |   10   861    0.0009    0.0001    0.0000 |
    0.870     0     0     0.0      0      0 |   10   871    0.0008    0.0001    0.0000 |
    0.880     0     0     0.0      0      0 |   10   881    0.0009    0.0001    0.0000 |
    0.890     0     0     0.0      0      0 |   10   891    0.0010    0.0001    0.0000 |
    0.900     0     0     0.0      0      0 |   10   901    0.0009    0.0001    0.0000 |
    0.910     0     0     0.0      0      0 |   10   911    0.0007    0.0001    0.0000 |
    0.920     0     0     0.0      0      0 |   10   921    0.0008    0.0001    0.0000 |
    0.930     0     0     0.0      0      0 |   10   931    0.0010    0.0001    0.0000 |
    0.940     0     0     0.0      0      0 |   10   941    0.0012    0.0001    0.0000 |
    0.950     0     0     0.0      0      0 |   10   951    0.0009    0.0001    0.0000 |
    0.960     0     0     0.0      0      0 |   10   961    0.0009    0.0001    0.0000 |
    0.970     0     0     0.0      0      0 |   10   971    0.0013    0.0001    0.0000 |
    0.980     0     0     0.0      0      0 |   10   981    0.0011    0.0001    0.0000 |
    0.990     0     0     0.0      0      0 |   10   991    0.0012    0.0001    0.0000 |
    1.000     0     0     0.0      0      0 |   10  1001    0.0009    0.0001    0.0000 |
    1.010     0     0     0.0      0      0 |   10  1011    0.0007    0.0001    0.0000 |
    1.020     0     0     0.0      0      0 |   10  1021    0.0009    0.0001    0.0000 |
    1.030     0     0     0.0      0      0 |   10  1031    0.0010    0.0001    0.0000 |
    1.040     0     0     0.0      0      0 |   10  1041    0.0009    0.0001    0.0000 |
    1.050     0     0     0.0      0      0 |   10  1051    0.0010    0.0001    0.0000 |
    1.060     0     0     0.0      0      0 |   10  1061    0.0009    0.0001    0.0000 |
    1.070     0     0     0.0      0      0 |   10  1071    0.0009    0.0001    0.0000 |
    1.080     0     0     0.0      0      0 |   10  1081    0.0010    0.0001    0.0000 |
    1.090     0     0     0.0      0      0 |   10  1091    0.0009    0.0001    0.0000 |
    1.100     0     0     0.0      0      0 |   10  1101    0.0008    0.0001    0.0000 |
    1.110     0     0     0.0      0      0 |   10  1111    0.0008    0.0001    0.0000 |
    1.120     0     0     0.0      0      0 |   10  1121    0.0008    0.0001    0.0000 |
    1.130     0     0     0.0      0      0 |   10  1131    0.0012    0.0001    0.0000 |
    1.140     0     0     0.0      0      0 |   10  1141    0.0008    0.0001    0.0000 |
    1.150     0     0     0.0      0      0 |   10  1151    0.0009    0.0001    0.0000 |
    1.160     0     0     0.0      0      0 |   10  1161    0.0014    0.0001    0.0000 |
    1.170     0     0     0.0      0      0 |   10  1171    0.0011    0.0001    0.0000 |
    1.180     0     0     0.0      0      0 |   10  1181    0.0012    0.0001    0.0000 |
    1.190     0     0     0.0      0      0 |   10  1191    0.0012    0.0001    0.0000 |
    1.200     0     0     0.0      0      0 |   10  1201    0.0012    0.0001    0.0000 |
    1.210     0     0     0.0      0      0 |   10  1211    0.0011    0.0001    0.0000 |
    1.220     0     0     0.0      0      0 |   10  1221    0.0012    0.0001    0.0000 |
    1.230     0     0     0.0      0      0 |   10  1231    0.0011    0.0001    0.0000 |
    1.240     0     0     0.0      0      0 |   10  1241    0.0013    0.0001    0.0000 |
    1.250     0     0     0.0      0      0 |   10  1251    0.0010    0.0001    0.0000 |
    1.260     0     0     0.0      0      0 |   10  1261    0.0011    0.0001    0.0000 |
    1.270     0     0     0.0      0      0 |   10  1271    0.0011    0.0001    0.0000 |
    1.280     0     0     0.0      0      0 |   10  1281    0.0010    0.0001    0.0000 |
    1.290     0     0     0.0      0      0 |   10  1291    0.0010    0.0001    0.0000 |
    1.300     0     0     0.0      0      0 |   10  1301    0.0010    0.0001    0.0000 |
    1.310     0     0     0.0      0      0 |   10  1311    0.0010    0.0001    0.0000 |
    1.320     0     0     0.0      0      0 |   10  1321    0.0008    0.0001    0.0000 |
    1.330     0     0     0.0      0      0 |   10  1331    0.0009    0.0001    0.0000 |
    1.340     0     0     0.0      0      0 |   10  1341    0.0014    0.0001    0.0000 |
    1.350     0     0     0.0      0      0 |   10  1351    0.0009    0.0001    0.0000 |
    1.360     0     0     0.0      0      0 |   10  1361    0.0008    0.0001    0.0000 |
    1.370     0     0     0.0      0      0 |   10  1371    0.0011    0.0001    0.0000 |
    1.380     0     0     0.0      0      0 |   10  1381    0.0010    0.0001    0.0000 |
    1.390     0     0     0.0      0      0 |   10  1391    0.0011    0.0001    0.0000 |
    1.400     0     0     0.0      0      0 |   10  1401    0.0009    0.0001    0.0000 |
    1.410     0     0     0.0      0      0 |   10  1411    0.0007    0.0001    0.0000 |
    1.420     0     0     0.0      0      0 |   10  1421    0.0009    0.0001    0.0000 |
    1.430     0     0     0.0      0      0 |   10  1431    0.0011    0.0001    0.0000 |
    1.440     0     0     0.0      0      0 |   10  1441    0.0007    0.0001    0.0000 |
    1.450     0     0     0.0      0      0 |   10  1451    0.0009    0.0001    0.0000 |
    1.460     0     0     0.0      0      0 |   10  1461    0.0010    0.0001    0.0000 |
    1.470     0     0     0.0      0      0 |   10  1471    0.0008    0.0001    0.0000 |
    1.480     0     0     0.0      0      0 |   10  1481    0.0009    0.0001    0.0000 |
    1.490     0     0     0.0      0      0 |   10  1491    0.0011    0.0001    0.0000 |
    1.500     0     0     0.0      0      0 |   10  1501    0.0009    0.0001    0.0000 |
    1.510     0     0     0.0      0      0 |   10  1511    0.0010    0.0001    0.0000 |
    1.520     0     0     0.0      0      0 |   10  1521    0.0008    0.0001    0.0000 |
    1.530     0     0     0.0      0      0 |   10  1531    0.0009    0.0001    0.0000 |
    1.540     0     0     0.0      0      0 |   10  1541    0.0008    0.0001    0.0000 |
    1.550     0     0     0.0      0      0 |   10  1551    0.0008    0.0001    0.0000 |
    1.560     0     0     0.0      0      0 |   10  1561    0.0010    0.0001    0.0000 |
    1.570     0     0     0.0      0      0 |   10  1571    0.0009    0.0001    0.0000 |
    1.580     0     0     0.0      0      0 |   10  1581    0.0009    0.0001    0.0000 |
    1.590     0     0     0.0      0      0 |   10  1591    0.0009    0.0001    0.0000 |
    1.600     0     0     0.0      0      0 |   10  1601    0.0008    0.0001    0.0000 |
    1.610     0     0     0.0      0      0 |   10  1611    0.0010    0.0001    0.0000 |
    1.620     0     0     0.0      0      0 |   10  1621    0.0011    0.0001    0.0000 |
    1.630     0     0     0.0      0      0 |   10  1631    0.0007    0.0001    0.0000 |
    1.640     0     0     0.0      0      0 |   10  1641    0.0008    0.0001    0.0000 |
    1.650     0     0     0.0      0      0 |   10  1651    0.0007    0.0001    0.0000 |
    1.660     0     0     0.0      0      0 |   10  1661    0.0012    0.0001    0.0000 |
    1.670     0     0     0.0      0      0 |   10  1671    0.0010    0.0001    0.0000 |
    1.680     0     0     0.0      0      0 |   10  1681    0.0008    0.0001    0.0000 |
    1.690     0     0     0.0      0      0 |   10  1691    0.0009    0.0001    0.0000 |
    1.700     0     0     0.0      0      0 |   10  1701    0.0007    0.0001    0.0000 |
    1.710     0     0     0.0      0      0 |   10  1711    0.0011    0.0001    0.0000 |
    1.720     0     0     0.0      0      0 |   10  1721    0.0010    0.0001    0.0000 |
    1.730     0     0     0.0      0      0 |   10  1731    0.0009    0.0001    0.0000 |
    1.740     0     0     0.0      0      0 |   10  1741    0.0008    0.0001    0.0000 |
    1.750     0     0     0.0      0      0 |   10  1751    0.0007    0.0001    0.0000 |
    1.760     0     0     0.0      0      0 |   10  1761    0.0009    0.0001    0.0000 |
    1.770     0     0     0.0      0      0 |   10  1771    0.0010    0.0001    0.0000 |
    1.780     0     0     0.0      0      0 |   10  1781    0.0013    0.0001    0.0000 |
    1.790     0     0     0.0      0      0 |   10  1791    0.0008    0.0001    0.0000 |
    1.800     0     0     0.0      0      0 |   10  1801    0.0011    0.0001    0.0000 |
    1.810     0     0     0.0      0      0 |   10  1811    0.0012    0.0001    0.0000 |
    1.820     0     0     0.0      0      0 |   10  1821    0.0008    0.0001    0.0000 |
    1.830     0     0     0.0      0      0 |   10  1831    0.0014    0.0001    0.0000 |
    1.840     0     0     0.0      0      0 |   10  1841    0.0008    0.0001    0.0000 |
    1.850     0     0     0.0      0      0 |   10  1851    0.0008    0.0001    0.0000 |
    1.860     0     0     0.0      0      0 |   10  1861    0.0011    0.0001    0.0000 |
    1.870     0     0     0.0      0      0 |   10  1871    0.0008    0.0001    0.0000 |
    1.880     0     0     0.0      0      0 |   10  1881    0.0008    0.0001    0.0000 |
    1.890     0     0     0.0      0      0 |   10  1891    0.0009    0.0001    0.0000 |
    1.900     0     0     0.0      0      0 |   10  1901    0.0009    0.0001    0.0000 |
    1.910     0     0     0.0      0      0 |   10  1911    0.0010    0.0001    0.0000 |
    1.920     0     0     0.0      0      0 |   10  1921    0.0007    0.0001    0.0000 |
    1.930     0     0     0.0      0      0 |   10  1931    0.0010    0.0001    0.0000 |
    1.940     0     0     0.0      0      0 |   10  1941    0.0007    0.0001    0.0000 |
    1.950     0     0     0.0      0      0 |   10  1951    0.0007    0.0001    0.0000 |
    1.960     0     0     0.0      0      0 |   10  1961    0.0011    0.0001    0.0000 |
    1.970     0     0     0.0      0      0 |   10  1971    0.0008    0.0001    0.0000 |
    1.980     0     0     0.0      0      0 |   10  1981    0.0008    0.0001    0.0000 |
    1.990     0     0     0.0      0      0 |   10  1991    0.0008    0.0001    0.0000 |
    2.000     0     0     0.0      0      0 |   10  2001    0.0008    0.0001    0.0000 |
    2.010     5     5     5.0     50     50 |   10  2011    0.0022    0.0002    0.0000 |
    2.020     5     6     5.9     59    109 |   10  2021    0.0029    0.0003    0.0000 |
    2.030     6     7     6.5     65    174 |   10  2031    0.0026    0.0003    0.0000 |
    2.040     7     7     7.0     70    244 |   10  2041    0.0028    0.0003    0.0000 |
    2.050     7     7     7.0     70    314 |   10  2051    0.0038    0.0004    0.0001 |
    2.060     7     7     7.0     70    384 |   10  2061    0.0032    0.0003    0.0000 |
    2.070     7     8     7.1     71    455 |   10  2071    0.0026    0.0003    0.0000 |
    2.080     7     7     7.0     70    525 |   10  2081    0.0031    0.0003    0.0000 |
    2.090     7     7     7.0     70    595 |   10  2091    0.0033    0.0003    0.0000 |
    2.100     7     7     7.0     70    665 |   10  2101    0.0028    0.0003    0.0000 |
    2.110     7     7     7.0     70    735 |   10  2111    0.0028    0.0003    0.0000 |
    2.120     7     7     7.0     70    805 |   10  2121    0.0030    0.0003    0.0000 |
    2.130     7     7     7.0     70    875 |   10  2131    0.0027    0.0003    0.0000 |
    2.140     6     6     6.0     60    935 |   10  2141    0.0027    0.0003    0.0000 |
    2.150     6     6     6.0     60    995 |   10  2151    0.0025    0.0003    0.0000 |
    2.160     6     6     6.0     60   1055 |   10  2161    0.0024    0.0002    0.0000 |
    2.170     6     6     6.0     60   1115 |   10  2171    0.0025    0.0002    0.0000 |
    2.180     6     6     6.0     60   1175 |   10  2181    0.0031    0.0003    0.0001 |
    2.190     6     6     6.0     60   1235 |   10  2191    0.0032    0.0003    0.0001 |
    2.200     6     6     6.0     60   1295 |   10  2201    0.0028    0.0003    0.0000 |
    2.210     6     6     6.0     60   1355 |   10  2211    0.0031    0.0003    0.0001 |
    2.220     6     6     6.0     60   1415 |   10  2221    0.0026    0.0003    0.0000 |
    2.230     6     6     6.0     60   1475 |   10  2231    0.0028    0.0003    0.0000 |
    2.240     6     6     6.0     60   1535 |   10  2241    0.0027    0.0003    0.0000 |
    2.250     6     6     6.0     60   1595 |   10  2251    0.0024    0.0002    0.0000 |
    2.260     5     6     5.4     54   1649 |   10  2261    0.0025    0.0003    0.0000 |
    2.270     5     5     5.0     50   1699 |   10  2271    0.0024    0.0002    0.0000 |
    2.280     5     6     5.2     52   1751 |   10  2281    0.0027    0.0003    0.0001 |
    2.290     5     6     5.5     55   1806 |   10  2291    0.0027    0.0003    0.0000 |
    2.300     5     6     5.5     55   1861 |   10  2301    0.0034    0.0003    0.0001 |
    2.310     5     6     5.5     55   1916 |   10  2311    0.0032    0.0003    0.0001 |
    2.320     5     6     5.6     56   1972 |   10  2321    0.0034    0.0003    0.0001 |
    2.330     5     6     5.5     55   2027 |   10  2331    0.0029    0.0003    0.0001 |
    2.340     5     6     5.5     55   2082 |   10  2341    0.0023    0.0002    0.0000 |
    2.350     5     6     5.4     54   2136 |   10  2351    0.0027    0.0003    0.0001 |
    2.360     5     6     5.4     54   2190 |   10  2361    0.0027    0.0003    0.0000 |
    2.370     5     6     5.2     52   2242 |   10  2371    0.0023    0.0002    0.0000 |
    2.380     5     5     5.0     50   2292 |   10  2381    0.0025    0.0002    0.0000 |
    2.390     5     5     5.0     50   2342 |   10  2391    0.0024    0.0002    0.0000 |
    2.400     5     5     5.0     50   2392 |   10  2401    0.0029    0.0003    0.0001 |
    2.410     5     5     5.0     50   2442 |   10  2411    0.0024    0.0002    0.0000 |
    2.420     5     5     5.0     50   2492 |   10  2421    0.0025    0.0002    0.0000 |
    2.430     5     5     5.0     50   2542 |   10  2431    0.0027    0.0003    0.0001 |
    2.440     5     5     5.0     50   2592 |   10  2441    0.0023    0.0002    0.0000 |
    2.450     5     5     5.0     50   2642 |   10  2451    0.0024    0.0002    0.0000 |
    2.460     5     5     5.0     50   2692 |   10  2461    0.0020    0.0002    0.0000 |
    2.470     4     5     4.5     45   2737 |   10  2471    0.0026    0.0003    0.0001 |
    2.480     4     4     4.0     40   2777 |   10  2481    0.0019    0.0002    0.0000 |
    2.490     4     4     4.0     40   2817 |   10  2491    0.0023    0.0002    0.0001 |
    2.500     4     4     4.0     40   2857 |   10  2501    0.0019    0.0002    0.0000 |
    2.510     4     4     4.0     40   2897 |   10  2511    0.0024    0.0002    0.0001 |
    2.520     4     4     4.0     40   2937 |   10  2521    0.0019    0.0002    0.0000 |
    2.530     4     4     4.0     40   2977 |   10  2531    0.0020    0.0002    0.0000 |
    2.540     4     4     4.0     40   3017 |   10  2541    0.0017    0.0002    0.0000 |
    2.550     4     4     4.0     40   3057 |   10  2551    0.0022    0.0002    0.0001 |
    2.560     4     4     4.0     40   3097 |   10  2561    0.0020    0.0002    0.0000 |
    2.570     4     4     4.0     40   3137 |   10  2571    0.0023    0.0002    0.0001 |
    2.580     4     4     4.0     40   3177 |   10  2581    0.0029    0.0003    0.0001 |
    2.590     4     4     4.0     40   3217 |   10  2591    0.0030    0.0003    0.0001 |
    2.600     4     4     4.0     40   3257 |   10  2601    0.0027    0.0003    0.0001 |
    2.610     4     4     4.0     40   3297 |   10  2611    0.0025    0.0003    0.0001 |
    2.620     4     4     4.0     40   3337 |   10  2621    0.0026    0.0003    0.0001 |
    2.630     4     4     4.0     40   3377 |   10  2631    0.0026    0.0003    0.0001 |
    2.640     4     4     4.0     40   3417 |   10  2641    0.0027    0.0003    0.0001 |
    2.650     4     4     4.0     40   3457 |   10  2651    0.0028    0.0003    0.0001 |
    2.660     3     4     3.5     35   3492 |   10  2661    0.0027    0.0003    0.0001 |
    2.670     3     4     3.1     31   3523 |   10  2671    0.0023    0.0002    0.0001 |
    2.680     3     4     3.6     36   3559 |   10  2681    0.0025    0.0002    0.0001 |
    2.690     3     4     3.6     36   3595 |   10  2691    0.0023    0.0002    0.0001 |
    2.700     3     4     3.6     36   3631 |   10  2701    0.0020    0.0002    0.0001 |
    2.710     3     4     3.6     36   3667 |   10  2711    0.0020    0.0002    0.0001 |
    2.720     3     4     3.6     36   3703 |   10  2721    0.0016    0.0002    0.0000 |
    2.730     3     4     3.5     35   3738 |   10  2731    0.0021    0.0002    0.0001 |
    2.740     3     4     3.8     38   3776 |   10  2741    0.0020    0.0002    0.0001 |
    2.750     3     4     3.7     37   3813 |   10  2751    0.0020    0.0002    0.0001 |
    2.760     3     4     3.5     35   3848 |   10  2761    0.0026    0.0003    0.0001 |
    2.770     3     4     3.6     36   3884 |   10  2771    0.0017    0.0002    0.0000 |
    2.780     3     4     3.5     35   3919 |   10  2781    0.0020    0.0002    0.0001 |
    2.790     3     4     3.5     35   3954 |   10  2791    0.0022    0.0002    0.0001 |
    2.800     3     3     3.0     30   3984 |   10  2801    0.0015    0.0002    0.0001 |
    2.810     3     3     3.0     30   4014 |   10  2811    0.0017    0.0002    0.0001 |
    2.820     3     3     3.0     30   4044 |   10  2821    0.0020    0.0002    0.0001 |
    2.830     3     3     3.0     30   4074 |   10  2831    0.0021    0.0002    0.0001 |
    2.840     3     3     3.0     30   4104 |   10  2841    0.0016    0.0002    0.0001 |
    2.850     3     3     3.0     30   4134 |   10  2851    0.0016    0.0002    0.0001 |
    2.860     3     3     3.0     30   4164 |   10  2861    0.0016    0.0002    0.0001 |
    2.870     3     3     3.0     30   4194 |   10  2871    0.0017    0.0002    0.0001 |
    2.880     3     3     3.0     30   4224 |   10  2881    0.0017    0.0002    0.0001 |
    2.890     3     3     3.0     30   4254 |   10  2891    0.0016    0.0002    0.0001 |
    2.900     3     3     3.0     30   4284 |   10  2901    0.0020    0.0002    0.0001 |
    2.910     3     3     3.0     30   4314 |   10  2911    0.0019    0.0002    0.0001 |
    2.920     3     3     3.0     30   4344 |   10  2921    0.0017    0.0002    0.0001 |
    2.930     3     3     3.0     30   4374 |   10  2931    0.0018    0.0002    0.0001 |
    2.940     3     3     3.0     30   4404 |   10  2941    0.0020    0.0002    0.0001 |
    2.950     3     3     3.0     30   4434 |   10  2951    0.0018    0.0002    0.0001 |
    2.960     3     3     3.0     30   4464 |   10  2961    0.0018    0.0002    0.0001 |
    2.970     3     3     3.0     30   4494 |   10  2971    0.0018    0.0002    0.0001 |
    2.980     3     3     3.0     30   4524 |   10  2981    0.0018    0.0002    0.0001 |
    2.990     3     3     3.0     30   4554 |   10  2991    0.0019    0.0002    0.0001 |
    3.000     3     3     3.0     30   4584 |   10  3001    0.0018    0.0002    0.0001 |
    3.010     2     3     2.3     23   4607 |   10  3011    0.0016    0.0002    0.0001 |
    3.020     2     2     2.0     20   4627 |   10  3021    0.0015    0.0001    0.0001 |
    3.030     2     2     2.0     20   4647 |   10  3031    0.0017    0.0002    0.0001 |
    3.040     2     2     2.0     20   4667 |   10  3041    0.0015    0.0001    0.0001 |
    3.050     2     2     2.0     20   4687 |   10  3051    0.0014    0.0001    0.0001 |
    3.060     2     2     2.0     20   4707 |   10  3061    0.0014    0.0001    0.0001 |
    3.070     2     2     2.0     20   4727 |   10  3071    0.0015    0.0001    0.0001 |
    3.080     2     2     2.0     20   4747 |   10  3081    0.0017    0.0002    0.0001 |
    3.090     2     2     2.0     20   4767 |   10  3091    0.0016    0.0002    0.0001 |
    3.100     2     2     2.0     20   4787 |   10  3101    0.0014    0.0001    0.0001 |
    3.110     2     2     2.0     20   4807 |   10  3111    0.0012    0.0001    0.0001 |
    3.120     2     2     2.0     20   4827 |   10  3121    0.0018    0.0002    0.0001 |
    3.130     2     2     2.0     20   4847 |   10  3131    0.0014    0.0001    0.0001 |
    3.140     2     2     2.0     20   4867 |   10  3141    0.0016    0.0002    0.0001 |
    3.150     2     2     2.0     20   4887 |   10  3151    0.0016    0.0002    0.0001 |
    3.160     2     3     2.8     28   4915 |   10  3161    0.0020    0.0002    0.0001 |
    3.170     3     3     3.0     30   4945 |   10  3171    0.0019    0.0002    0.0001 |
    3.180     3     3     3.0     30   4975 |   10  3181    0.0019    0.0002    0.0001 |
    3.190     3     3     3.0     30   5005 |   10  3191    0.0016    0.0002    0.0001 |
    3.200     3     3     3.0     30   5035 |   10  3201    0.0018    0.0002    0.0001 |
    3.210     3     3     3.0     30   5065 |   10  3211    0.0020    0.0002    0.0001 |
    3.220     3     3     3.0     30   5095 |   10  3221    0.0016    0.0002    0.0001 |
    3.230     3     3     3.0     30   5125 |   10  3231    0.0016    0.0002    0.0001 |
    3.240     3     3     3.0     30   5155 |   10  3241    0.0017    0.0002    0.0001 |
    3.250     3     3     3.0     30   5185 |   10  3251    0.0019    0.0002    0.0001 |
    3.260     3     3     3.0     30   5215 |   10  3261    0.0017    0.0002    0.0001 |
    3.270     3     3     3.0     30   5245 |   10  3271    0.0015    0.0002    0.0001 |
    3.280     3     3     3.0     30   5275 |   10  3281    0.0016    0.0002    0.0001 |
    3.290     3     3     3.0     30   5305 |   10  3291    0.0019    0.0002    0.0001 |
    3.300     3     3     3.0     30   5335 |   10  3301    0.0020    0.0002    0.0001 |
    3.310     3     3     3.0     30   5365 |   10  3311    0.0017    0.0002    0.0001 |
    3.320     3     3     3.0     30   5395 |   10  3321    0.0015    0.0001    0.0000 |
    3.330     3     3     3.0     30   5425 |   10  3331    0.0025    0.0002    0.0001 |
    3.340     3     3     3.0     30   5455 |   10  3341    0.0014    0.0001    0.0000 |
    3.350     3     3     3.0     30   5485 |   10  3351    0.0015    0.0002    0.0001 |
    3.360     3     3     3.0     30   5515 |   10  3361    0.0018    0.0002    0.0001 |
    3.370     3     3     3.0     30   5545 |   10  3371    0.0029    0.0003    0.0001 |
    3.380     3     3     3.0     30   5575 |   10  3381    0.0023    0.0002    0.0001 |
    3.390     3     3     3.0     30   5605 |   10  3391    0.0022    0.0002    0.0001 |
    3.400     3     3     3.0     30   5635 |   10  3401    0.0024    0.0002    0.0001 |
    3.410     3     3     3.0     30   5665 |   10  3411    0.0022    0.0002    0.0001 |
    3.420     3     3     3.0     30   5695 |   10  3421    0.0024    0.0002    0.0001 |
    3.430     3     4     3.1     31   5726 |   10  3431    0.0026    0.0003    0.0001 |
    3.440     3     3     3.0     30   5756 |   10  3441    0.0023    0.0002    0.0001 |
    3.450     3     4     3.2     32   5788 |   10  3451    0.0019    0.0002    0.0001 |
    3.460     3     4     3.4     34   5822 |   10  3461    0.0020    0.0002    0.0001 |
    3.470     3     4     3.5     35   5857 |   10  3471    0.0025    0.0003    0.0001 |
    3.480     3     4     3.5     35   5892 |   10  3481    0.0018    0.0002    0.0001 |
    3.490     3     4     3.6     36   5928 |   10  3491    0.0021    0.0002    0.0001 |
    3.500     3     4     3.5     35   5963 |   10  3501    0.0021    0.0002    0.0001 |
    3.510     3     4     3.6     36   5999 |   10  3511    0.0025    0.0002    0.0001 |
    3.520     3     4     3.5     35   6034 |   10  3521    0.0018    0.0002    0.0001 |
    3.530     3     4     3.6     36   6070 |   10  3531    0.0017    0.0002    0.0000 |
    3.540     3     4     3.7     37   6107 |   10  3541    0.0022    0.0002    0.0001 |
    3.550     3     4     3.7     37   6144 |   10  3551    0.0024    0.0002    0.0001 |
    3.560     3     4     3.6     36   6180 |   10  3561    0.0017    0.0002    0.0000 |
    3.570     3     4     3.6     36   6216 |   10  3571    0.0018    0.0002    0.0000 |
    3.580     3     4     3.6     36   6252 |   10  3581    0.0018    0.0002    0.0000 |
    3.590     3     4     3.6     36   6288 |   10  3591    0.0022    0.0002    0.0001 |
    3.600     3     4     3.7     37   6325 |   10  3601    0.0020    0.0002    0.0001 |
    3.610     3     4     3.6     36   6361 |   10  3611    0.0016    0.0002    0.0000 |
    3.620     3     4     3.5     35   6396 |   10  3621    0.0017    0.0002    0.0000 |
    3.630     3     4     3.7     37   6433 |   10  3631    0.0023    0.0002    0.0001 |
    3.640     3     4     3.7     37   6470 |   10  3641    0.0019    0.0002    0.0001 |
    3.650     3     4     3.6     36   6506 |   10  3651    0.0021    0.0002    0.0001 |
    3.660     3     4     3.7     37   6543 |   10  3661    0.0020    0.0002    0.0001 |
    3.670     3     4     3.7     37   6580 |   10  3671    0.0024    0.0002    0.0001 |
    3.680     3     4     3.8     38   6618 |   10  3681    0.0024    0.0002    0.0001 |
    3.690     3     4     3.6     36   6654 |   10  3691    0.0017    0.0002    0.0000 |
    3.700     3     4     3.7     37   6691 |   10  3701    0.0015    0.0002    0.0000 |
    3.710     3     4     3.8     38   6729 |   10  3711    0.0021    0.0002    0.0001 |
    3.720     3     4     3.7     37   6766 |   10  3721    0.0021    0.0002    0.0001 |
    3.730     3     4     3.8     38   6804 |   10  3731    0.0018    0.0002    0.0000 |
    3.740     3     4     3.7     37   6841 |   10  3741    0.0020    0.0002    0.0001 |
    3.750     3     4     3.7     37   6878 |   10  3751    0.0018    0.0002    0.0000 |
    3.760     3     4     3.5     35   6913 |   10  3761    0.0024    0.0002    0.0001 |
    3.770     3     4     3.8     38   6951 |   10  3771    0.0019    0.0002    0.0000 |
    3.780     3     4     3.7     37   6988 |   10  3781    0.0020    0.0002    0.0001 |
    3.790     3     4     3.7     37   7025 |   10  3791    0.0021    0.0002    0.0001 |
    3.800     3     4     3.8     38   7063 |   10  3801    0.0025    0.0002    0.0001 |
    3.810     3     4     3.8     38   7101 |   10  3811    0.0017    0.0002    0.0000 |
    3.820     3     4     3.7     37   7138 |   10  3821    0.0019    0.0002    0.0001 |
    3.830     3     4     3.8     38   7176 |   10  3831    0.0020    0.0002    0.0001 |
    3.840     3     4     3.7     37   7213 |   10  3841    0.0022    0.0002    0.0001 |
    3.850     3     4     3.8     38   7251 |   10  3851    0.0022    0.0002    0.0001 |
    3.860     3     4     3.7     37   7288 |   10  3861    0.0021    0.0002    0.0001 |
    3.870     3     4     3.8     38   7326 |   10  3871    0.0019    0.0002    0.0000 |
    3.880     3     4     3.7     37   7363 |   10  3881    0.0021    0.0002    0.0001 |
    3.890     3     4     3.8     38   7401 |   10  3891    0.0022    0.0002    0.0001 |
    3.900     3     4     3.8     38   7439 |   10  3901    0.0020    0.0002    0.0001 |
    3.910     3     4     3.8     38   7477 |   10  3911    0.0026    0.0003    0.0001 |
    3.920     3     4     3.7     37   7514 |   10  3921    0.0023    0.0002    0.0001 |
    3.930     3     4     3.8     38   7552 |   10  3931    0.0020    0.0002    0.0001 |
    3.940     3     4     3.7     37   7589 |   10  3941    0.0022    0.0002    0.0001 |
    3.950     3     4     3.7     37   7626 |   10  3951    0.0016    0.0002    0.0000 |
    3.960     3     4     3.9     39   7665 |   10  3961    0.0015    0.0002    0.0000 |
    3.970     3     4     3.7     37   7702 |   10  3971    0.0025    0.0002    0.0001 |
    3.980     3     4     3.8     38   7740 |   10  3981    0.0017    0.0002    0.0000 |
    3.990     3     4     3.7     37   7777 |   10  3991    0.0022    0.0002    0.0001 |
    4.000     3     4     3.8     38   7815 |   10  4001    0.0020    0.0002    0.0001 |
    4.010     3     4     3.7     37   7852 |   10  4011    0.0027    0.0003    0.0001 |
    4.020     3     4     3.8     38   7890 |   10  4021    0.0020    0.0002    0.0001 |
    4.030     3     4     3.8     38   7928 |   10  4031    0.0021    0.0002    0.0001 |
    4.040     3     4     3.7     37   7965 |   10  4041    0.0022    0.0002    0.0001 |
    4.050     3     4     3.8     38   8003 |   10  4051    0.0019    0.0002    0.0001 |
    4.060     3     4     3.8     38   8041 |   10  4061    0.0020    0.0002    0.0001 |
    4.070     3     4     3.8     38   8079 |   10  4071    0.0024    0.0002    0.0001 |
    4.080     3     4     3.7     37   8116 |   10  4081    0.0018    0.0002    0.0000 |
    4.090     3     4     3.8     38   8154 |   10  4091    0.0021    0.0002    0.0001 |
    4.100     3     4     3.8     38   8192 |   10  4101    0.0023    0.0002    0.0001 |
    4.110     3     4     3.8     38   8230 |   10  4111    0.0017    0.0002    0.0000 |
    4.120     3     4     3.7     37   8267 |   10  4121    0.0019    0.0002    0.0001 |
    4.130     3     4     3.8     38   8305 |   10  4131    0.0020    0.0002    0.0001 |
    4.140     3     4     3.7     37   8342 |   10  4141    0.0024    0.0002    0.0001 |
    4.150     3     4     3.7     37   8379 |   10  4151    0.0019    0.0002    0.0001 |
    4.160     3     4     3.7     37   8416 |   10  4161    0.0018    0.0002    0.0000 |
    4.170     3     4     3.7     37   8453 |   10  4171    0.0016    0.0002    0.0000 |
    4.180     3     4     3.7     37   8490 |   10  4181    0.0020    0.0002    0.0001 |
    4.190     3     4     3.8     38   8528 |   10  4191    0.0022    0.0002    0.0001 |
    4.200     3     4     3.7     37   8565 |   10  4201    0.0023    0.0002    0.0001 |
    4.210     3     4     3.7     37   8602 |   10  4211    0.0017    0.0002    0.0000 |
    4.220     3     4     3.8     38   8640 |   10  4221    0.0020    0.0002    0.0001 |
    4.230     3     4     3.7     37   8677 |   10  4231    0.0023    0.0002    0.0001 |
    4.240     3     4     3.6     36   8713 |   10  4241    0.0018    0.0002    0.0000 |
    4.250     3     4     3.8     38   8751 |   10  4251    0.0021    0.0002    0.0001 |
    4.260     3     4     3.7     37   8788 |   10  4261    0.0020    0.0002    0.0001 |
    4.270     3     4     3.8     38   8826 |   10  4271    0.0023    0.0002    0.0001 |
    4.280     3     4     3.6     36   8862 |   10  4281    0.0024    0.0002    0.0001 |
    4.290     3     4     3.7     37   8899 |   10  4291    0.0018    0.0002    0.0000 |
    4.300     3     4     3.7     37   8936 |   10  4301    0.0022    0.0002    0.0001 |
    4.310     3     4     3.6     36   8972 |   10  4311    0.0019    0.0002    0.0001 |
    4.320     3     4     3.8     38   9010 |   10  4321    0.0021    0.0002    0.0001 |
    4.330     3     4     3.7     37   9047 |   10  4331    0.0020    0.0002    0.0001 |
    4.340     3     4     3.7     37   9084 |   10  4341    0.0014    0.0001    0.0000 |
    4.350     3     4     3.7     37   9121 |   10  4351    0.0016    0.0002    0.0000 |
    4.360     3     4     3.7     37   9158 |   10  4361    0.0024    0.0002    0.0001 |
    4.370     3     4     3.7     37   9195 |   10  4371    0.0020    0.0002    0.0001 |
    4.380     3     4     3.7     37   9232 |   10  4381    0.0019    0.0002    0.0001 |
    4.390     3     4     3.7     37   9269 |   10  4391    0.0018    0.0002    0.0000 |
    4.400     3     4     3.7     37   9306 |   10  4401    0.0016    0.0002    0.0000 |
    4.410     3     4     3.7     37   9343 |   10  4411    0.0023    0.0002    0.0001 |
    4.420     3     4     3.7     37   9380 |   10  4421    0.0021    0.0002    0.0001 |
    4.430     3     4     3.8     38   9418 |   10  4431    0.0019    0.0002    0.0000 |
    4.440     3     4     3.7     37   9455 |   10  4441    0.0017    0.0002    0.0000 |
    4.450     3     4     3.6     36   9491 |   10  4451    0.0020    0.0002    0.0001 |
    4.460     3     4     3.8     38   9529 |   10  4461    0.0022    0.0002    0.0001 |
    4.470     3     4     3.7     37   9566 |   10  4471    0.0019    0.0002    0.0001 |
    4.480     3     4     3.7     37   9603 |   10  4481    0.0018    0.0002    0.0000 |
    4.490     3     4     3.7     37   9640 |   10  4491    0.0018    0.0002    0.0000 |
    4.500     3     4     3.7     37   9677 |   10  4501    0.0023    0.0002    0.0001 |
    4.510     3     4     3.7     37   9714 |   10  4511    0.0018    0.0002    0.0000 |
    4.520     3     4     3.7     37   9751 |   10  4521    0.0019    0.0002    0.0001 |
    4.530     3     4     3.7     37   9788 |   10  4531    0.0018    0.0002    0.0000 |
    4.540     3     4     3.7     37   9825 |   10  4541    0.0023    0.0002    0.0001 |
    4.550     3     4     3.6     36   9861 |   10  4551    0.0022    0.0002    0.0001 |
    4.560     3     4     3.7     37   9898 |   10  4561    0.0017    0.0002    0.0000 |
    4.570     3     4     3.6     36   9934 |   10  4571    0.0019    0.0002    0.0001 |
    4.580     3     4     3.7     37   9971 |   10  4581    0.0015    0.0002    0.0000 |
    4.590     3     4     3.7     37  10008 |   10  4591    0.0023    0.0002    0.0001 |
    4.600     3     4     3.7     37  10045 |   10  4601    0.0019    0.0002    0.0001 |
    4.610     3     4     3.8     38  10083 |   10  4611    0.0017    0.0002    0.0000 |
    4.620     3     4     3.6     36  10119 |   10  4621    0.0017    0.0002    0.0000 |
    4.630     3     4     3.8     38  10157 |   10  4631    0.0023    0.0002    0.0001 |
    4.640     3     4     3.7     37  10194 |   10  4641    0.0024    0.0002    0.0001 |
    4.650     3     4     3.6     36  10230 |   10  4651    0.0018    0.0002    0.0000 |
    4.660     3     4     3.7     37  10267 |   10  4661    0.0017    0.0002    0.0000 |
    4.670     3     4     3.7     37  10304 |   10  4671    0.0017    0.0002    0.0000 |
    4.680     3     4     3.7     37  10341 |   10  4681    0.0027    0.0003    0.0001 |
    4.690     3     4     3.5     35  10376 |   10  4691    0.0018    0.0002    0.0001 |
    4.700     3     4     3.7     37  10413 |   10  4701    0.0017    0.0002    0.0000 |
    4.710     3     4     3.7     37  10450 |   10  4711    0.0020    0.0002    0.0001 |
    4.720     3     4     3.8     38  10488 |   10  4721    0.0023    0.0002    0.0001 |
    4.730     3     4     3.7     37  10525 |   10  4731    0.0024    0.0002    0.0001 |
    4.740     3     4     3.7     37  10562 |   10  4741    0.0018    0.0002    0.0000 |
    4.750     3     4     3.7     37  10599 |   10  4751    0.0019    0.0002    0.0001 |
    4.760     3     4     3.7     37  10636 |   10  4761    0.0016    0.0002    0.0000 |
    4.770     3     4     3.7     37  10673 |   10  4771    0.0023    0.0002    0.0001 |
    4.780     3     4     3.7     37  10710 |   10  4781    0.0016    0.0002    0.0000 |
    4.790     3     4     3.7     37  10747 |   10  4791    0.0019    0.0002    0.0001 |
    4.800     3     4     3.8     38  10785 |   10  4801    0.0019    0.0002    0.0001 |
    4.810     3     4     3.7     37  10822 |   10  4811    0.0020    0.0002    0.0001 |
    4.820     3     4     3.7     37  10859 |   10  4821    0.0021    0.0002    0.0001 |
    4.830     3     4     3.7     37  10896 |   10  4831    0.0018    0.0002    0.0000 |
    4.840     3     4     3.8     38  10934 |   10  4841    0.0021    0.0002    0.0001 |
    4.850     3     4     3.7     37  10971 |   10  4851    0.0018    0.0002    0.0000 |
    4.860     3     4     3.7     37  11008 |   10  4861    0.0021    0.0002    0.0001 |
    4.870     3     4     3.7     37  11045 |   10  4871    0.0019    0.0002    0.0001 |
    4.880     3     4     3.7     37  11082 |   10  4881    0.0018    0.0002    0.0000 |
    4.890     3     4     3.7     37  11119 |   10  4891    0.0018    0.0002    0.0000 |
    4.900     3     4     3.7     37  11156 |   10  4901    0.0020    0.0002    0.0001 |
    4.910     3     4     3.7     37  11193 |   10  4911    0.0025    0.0003    0.0001 |
    4.920     3     4     3.7     37  11230 |   10  4921    0.0022    0.0002    0.0001 |
    4.930     3     4     3.5     35  11265 |   10  4931    0.0016    0.0002    0.0000 |
    4.940     3     4     3.7     37  11302 |   10  4941    0.0017    0.0002    0.0000 |
    4.950     3     4     3.8     38  11340 |   10  4951    0.0025    0.0002    0.0001 |
    4.960     3     4     3.7     37  11377 |   10  4961    0.0016    0.0002    0.0000 |
    4.970     3     4     3.7     37  11414 |   10  4971    0.0019    0.0002    0.0001 |
    4.980     3     4     3.7     37  11451 |   10  4981    0.0017    0.0002    0.0000 |
    4.990     3     4     3.7     37  11488 |   10  4991    0.0018    0.0002    0.0000 |
    5.000     3     4     3.7     37  11525 |   10  5001    0.0025    0.0002    0.0001 |
    5.010     3     4     3.7     37  11562 |   10  5011    0.0019    0.0002    0.0001 |
    5.020     3     4     3.8     38  11600 |   10  5021    0.0019    0.0002    0.0001 |
    5.030     3     4     3.7     37  11637 |   10  5031    0.0015    0.0002    0.0000 |
    5.040     3     4     3.7     37  11674 |   10  5041    0.0023    0.0002    0.0001 |
    5.050     3     4     3.7     37  11711 |   10  5051    0.0020    0.0002    0.0001 |
    5.060     3     4     3.7     37  11748 |   10  5061    0.0018    0.0002    0.0000 |
    5.070     3     4     3.7     37  11785 |   10  5071    0.0018    0.0002    0.0000 |
    5.080     3     4     3.8     38  11823 |   10  5081    0.0021    0.0002    0.0001 |
    5.090     3     4     3.7     37  11860 |   10  5091    0.0024    0.0002    0.0001 |
    5.100     3     4     3.7     37  11897 |   10  5101    0.0020    0.0002    0.0001 |
    5.110     3     4     3.7     37  11934 |   10  5111    0.0022    0.0002    0.0001 |
    5.120     3     4     3.7     37  11971 |   10  5121    0.0018    0.0002    0.0000 |
    5.130     3     4     3.7     37  12008 |   10  5131    0.0025    0.0003    0.0001 |
    5.140     3     4     3.8     38  12046 |   10  5141    0.0021    0.0002    0.0001 |
    5.150     3     4     3.7     37  12083 |   10  5151    0.0018    0.0002    0.0000 |
    5.160     3     4     3.7     37  12120 |   10  5161    0.0015    0.0001    0.0000 |
    5.170     3     4     3.7     37  12157 |   10  5171    0.0021    0.0002    0.0001 |
    5.180     3     4     3.7     37  12194 |   10  5181    0.0024    0.0002    0.0001 |
    5.190     3     4     3.7     37  12231 |   10  5191    0.0017    0.0002    0.0000 |
    5.200     3     4     3.8     38  12269 |   10  5201    0.0018    0.0002    0.0000 |
    5.210     3     4     3.7     37  12306 |   10  5211    0.0015    0.0001    0.0000 |
    5.220     3     4     3.7     37  12343 |   10  5221    0.0019    0.0002    0.0001 |
    5.230     3     4     3.7     37  12380 |   10  5231    0.0020    0.0002    0.0001 |
    5.240     3     4     3.7     37  12417 |   10  5241    0.0018    0.0002    0.0000 |
    5.250     3     4     3.7     37  12454 |   10  5251    0.0019    0.0002    0.0001 |
    5.260     3     4     3.8     38  12492 |   10  5261    0.0020    0.0002    0.0001 |
    5.270     3     4     3.7     37  12529 |   10  5271    0.0026    0.0003    0.0001 |
    5.280     3     4     3.7     37  12566 |   10  5281    0.0019    0.0002    0.0001 |
    5.290     3     4     3.7     37  12603 |   10  5291    0.0018    0.0002    0.0000 |
    5.300     3     4     3.7     37  12640 |   10  5301    0.0021    0.0002    0.0001 |
    5.310     3     4     3.7     37  12677 |   10  5311    0.0018    0.0002    0.0000 |
    5.320     3     4     3.8     38  12715 |   10  5321    0.0023    0.0002    0.0001 |
    5.330     3     4     3.7     37  12752 |   10  5331    0.0021    0.0002    0.0001 |
    5.340     3     4     3.7     37  12789 |   10  5341    0.0017    0.0002    0.0000 |
    5.350     3     4     3.7     37  12826 |   10  5351    0.0020    0.0002    0.0001 |
    5.360     3     4     3.7     37  12863 |   10  5361    0.0027    0.0003    0.0001 |
    5.370     3     4     3.7     37  12900 |   10  5371    0.0018    0.0002    0.0000 |
    5.380     3     4     3.8     38  12938 |   10  5381    0.0017    0.0002    0.0000 |
    5.390     3     4     3.7     37  12975 |   10  5391    0.0016    0.0002    0.0000 |
    5.400     3     4     3.7     37  13012 |   10  5401    0.0015    0.0002    0.0000 |
    5.410     3     4     3.7     37  13049 |   10  5411    0.0024    0.0002    0.0001 |
    5.420     3     4     3.7     37  13086 |   10  5421    0.0027    0.0003    0.0001 |
    5.430     3     4     3.6     36  13122 |   10  5431    0.0022    0.0002    0.0001 |
    5.440     3     4     3.7     37  13159 |   10  5441    0.0022    0.0002    0.0001 |
    5.450     3     4     3.7     37  13196 |   10  5451    0.0021    0.0002    0.0001 |
    5.460     3     4     3.8     38  13234 |   10  5461    0.0023    0.0002    0.0001 |
    5.470     3     4     3.7     37  13271 |   10  5471    0.0020    0.0002    0.0001 |
    5.480     3     4     3.7     37  13308 |   10  5481    0.0022    0.0002    0.0001 |
    5.490     3     4     3.7     37  13345 |   10  5491    0.0016    0.0002    0.0000 |
    5.500     3     4     3.7     37  13382 |   10  5501    0.0020    0.0002    0.0001 |
    5.510     3     4     3.7     37  13419 |   10  5511    0.0022    0.0002    0.0001 |
    5.520     3     4     3.8     38  13457 |   10  5521    0.0019    0.0002    0.0000 |
    5.530     3     4     3.7     37  13494 |   10  5531    0.0017    0.0002    0.0000 |
    5.540     3     4     3.7     37  13531 |   10  5541    0.0018    0.0002    0.0000 |
    5.550     3     4     3.7     37  13568 |   10  5551    0.0024    0.0002    0.0001 |
    5.560     3     4     3.7     37  13605 |   10  5561    0.0021    0.0002    0.0001 |
    5.570     3     4     3.7     37  13642 |   10  5571    0.0017    0.0002    0.0000 |
    5.580     3     4     3.7     37  13679 |   10  5581    0.0019    0.0002    0.0001 |
    5.590     3     4     3.8     38  13717 |   10  5591    0.0016    0.0002    0.0000 |
    5.600     3     4     3.7     37  13754 |   10  5601    0.0022    0.0002    0.0001 |
    5.610     3     4     3.7     37  13791 |   10  5611    0.0017    0.0002    0.0000 |
    5.620     3     4     3.7     37  13828 |   10  5621    0.0020    0.0002    0.0001 |
    5.630     3     4     3.5     35  13863 |   10  5631    0.0016    0.0002    0.0000 |
    5.640     3     4     3.7     37  13900 |   10  5641    0.0022    0.0002    0.0001 |
    5.650     3     4     3.7     37  13937 |   10  5651    0.0021    0.0002    0.0001 |
    5.660     3     4     3.7     37  13974 |   10  5661    0.0017    0.0002    0.0000 |
    5.670     3     4     3.7     37  14011 |   10  5671    0.0019    0.0002    0.0001 |
    5.680     3     4     3.8     38  14049 |   10  5681    0.0019    0.0002    0.0001 |
    5.690     3     4     3.7     37  14086 |   10  5691    0.0027    0.0003    0.0001 |
    5.700     3     4     3.7     37  14123 |   10  5701    0.0021    0.0002    0.0001 |
    5.710     3     4     3.7     37  14160 |   10  5711    0.0017    0.0002    0.0000 |
    5.720     3     4     3.7     37  14197 |   10  5721    0.0020    0.0002    0.0001 |
    5.730     3     4     3.7     37  14234 |   10  5731    0.0023    0.0002    0.0001 |
    5.740     3     4     3.7     37  14271 |   10  5741    0.0020    0.0002    0.0001 |
    5.750     3     4     3.8     38  14309 |   10  5751    0.0018    0.0002    0.0000 |
    5.760     3     4     3.7     37  14346 |   10  5761    0.0017    0.0002    0.0000 |
    5.770     3     4     3.7     37  14383 |   10  5771    0.0016    0.0002    0.0000 |
    5.780     3     4     3.7     37  14420 |   10  5781    0.0024    0.0002    0.0001 |
    5.790     3     4     3.7     37  14457 |   10  5791    0.0022    0.0002    0.0001 |
    5.800     3     4     3.7     37  14494 |   10  5801    0.0020    0.0002    0.0001 |
    5.810     3     4     3.7     37  14531 |   10  5811    0.0017    0.0002    0.0000 |
    5.820     3     4     3.8     38  14569 |   10  5821    0.0020    0.0002    0.0001 |
    5.830     3     4     3.7     37  14606 |   10  5831    0.0021    0.0002    0.0001 |
    5.840     3     4     3.7     37  14643 |   10  5841    0.0020    0.0002    0.0001 |
    5.850     3     4     3.7     37  14680 |   10  5851    0.0020    0.0002    0.0001 |
    5.860     3     4     3.7     37  14717 |   10  5861    0.0019    0.0002    0.0001 |
    5.870     3     4     3.7     37  14754 |   10  5871    0.0024    0.0002    0.0001 |
    5.880     3     4     3.7     37  14791 |   10  5881    0.0019    0.0002    0.0001 |
    5.890     3     4     3.7     37  14828 |   10  5891    0.0020    0.0002    0.0001 |
    5.900     3     4     3.8     38  14866 |   10  5901    0.0020    0.0002    0.0001 |
    5.910     3     4     3.7     37  14903 |   10  5911    0.0022    0.0002    0.0001 |
    5.920     3     4     3.7     37  14940 |   10  5921    0.0023    0.0002    0.0001 |
    5.930     3     4     3.7     37  14977 |   10  5931    0.0018    0.0002    0.0000 |
    5.940     3     4     3.7     37  15014 |   10  5941    0.0019    0.0002    0.0001 |
    5.950     3     4     3.7     37  15051 |   10  5951    0.0017    0.0002    0.0000 |
    5.960     3     4     3.7     37  15088 |   10  5961    0.0024    0.0002    0.0001 |
    5.970     3     4     3.7     37  15125 |   10  5971    0.0019    0.0002    0.0001 |
    5.980     3     4     3.8     38  15163 |   10  5981    0.0018    0.0002    0.0000 |
    5.990     3     4     3.7     37  15200 |   10  5991    0.0019    0.0002    0.0001 |
    6.000     3     4     3.7     37  15237 |   10  6001    0.0023    0.0002    0.0001 |
    6.010     3     4     3.7     37  15274 |   10  6011    0.0020    0.0002    0.0001 |
    6.020     3     4     3.7     37  15311 |   10  6021    0.0019    0.0002    0.0001 |
    6.030     3     4     3.7     37  15348 |   10  6031    0.0017    0.0002    0.0000 |
    6.040     3     4     3.7     37  15385 |   10  6041    0.0016    0.0002    0.0000 |
    6.050     3     4     3.7     37  15422 |   10  6051    0.0025    0.0002    0.0001 |
    6.060     3     4     3.7     37  15459 |   10  6061    0.0021    0.0002    0.0001 |
    6.070     3     4     3.8     38  15497 |   10  6071    0.0023    0.0002    0.0001 |
    6.080     3     4     3.7     37  15534 |   10  6081    0.0021    0.0002    0.0001 |
    6.090     3     4     3.7     37  15571 |   10  6091    0.0023    0.0002    0.0001 |
    6.100     3     4     3.7     37  15608 |   10  6101    0.0025    0.0002    0.0001 |
    6.110     3     4     3.7     37  15645 |   10  6111    0.0021    0.0002    0.0001 |
    6.120     3     4     3.7     37  15682 |   10  6121    0.0017    0.0002    0.0000 |
    6.130     3     4     3.7     37  15719 |   10  6131    0.0018    0.0002    0.0000 |
    6.140     3     4     3.7     37  15756 |   10  6141    0.0023    0.0002    0.0001 |
    6.150     3     4     3.7     37  15793 |   10  6151    0.0021    0.0002    0.0001 |
    6.160     3     4     3.7     37  15830 |   10  6161    0.0019    0.0002    0.0001 |
    6.170     3     4     3.7     37  15867 |   10  6171    0.0020    0.0002    0.0001 |
    6.180     3     4     3.7     37  15904 |   10  6181    0.0023    0.0002    0.0001 |
    6.190     3     4     3.7     37  15941 |   10  6191    0.0023    0.0002    0.0001 |
    6.200     3     4     3.7     37  15978 |   10  6201    0.0017    0.0002    0.0000 |
    6.210     3     4     3.7     37  16015 |   10  6211    0.0018    0.0002    0.0000 |
    6.220     3     4     3.7     37  16052 |   10  6221    0.0016    0.0002    0.0000 |
    6.230     3     4     3.8     38  16090 |   10  6231    0.0023    0.0002    0.0001 |
    6.240     3     4     3.7     37  16127 |   10  6241    0.0017    0.0002    0.0000 |
    6.250     3     4     3.7     37  16164 |   10  6251    0.0017    0.0002    0.0000 |
    6.260     3     4     3.7     37  16201 |   10  6261    0.0019    0.0002    0.0001 |
    6.270     3     4     3.8     38  16239 |   10  6271    0.0022    0.0002    0.0001 |
    6.280     3     4     3.7     37  16276 |   10  6281    0.0022    0.0002    0.0001 |
    6.290     3     4     3.7     37  16313 |   10  6291    0.0021    0.0002    0.0001 |
    6.300     3     4     3.7     37  16350 |   10  6301    0.0016    0.0002    0.0000 |
    6.310     3     4     3.7     37  16387 |   10  6311    0.0023    0.0002    0.0001 |
    6.320     3     4     3.7     37  16424 |   10  6321    0.0023    0.0002    0.0001 |
    6.330     3     4     3.7     37  16461 |   10  6331    0.0018    0.0002    0.0000 |
    6.340     3     4     3.7     37  16498 |   10  6341    0.0020    0.0002    0.0001 |
    6.350     3     4     3.7     37  16535 |   10  6351    0.0019    0.0002    0.0001 |
    6.360     3     4     3.7     37  16572 |   10  6361    0.0026    0.0003    0.0001 |
    6.370     3     4     3.7     37  16609 |   10  6371    0.0022    0.0002    0.0001 |
    6.380     3     4     3.7     37  16646 |   10  6381    0.0017    0.0002    0.0000 |
    6.390     3     4     3.7     37  16683 |   10  6391    0.0020    0.0002    0.0001 |
    6.400     3     4     3.7     37  16720 |   10  6401    0.0019    0.0002    0.0001 |
    6.410     3     4     3.7     37  16757 |   10  6411    0.0025    0.0002    0.0001 |
    6.420     3     4     3.7     37  16794 |   10  6421    0.0017    0.0002    0.0000 |
    6.430     3     4     3.7     37  16831 |   10  6431    0.0019    0.0002    0.0001 |
    6.440     3     4     3.7     37  16868 |   10  6441    0.0015    0.0002    0.0000 |
    6.450     3     4     3.7     37  16905 |   10  6451    0.0022    0.0002    0.0001 |
    6.460     3     4     3.7     37  16942 |   10  6461    0.0023    0.0002    0.0001 |
    6.470     3     4     3.8     38  16980 |   10  6471    0.0022    0.0002    0.0001 |
    6.480     3     4     3.7     37  17017 |   10  6481    0.0019    0.0002    0.0001 |
    6.490     3     4     3.7     37  17054 |   10  6491    0.0019    0.0002    0.0001 |
    6.500     3     4     3.7     37  17091 |   10  6501    0.0024    0.0002    0.0001 |
    6.510     3     4     3.7     37  17128 |   10  6511    0.0021    0.0002    0.0001 |
    6.520     3     4     3.8     38  17166 |   10  6521    0.0018    0.0002    0.0000 |
    6.530     3     4     3.7     37  17203 |   10  6531    0.0017    0.0002    0.0000 |
    6.540     3     4     3.7     37  17240 |   10  6541    0.0026    0.0003    0.0001 |
    6.550     3     4     3.7     37  17277 |   10  6551    0.0017    0.0002    0.0000 |
    6.560     3     4     3.7     37  17314 |   10  6561    0.0018    0.0002    0.0000 |
    6.570     3     4     3.7     37  17351 |   10  6571    0.0015    0.0001    0.0000 |
    6.580     3     4     3.7     37  17388 |   10  6581    0.0017    0.0002    0.0000 |
    6.590     3     4     3.7     37  17425 |   10  6591    0.0023    0.0002    0.0001 |
    6.600     3     4     3.7     37  17462 |   10  6601    0.0019    0.0002    0.0001 |
    6.610     3     4     3.7     37  17499 |   10  6611    0.0020    0.0002    0.0001 |
    6.620     3     4     3.7     37  17536 |   10  6621    0.0016    0.0002    0.0000 |
    6.630     3     4     3.7     37  17573 |   10  6631    0.0026    0.0003    0.0001 |
    6.640     3     4     3.7     37  17610 |   10  6641    0.0021    0.0002    0.0001 |
    6.650     3     4     3.7     37  17647 |   10  6651    0.0017    0.0002    0.0000 |
    6.660     3     4     3.7     37  17684 |   10  6661    0.0018    0.0002    0.0000 |
    6.670     3     4     3.7     37  17721 |   10  6671    0.0018    0.0002    0.0000 |
    6.680     3     4     3.7     37  17758 |   10  6681    0.0024    0.0002    0.0001 |
    6.690     3     4     3.7     37  17795 |   10  6691    0.0017    0.0002    0.0000 |
    6.700     3     4     3.7     37  17832 |   10  6701    0.0021    0.0002    0.0001 |
    6.710     3     4     3.7     37  17869 |   10  6711    0.0023    0.0002    0.0001 |
    6.720     3     4     3.7     37  17906 |   10  6721    0.0023    0.0002    0.0001 |
    6.730     3     4     3.7     37  17943 |   10  6731    0.0023    0.0002    0.0001 |
    6.740     3     4     3.7     37  17980 |   10  6741    0.0019    0.0002    0.0001 |
    6.750     3     4     3.7     37  18017 |   10  6751    0.0016    0.0002    0.0000 |
    6.760     3     4     3.7     37  18054 |   10  6761    0.0018    0.0002    0.0000 |
    6.770     3     4     3.7     37  18091 |   10  6771    0.0025    0.0003    0.0001 |
    6.780     3     4     3.7     37  18128 |   10  6781    0.0017    0.0002    0.0000 |
    6.790     3     4     3.7     37  18165 |   10  6791    0.0018    0.0002    0.0000 |
    6.800     3     4     3.7     37  18202 |   10  6801    0.0020    0.0002    0.0001 |
    6.810     3     4     3.7     37  18239 |   10  6811    0.0021    0.0002    0.0001 |
    6.820     3     4     3.7     37  18276 |   10  6821    0.0023    0.0002    0.0001 |
    6.830     3     4     3.7     37  18313 |   10  6831    0.0019    0.0002    0.0001 |
    6.840     3     4     3.7     37  18350 |   10  6841    0.0014    0.0001    0.0000 |
    6.850     3     4     3.7     37  18387 |   10  6851    0.0015    0.0001    0.0000 |
    6.860     3     4     3.7     37  18424 |   10  6861    0.0024    0.0002    0.0001 |
    6.870     3     4     3.7     37  18461 |   10  6871    0.0020    0.0002    0.0001 |
    6.880     3     4     3.7     37  18498 |   10  6881    0.0020    0.0002    0.0001 |
    6.890     3     4     3.7     37  18535 |   10  6891    0.0019    0.0002    0.0001 |
    6.900     3     4     3.7     37  18572 |   10  6901    0.0022    0.0002    0.0001 |
    6.910     3     4     3.7     37  18609 |   10  6911    0.0024    0.0002    0.0001 |
    6.920     3     4     3.7     37  18646 |   10  6921    0.0019    0.0002    0.0001 |
    6.930     3     4     3.7     37  18683 |   10  6931    0.0021    0.0002    0.0001 |
    6.940     3     4     3.7     37  18720 |   10  6941    0.0027    0.0003    0.0001 |
    6.950     3     4     3.6     36  18756 |   10  6951    0.0016    0.0002    0.0000 |
    6.960     3     4     3.7     37  18793 |   10  6961    0.0025    0.0003    0.0001 |
    6.970     3     4     3.7     37  18830 |   10  6971    0.0019    0.0002    0.0001 |
    6.980     3     4     3.7     37  18867 |   10  6981    0.0019    0.0002    0.0001 |
    6.990     3     4     3.7     37  18904 |   10  6991    0.0021    0.0002    0.0001 |
    7.000     3     4     3.7     37  18941 |   10  7001    0.0019    0.0002    0.0001 |
    7.010     3     4     3.7     37  18978 |   10  7011    0.0018    0.0002    0.0000 |
    7.020     3     4     3.6     36  19014 |   10  7021    0.0018    0.0002    0.0001 |
    7.030     3     4     3.8     38  19052 |   10  7031    0.0017    0.0002    0.0000 |
    7.040     3     4     3.7     37  19089 |   10  7041    0.0026    0.0003    0.0001 |
    7.050     3     4     3.7     37  19126 |   10  7051    0.0018    0.0002    0.0000 |
    7.060     3     4     3.7     37  19163 |   10  7061    0.0018    0.0002    0.0000 |
    7.070     3     4     3.7     37  19200 |   10  7071    0.0017    0.0002    0.0000 |
    7.080     3     4     3.6     36  19236 |   10  7081    0.0025    0.0002    0.0001 |
    7.090     3     4     3.7     37  19273 |   10  7091    0.0025    0.0003    0.0001 |
    7.100     3     4     3.7     37  19310 |   10  7101    0.0016    0.0002    0.0000 |
    7.110     3     4     3.7     37  19347 |   10  7111    0.0022    0.0002    0.0001 |
    7.120     3     4     3.7     37  19384 |   10  7121    0.0018    0.0002    0.0000 |
    7.130     3     4     3.7     37  19421 |   10  7131    0.0025    0.0002    0.0001 |
    7.140     3     4     3.7     37  19458 |   10  7141    0.0019    0.0002    0.0001 |
    7.150     3     4     3.7     37  19495 |   10  7151    0.0019    0.0002    0.0001 |
    7.160     3     4     3.7     37  19532 |   10  7161    0.0020    0.0002    0.0001 |
    7.170     3     4     3.7     37  19569 |   10  7171    0.0023    0.0002    0.0001 |
    7.180     3     4     3.7     37  19606 |   10  7181    0.0022    0.0002    0.0001 |
    7.190     3     4     3.7     37  19643 |   10  7191    0.0018    0.0002    0.0000 |
    7.200     3     4     3.7     37  19680 |   10  7201    0.0017    0.0002    0.0000 |
    7.210     3     4     3.7     37  19717 |   10  7211    0.0021    0.0002    0.0001 |
    7.220     3     4     3.7     37  19754 |   10  7221    0.0026    0.0003    0.0001 |
    7.230     3     4     3.7     37  19791 |   10  7231    0.0016    0.0002    0.0000 |
    7.240     3     4     3.7     37  19828 |   10  7241    0.0018    0.0002    0.0000 |
    7.250     3     4     3.7     37  19865 |   10  7251    0.0018    0.0002    0.0000 |
    7.260     3     4     3.6     36  19901 |   10  7261    0.0019    0.0002    0.0001 |
    7.270     3     4     3.7     37  19938 |   10  7271    0.0022    0.0002    0.0001 |
    7.280     3     4     3.7     37  19975 |   10  7281    0.0018    0.0002    0.0000 |
    7.290     3     4     3.7     37  20012 |   10  7291    0.0019    0.0002    0.0001 |
    7.300     3     4     3.7     37  20049 |   10  7301    0.0017    0.0002    0.0000 |
    7.310     3     4     3.7     37  20086 |   10  7311    0.0027    0.0003    0.0001 |
    7.320     3     4     3.7     37  20123 |   10  7321    0.0017    0.0002    0.0000 |
    7.330     3     4     3.7     37  20160 |   10  7331    0.0020    0.0002    0.0001 |
    7.340     3     4     3.7     37  20197 |   10  7341    0.0017    0.0002    0.0000 |
    7.350     3     4     3.7     37  20234 |   10  7351    0.0023    0.0002    0.0001 |
    7.360     3     4     3.7     37  20271 |   10  7361    0.0023    0.0002    0.0001 |
    7.370     3     4     3.6     36  20307 |   10  7371    0.0017    0.0002    0.0000 |
    7.380     3     4     3.7     37  20344 |   10  7381    0.0015    0.0001    0.0000 |
    7.390     3     4     3.7     37  20381 |   10  7391    0.0018    0.0002    0.0000 |
    7.400     3     4     3.7     37  20418 |   10  7401    0.0026    0.0003    0.0001 |
    7.410     3     4     3.7     37  20455 |   10  7411    0.0018    0.0002    0.0000 |
    7.420     3     4     3.7     37  20492 |   10  7421    0.0018    0.0002    0.0000 |
    7.430     3     4     3.7     37  20529 |   10  7431    0.0018    0.0002    0.0000 |
    7.440     3     4     3.7     37  20566 |   10  7441    0.0023    0.0002    0.0001 |
    7.450     3     4     3.7     37  20603 |   10  7451    0.0019    0.0002    0.0001 |
    7.460     3     4     3.6     36  20639 |   10  7461    0.0023    0.0002    0.0001 |
    7.470     3     4     3.7     37  20676 |   10  7471    0.0018    0.0002    0.0000 |
    7.480     3     4     3.7     37  20713 |   10  7481    0.0016    0.0002    0.0000 |
    7.490     3     4     3.7     37  20750 |   10  7491    0.0024    0.0002    0.0001 |
    7.500     3     4     3.7     37  20787 |   10  7501    0.0024    0.0002    0.0001 |
    7.510     3     4     3.7     37  20824 |   10  7511    0.0019    0.0002    0.0001 |
    7.520     3     4     3.6     36  20860 |   10  7521    0.0019    0.0002    0.0001 |
    7.530     3     4     3.7     37  20897 |   10  7531    0.0023    0.0002    0.0001 |
    7.540     3     4     3.7     37  20934 |   10  7541    0.0021    0.0002    0.0001 |
    7.550     3     4     3.7     37  20971 |   10  7551    0.0020    0.0002    0.0001 |
    7.560     3     4     3.7     37  21008 |   10  7561    0.0020    0.0002    0.0001 |
    7.570     3     4     3.6     36  21044 |   10  7571    0.0020    0.0002    0.0001 |
    7.580     3     4     3.7     37  21081 |   10  7581    0.0022    0.0002    0.0001 |
    7.590     3     4     3.7     37  21118 |   10  7591    0.0017    0.0002    0.0000 |
    7.600     3     4     3.6     36  21154 |   10  7601    0.0022    0.0002    0.0001 |
    7.610     3     4     3.7     37  21191 |   10  7611    0.0019    0.0002    0.0001 |
    7.620     3     4     3.8     38  21229 |   10  7621    0.0026    0.0003    0.0001 |
    7.630     3     4     3.7     37  21266 |   10  7631    0.0018    0.0002    0.0000 |
    7.640     3     4     3.7     37  21303 |   10  7641    0.0015    0.0001    0.0000 |
    7.650     3     4     3.6     36  21339 |   10  7651    0.0020    0.0002    0.0001 |
    7.660     3     4     3.6     36  21375 |   10  7661    0.0017    0.0002    0.0000 |
    7.670     3     4     3.7     37  21412 |   10  7671    0.0023    0.0002    0.0001 |
    7.680     3     4     3.7     37  21449 |   10  7681    0.0018    0.0002    0.0000 |
    7.690     3     4     3.7     37  21486 |   10  7691    0.0019    0.0002    0.0001 |
    7.700     3     4     3.6     36  21522 |   10  7701    0.0019    0.0002    0.0001 |
    7.710     3     4     3.7     37  21559 |   10  7711    0.0028    0.0003    0.0001 |
    7.720     3     4     3.7     37  21596 |   10  7721    0.0016    0.0002    0.0000 |
    7.730     3     4     3.7     37  21633 |   10  7731    0.0019    0.0002    0.0001 |
    7.740     3     4     3.7     37  21670 |   10  7741    0.0018    0.0002    0.0000 |
    7.750     3     4     3.7     37  21707 |   10  7751    0.0018    0.0002    0.0000 |
    7.760     3     4     3.7     37  21744 |   10  7761    0.0024    0.0002    0.0001 |
    7.770     3     4     3.6     36  21780 |   10  7771    0.0018    0.0002    0.0000 |
    7.780     3     4     3.7     37  21817 |   10  7781    0.0019    0.0002    0.0001 |
    7.790     3     4     3.6     36  21853 |   10  7791    0.0018    0.0002    0.0001 |
    7.800     3     4     3.6     36  21889 |   10  7801    0.0028    0.0003    0.0001 |
    7.810     3     4     3.7     37  21926 |   10  7811    0.0020    0.0002    0.0001 |
    7.820     3     4     3.6     36  21962 |   10  7821    0.0017    0.0002    0.0000 |
    7.830     3     4     3.7     37  21999 |   10  7831    0.0018    0.0002    0.0000 |
    7.840     3     4     3.7     37  22036 |   10  7841    0.0020    0.0002    0.0001 |
    7.850     3     4     3.6     36  22072 |   10  7851    0.0022    0.0002    0.0001 |
    7.860     3     4     3.7     37  22109 |   10  7861    0.0019    0.0002    0.0001 |
    7.870     3     4     3.6     36  22145 |   10  7871    0.0018    0.0002    0.0001 |
    7.880     3     4     3.7     37  22182 |   10  7881    0.0017    0.0002    0.0000 |
    7.890     3     4     3.7     37  22219 |   10  7891    0.0023    0.0002    0.0001 |
    7.900     3     4     3.6     36  22255 |   10  7901    0.0019    0.0002    0.0001 |
    7.910     3     4     3.7     37  22292 |   10  7911    0.0020    0.0002    0.0001 |
    7.920     3     4     3.7     37  22329 |   10  7921    0.0020    0.0002    0.0001 |
    7.930     3     4     3.6     36  22365 |   10  7931    0.0022    0.0002    0.0001 |
    7.940     3     4     3.7     37  22402 |   10  7941    0.0022    0.0002    0.0001 |
    7.950     3     4     3.7     37  22439 |   10  7951    0.0018    0.0002    0.0000 |
    7.960     3     4     3.6     36  22475 |   10  7961    0.0020    0.0002    0.0001 |
    7.970     3     4     3.7     37  22512 |   10  7971    0.0023    0.0002    0.0001 |
    7.980     3     4     3.7     37  22549 |   10  7981    0.0026    0.0003    0.0001 |
    7.990     3     4     3.6     36  22585 |   10  7991    0.0017    0.0002    0.0000 |
    8.000     3     4     3.7     37  22622 |   10  8001    0.0020    0.0002    0.0001 |
    8.010     3     4     3.7     37  22659 |   10  8011    0.0019    0.0002    0.0001 |
    8.020     3     4     3.6     36  22695 |   10  8021    0.0025    0.0002    0.0001 |
    8.030     3     4     3.7     37  22732 |   10  8031    0.0019    0.0002    0.0001 |
    8.040     3     4     3.6     36  22768 |   10  8041    0.0018    0.0002    0.0000 |
    8.050     3     4     3.7     37  22805 |   10  8051    0.0016    0.0002    0.0000 |
    8.060     3     4     3.7     37  22842 |   10  8061    0.0018    0.0002    0.0000 |
    8.070     3     4     3.6     36  22878 |   10  8071    0.0021    0.0002    0.0001 |
    8.080     3     4     3.7     37  22915 |   10  8081    0.0019    0.0002    0.0001 |
    8.090     3     4     3.7     37  22952 |   10  8091    0.0018    0.0002    0.0000 |
    8.100     3     4     3.6     36  22988 |   10  8101    0.0017    0.0002    0.0000 |
    8.110     3     4     3.7     37  23025 |   10  8111    0.0022    0.0002    0.0001 |
    8.120     3     4     3.7     37  23062 |   10  8121    0.0021    0.0002    0.0001 |
    8.130     3     4     3.7     37  23099 |   10  8131    0.0019    0.0002    0.0001 |
    8.140     3     4     3.6     36  23135 |   10  8141    0.0017    0.0002    0.0000 |
    8.150     3     4     3.7     37  23172 |   10  8151    0.0018    0.0002    0.0000 |
    8.160     3     4     3.7     37  23209 |   10  8161    0.0026    0.0003    0.0001 |
    8.170     3     4     3.6     36  23245 |   10  8171    0.0020    0.0002    0.0001 |
    8.180     3     4     3.7     37  23282 |   10  8181    0.0016    0.0002    0.0000 |
    8.190     3     4     3.7     37  23319 |   10  8191    0.0018    0.0002    0.0000 |
    8.200     3     4     3.6     36  23355 |   10  8201    0.0023    0.0002    0.0001 |
    8.210     3     4     3.7     37  23392 |   10  8211    0.0022    0.0002    0.0001 |
    8.220     3     4     3.6     36  23428 |   10  8221    0.0021    0.0002    0.0001 |
    8.230     3     4     3.7     37  23465 |   10  8231    0.0017    0.0002    0.0000 |
    8.240     3     4     3.6     36  23501 |   10  8241    0.0019    0.0002    0.0001 |
    8.250     3     4     3.6     36  23537 |   10  8251    0.0024    0.0002    0.0001 |
    8.260     3     4     3.7     37  23574 |   10  8261    0.0015    0.0002    0.0000 |
    8.270     3     4     3.7     37  23611 |   10  8271    0.0019    0.0002    0.0001 |
    8.280     3     4     3.6     36  23647 |   10  8281    0.0014    0.0001    0.0000 |
    8.290     3     4     3.7     37  23684 |   10  8291    0.0025    0.0002    0.0001 |
    8.300     3     4     3.7     37  23721 |   10  8301    0.0024    0.0002    0.0001 |
    8.310     3     4     3.6     36  23757 |   10  8311    0.0018    0.0002    0.0001 |
    8.320     3     4     3.7     37  23794 |   10  8321    0.0020    0.0002    0.0001 |
    8.330     3     4     3.6     36  23830 |   10  8331    0.0017    0.0002    0.0000 |
    8.340     3     4     3.7     37  23867 |   10  8341    0.0027    0.0003    0.0001 |
    8.350     3     4     3.6     36  23903 |   10  8351    0.0019    0.0002    0.0001 |
    8.360     3     4     3.7     37  23940 |   10  8361    0.0017    0.0002    0.0000 |
    8.370     3     4     3.6     36  23976 |   10  8371    0.0019    0.0002    0.0001 |
    8.380     3     4     3.7     37  24013 |   10  8381    0.0022    0.0002    0.0001 |
    8.390     3     4     3.7     37  24050 |   10  8391    0.0020    0.0002    0.0001 |
    8.400     3     4     3.6     36  24086 |   10  8401    0.0020    0.0002    0.0001 |
    8.410     3     4     3.7     37  24123 |   10  8411    0.0018    0.0002    0.0000 |
    8.420     3     4     3.7     37  24160 |   10  8421    0.0024    0.0002    0.0001 |
    8.430     3     4     3.6     36  24196 |   10  8431    0.0022    0.0002    0.0001 |
    8.440     3     4     3.7     37  24233 |   10  8441    0.0023    0.0002    0.0001 |
    8.450     3     4     3.7     37  24270 |   10  8451    0.0022    0.0002    0.0001 |
    8.460     3     4     3.6     36  24306 |   10  8461    0.0021    0.0002    0.0001 |
    8.470     3     4     3.7     37  24343 |   10  8471    0.0019    0.0002    0.0001 |
    8.480     3     4     3.7     37  24380 |   10  8481    0.0018    0.0002    0.0000 |
    8.490     3     4     3.6     36  24416 |   10  8491    0.0016    0.0002    0.0000 |
    8.500     3     4     3.7     37  24453 |   10  8501    0.0015    0.0001    0.0000 |
    8.510     3     4     3.7     37  24490 |   10  8511    0.0023    0.0002    0.0001 |
    8.520     3     4     3.6     36  24526 |   10  8521    0.0019    0.0002    0.0001 |
    8.530     3     4     3.7     37  24563 |   10  8531    0.0020    0.0002    0.0001 |
    8.540     3     4     3.7     37  24600 |   10  8541    0.0017    0.0002    0.0000 |
    8.550     3     4     3.6     36  24636 |   10  8551    0.0015    0.0001    0.0000 |
    8.560     3     4     3.7     37  24673 |   10  8561    0.0024    0.0002    0.0001 |
    8.570     3     4     3.7     37  24710 |   10  8571    0.0020    0.0002    0.0001 |
    8.580     3     4     3.6     36  24746 |   10  8581    0.0019    0.0002    0.0001 |
    8.590     3     4     3.6     36  24782 |   10  8591    0.0019    0.0002    0.0001 |
    8.600     3     4     3.7     37  24819 |   10  8601    0.0023    0.0002    0.0001 |
    8.610     3     4     3.7     37  24856 |   10  8611    0.0019    0.0002    0.0001 |
    8.620     3     4     3.6     36  24892 |   10  8621    0.0017    0.0002    0.0000 |
    8.630     3     4     3.7     37  24929 |   10  8631    0.0018    0.0002    0.0000 |
    8.640     3     4     3.6     36  24965 |   10  8641    0.0019    0.0002    0.0001 |
    8.650     3     4     3.7     37  25002 |   10  8651    0.0022    0.0002    0.0001 |
    8.660     3     4     3.6     36  25038 |   10  8661    0.0018    0.0002    0.0000 |
    8.670     3     4     3.7     37  25075 |   10  8671    0.0019    0.0002    0.0001 |
    8.680     3     4     3.6     36  25111 |   10  8681    0.0015    0.0002    0.0000 |
    8.690     3     4     3.7     37  25148 |   10  8691    0.0025    0.0002    0.0001 |
    8.700     3     4     3.6     36  25184 |   10  8701    0.0019    0.0002    0.0001 |
    8.710     3     4     3.7     37  25221 |   10  8711    0.0020    0.0002    0.0001 |
    8.720     3     4     3.6     36  25257 |   10  8721    0.0018    0.0002    0.0001 |
    8.730     3     4     3.6     36  25293 |   10  8731    0.0020    0.0002    0.0001 |
    8.740     3     4     3.6     36  25329 |   10  8741    0.0024    0.0002    0.0001 |
    8.750     3     4     3.7     37  25366 |   10  8751    0.0019    0.0002    0.0001 |
    8.760     3     4     3.6     36  25402 |   10  8761    0.0018    0.0002    0.0000 |
    8.770     3     4     3.7     37  25439 |   10  8771    0.0019    0.0002    0.0001 |
    8.780     3     4     3.6     36  25475 |   10  8781    0.0024    0.0002    0.0001 |
    8.790     3     4     3.7     37  25512 |   10  8791    0.0020    0.0002    0.0001 |
    8.800     3     4     3.6     36  25548 |   10  8801    0.0017    0.0002    0.0000 |
    8.810     3     4     3.6     36  25584 |   10  8811    0.0018    0.0002    0.0000 |
    8.820     3     4     3.7     37  25621 |   10  8821    0.0018    0.0002    0.0000 |
    8.830     3     4     3.5     35  25656 |   10  8831    0.0023    0.0002    0.0001 |
    8.840     3     4     3.7     37  25693 |   10  8841    0.0019    0.0002    0.0001 |
    8.850     3     4     3.6     36  25729 |   10  8851    0.0014    0.0001    0.0000 |
    8.860     3     4     3.6     36  25765 |   10  8861    0.0016    0.0002    0.0000 |
    8.870     3     4     3.7     37  25802 |   10  8871    0.0022    0.0002    0.0001 |
    8.880     3     4     3.6     36  25838 |   10  8881    0.0018    0.0002    0.0000 |
    8.890     3     4     3.6     36  25874 |   10  8891    0.0020    0.0002    0.0001 |
    8.900     3     4     3.7     37  25911 |   10  8901    0.0015    0.0002    0.0000 |
    8.910     3     4     3.6     36  25947 |   10  8911    0.0015    0.0001    0.0000 |
    8.920     3     4     3.6     36  25983 |   10  8921    0.0023    0.0002    0.0001 |
    8.930     3     4     3.7     37  26020 |   10  8931    0.0018    0.0002    0.0000 |
    8.940     3     4     3.6     36  26056 |   10  8941    0.0017    0.0002    0.0000 |
    8.950     3     4     3.6     36  26092 |   10  8951    0.0017    0.0002    0.0000 |
    8.960     3     4     3.7     37  26129 |   10  8961    0.0021    0.0002    0.0001 |
    8.970     3     4     3.6     36  26165 |   10  8971    0.0022    0.0002    0.0001 |
    8.980     3     4     3.6     36  26201 |   10  8981    0.0020    0.0002    0.0001 |
    8.990     3     4     3.7     37  26238 |   10  8991    0.0017    0.0002    0.0000 |
    9.000     3     4     3.6     36  26274 |   10  9001    0.0017    0.0002    0.0000 |
    9.010     3     4     3.6     36  26310 |   10  9011    0.0023    0.0002    0.0001 |
    9.020     3     4     3.6     36  26346 |   10  9021    0.0020    0.0002    0.0001 |
    9.030     3     4     3.7     37  26383 |   10  9031    0.0022    0.0002    0.0001 |
    9.040     3     4     3.6     36  26419 |   10  9041    0.0019    0.0002    0.0001 |
    9.050     3     4     3.6     36  26455 |   10  9051    0.0021    0.0002    0.0001 |
    9.060     3     4     3.6     36  26491 |   10  9061    0.0020    0.0002    0.0001 |
    9.070     3     4     3.7     37  26528 |   10  9071    0.0020    0.0002    0.0001 |
    9.080     3     4     3.6     36  26564 |   10  9081    0.0019    0.0002    0.0001 |
    9.090     3     4     3.6     36  26600 |   10  9091    0.0018    0.0002    0.0001 |
    9.100     3     4     3.6     36  26636 |   10  9101    0.0024    0.0002    0.0001 |
    9.110     3     4     3.7     37  26673 |   10  9111    0.0017    0.0002    0.0000 |
    9.120     3     4     3.6     36  26709 |   10  9121    0.0017    0.0002    0.0000 |
    9.130     3     4     3.6     36  26745 |   10  9131    0.0014    0.0001    0.0000 |
    9.140     3     4     3.6     36  26781 |   10  9141    0.0017    0.0002    0.0000 |
    9.150     3     4     3.7     37  26818 |   10  9151    0.0026    0.0003    0.0001 |
    9.160     3     4     3.6     36  26854 |   10  9161    0.0020    0.0002    0.0001 |
    9.170     3     4     3.6     36  26890 |   10  9171    0.0018    0.0002    0.0001 |
    9.180     3     4     3.6     36  26926 |   10  9181    0.0019    0.0002    0.0001 |
    9.190     3     4     3.6     36  26962 |   10  9191    0.0023    0.0002    0.0001 |
    9.200     3     4     3.7     37  26999 |   10  9201    0.0018    0.0002    0.0000 |
    9.210     3     4     3.6     36  27035 |   10  9211    0.0017    0.0002    0.0000 |
    9.220     3     4     3.6     36  27071 |   10  9221    0.0018    0.0002    0.0000 |
    9.230     3     4     3.6     36  27107 |   10  9231    0.0020    0.0002    0.0001 |
    9.240     3     4     3.6     36  27143 |   10  9241    0.0023    0.0002    0.0001 |
    9.250     3     4     3.6     36  27179 |   10  9251    0.0019    0.0002    0.0001 |
    9.260     3     4     3.6     36  27215 |   10  9261    0.0019    0.0002    0.0001 |
    9.270     3     4     3.5     35  27250 |   10  9271    0.0018    0.0002    0.0001 |
    9.280     3     4     3.6     36  27286 |   10  9281    0.0026    0.0003    0.0001 |
    9.290     3     4     3.5     35  27321 |   10  9291    0.0017    0.0002    0.0000 |
    9.300     3     4     3.6     36  27357 |   10  9301    0.0014    0.0001    0.0000 |
    9.310     3     4     3.6     36  27393 |   10  9311    0.0015    0.0002    0.0000 |
    9.320     3     4     3.6     36  27429 |   10  9321    0.0019    0.0002    0.0001 |
    9.330     3     4     3.6     36  27465 |   10  9331    0.0021    0.0002    0.0001 |
    9.340     3     4     3.6     36  27501 |   10  9341    0.0016    0.0002    0.0000 |
    9.350     3     4     3.6     36  27537 |   10  9351    0.0019    0.0002    0.0001 |
    9.360     3     4     3.6     36  27573 |   10  9361    0.0016    0.0002    0.0000 |
    9.370     3     4     3.6     36  27609 |   10  9371    0.0020    0.0002    0.0001 |
    9.380     3     4     3.6     36  27645 |   10  9381    0.0024    0.0002    0.0001 |
    9.390     3     4     3.6     36  27681 |   10  9391    0.0019    0.0002    0.0001 |
    9.400     3     4     3.6     36  27717 |   10  9401    0.0017    0.0002    0.0000 |
    9.410     3     4     3.6     36  27753 |   10  9411    0.0018    0.0002    0.0000 |
    9.420     3     4     3.6     36  27789 |   10  9421    0.0027    0.0003    0.0001 |
    9.430     3     4     3.6     36  27825 |   10  9431    0.0019    0.0002    0.0001 |
    9.440     3     4     3.6     36  27861 |   10  9441    0.0017    0.0002    0.0000 |
    9.450     3     4     3.6     36  27897 |   10  9451    0.0020    0.0002    0.0001 |
    9.460     3     4     3.6     36  27933 |   10  9461    0.0023    0.0002    0.0001 |
    9.470     3     4     3.6     36  27969 |   10  9471    0.0025    0.0003    0.0001 |
    9.480     3     4     3.6     36  28005 |   10  9481    0.0021    0.0002    0.0001 |
    9.490     3     4     3.6     36  28041 |   10  9491    0.0018    0.0002    0.0001 |
    9.500     3     4     3.6     36  28077 |   10  9501    0.0022    0.0002    0.0001 |
    9.510     3     4     3.6     36  28113 |   10  9511    0.0024    0.0002    0.0001 |
    9.520     3     4     3.6     36  28149 |   10  9521    0.0017    0.0002    0.0000 |
    9.530     3     4     3.6     36  28185 |   10  9531    0.0016    0.0002    0.0000 |
    9.540     3     4     3.6     36  28221 |   10  9541    0.0018    0.0002    0.0001 |
    9.550     3     4     3.6     36  28257 |   10  9551    0.0022    0.0002    0.0001 |
    9.560     3     4     3.6     36  28293 |   10  9561    0.0018    0.0002    0.0001 |
    9.570     3     4     3.6     36  28329 |   10  9571    0.0017    0.0002    0.0000 |
    9.580     3     4     3.6     36  28365 |   10  9581    0.0017    0.0002    0.0000 |
    9.590     3     4     3.6     36  28401 |   10  9591    0.0019    0.0002    0.0001 |
    9.600     3     4     3.6     36  28437 |   10  9601    0.0024    0.0002    0.0001 |
    9.610     3     4     3.6     36  28473 |   10  9611    0.0018    0.0002    0.0000 |
    9.620     3     4     3.5     35  28508 |   10  9621    0.0019    0.0002    0.0001 |
    9.630     3     4     3.6     36  28544 |   10  9631    0.0018    0.0002    0.0001 |
    9.640     3     4     3.6     36  28580 |   10  9641    0.0027    0.0003    0.0001 |
    9.650     3     4     3.6     36  28616 |   10  9651    0.0018    0.0002    0.0000 |
    9.660     3     4     3.6     36  28652 |   10  9661    0.0017    0.0002    0.0000 |
    9.670     3     4     3.6     36  28688 |   10  9671    0.0016    0.0002    0.0000 |
    9.680     3     4     3.6     36  28724 |   10  9681    0.0019    0.0002    0.0001 |
    9.690     3     4     3.5     35  28759 |   10  9691    0.0024    0.0002    0.0001 |
    9.700     3     4     3.6     36  28795 |   10  9701    0.0017    0.0002    0.0000 |
    9.710     3     4     3.6     36  28831 |   10  9711    0.0016    0.0002    0.0000 |
    9.720     3     4     3.6     36  28867 |   10  9721    0.0019    0.0002    0.0001 |
    9.730     3     4     3.5     35  28902 |   10  9731    0.0023    0.0002    0.0001 |
    9.740     3     4     3.6     36  28938 |   10  9741    0.0020    0.0002    0.0001 |
    9.750     3     4     3.6     36  28974 |   10  9751    0.0018    0.0002    0.0001 |
    9.760     3     4     3.5     35  29009 |   10  9761    0.0018    0.0002    0.0001 |
    9.770     3     4     3.6     36  29045 |   10  9771    0.0023    0.0002    0.0001 |
    9.780     3     4     3.6     36  29081 |   10  9781    0.0024    0.0002    0.0001 |
    9.790     3     4     3.6     36  29117 |   10  9791    0.0019    0.0002    0.0001 |
    9.800     3     4     3.5     35  29152 |   10  9801    0.0018    0.0002    0.0001 |
    9.810     3     4     3.6     36  29188 |   10  9811    0.0019    0.0002    0.0001 |
    9.820     3     4     3.5     35  29223 |   10  9821    0.0025    0.0003    0.0001 |
    9.830     3     4     3.6     36  29259 |   10  9831    0.0018    0.0002    0.0000 |
    9.840     3     4     3.6     36  29295 |   10  9841    0.0018    0.0002    0.0000 |
    9.850     3     4     3.6     36  29331 |   10  9851    0.0019    0.0002    0.0001 |
    9.860     3     4     3.5     35  29366 |   10  9861    0.0020    0.0002    0.0001 |
    9.870     3     4     3.6     36  29402 |   10  9871    0.0023    0.0002    0.0001 |
    9.880     3     4     3.6     36  29438 |   10  9881    0.0020    0.0002    0.0001 |
    9.890     3     4     3.5     35  29473 |   10  9891    0.0018    0.0002    0.0001 |
    9.900     3     4     3.6     36  29509 |   10  9901    0.0022    0.0002    0.0001 |
    9.910     3     4     3.5     35  29544 |   10  9911    0.0024    0.0002    0.0001 |
    9.920     3     4     3.6     36  29580 |   10  9921    0.0019    0.0002    0.0001 |
    9.930     3     4     3.6     36  29616 |   10  9931    0.0019    0.0002    0.0001 |
    9.940     3     4     3.5     35  29651 |   10  9941    0.0019    0.0002    0.0001 |
    9.950     3     4     3.6     36  29687 |   10  9951    0.0020    0.0002    0.0001 |
    9.960     3     4     3.5     35  29722 |   10  9961    0.0020    0.0002    0.0001 |
    9.970     3     4     3.5     35  29757 |   10  9971    0.0025    0.0003    0.0001 |
    9.980     3     4     3.6     36  29793 |   10  9981    0.0024    0.0002    0.0001 |
    9.990     3     4     3.5     35  29828 |   10  9991    0.0019    0.0002    0.0001 |
   10.000     3     4     3.6     36  29864 |   10 10001    0.0022    0.0002    0.0001 |
