-48.3309
-50.6286
-51.8067
-49.8677
-45.6429
-48.6286
-42.8755
-47.8942
-46.6344
-40.1159
-45.9176
-52.6076
-51.0902
-53.5749
-42.921
-48.5778
-47.0513
-45.4554
-40.2317
-51.0974
-42.9665
-40.3133
-51.1168
-48.2739
-43.083
-48.4456
-45.7593
-40.3762
-45.8184
-43.1303
-40.4266
-43.2218
-40.4673
-43.201
-40.5006
-51.1369
-48.4916
-51.1562
-48.4693
-51.1739
-48.5442
-51.1894
-48.5714
-51.2028
-43.2194
-45.8596
-45.8908
-45.9167
-45.9381
-40.5278
-43.24
-40.5498
-48.5879
-51.2141
-45.9548
-40.6936
-43.4472
-40.7057
-43.4029
-40.7144
-43.4004
-40.7195
-43.4023
-40.721
-48.6863
-51.2957
-51.3005
-48.6995
-51.3034
-43.4968
-48.6274
-48.7031
-46.0733
-46.0804
-46.085
-46.0869
-40.6581
-43.3779
-40.6778
-43.385
-51.2891
-48.6666
-46.0639
-46.0507
-51.3044
-40.7216
-43.7908
-40.7205
-43.4663
-40.7157
-43.4074
-40.7074
-43.3901
-40.6955
-48.6404
-51.3039
-51.3013
-48.6887
-51.2968
-48.3286
-48.6913
-46.0878
-46.0879
-46.0854
-46.0802
-46.0722
-43.3772
-40.6799
-43.4573
-40.6608
-51.2905
-48.6842
-51.2823
-48.5818
-46.0615
-51.094
-52.586
-53.5585
-51.7794
-48.3353
-48.3743
-51.1026
-48.3694
-51.1217
-40.1245
-46.5946
-42.8853
-47.8553
-45.8746
-42.9425
-40.2392
-50.6024
-49.8408
-45.6562
-48.5969
-45.7185
-40.32
-43.0577
-43.6199
-47.8945
-48.3925
-45.7567
-45.8029
-48.6074
-51.2297
-51.2341
-45.982
-45.9864
-43.2918
-40.567
-43.3373
-40.5793
-48.5524
-51.2234
-43.8393
-48.0521
-43.3524
-48.5073
-45.9775
-45.9687
-50.6344
-48.6196
-48.632
-46.0004
-52.6735
-51.2434
-43.2843
-48.6229
-40.5874
-46.6429
-43.3011
-40.6072
-43.3102
-40.6347
-48.8339
-51.2575
-47.3388
-45.7677
-43.3055
-51.2701
-48.5042
-48.6437
-51.2805
-46.0323
-40.7029
-46.7256
-43.3856
-43.386
-40.7029
-43.3869
-40.7129
-48.8885
-48.6924
-51.2949
-51.2999
-48.6958
-46.0731
-46.0731
-47.398
-45.8296
-43.3695
-40.7191
-51.3032
-48.5516
-43.428
-48.6791
-51.3045
-46.0872
-46.084
-46.6617
-40.6101
-40.5905
-43.2886
-43.3048
-43.328
-40.6374
-48.6337
-48.6327
-51.2448
-51.2593
-50.6485
-48.6221
-45.9911
-46.0052
-48.6397
-46.0223
-43.3966
-48.5947
-51.2722
-43.9173
-48.111
-46.0475
-46.0331
-40.5052
-43.2152
-40.4724
-43.1747
-40.4321
-43.1346
-40.3823
-43.1836
-48.5522
-51.1918
-51.1769
-48.5396
-51.1598
-48.5156
-51.1412
-43.2951
-48.5173
-45.8473
-45.9327
-45.9096
-45.8811
-51.2047
-48.5805
-45.9513
-52.6843
-51.235
-43.2812
-40.5826
-48.814
-51.2305
-47.3144
-45.7339
-43.2503
-40.5703
-43.2941
-40.5536
-51.224
-48.467
-43.2658
-40.532
-48.5829
-51.2154
-45.9797
-45.967
-40.719
-52.7275
-51.295
-48.6921
-43.4011
-40.7128
-48.6857
-51.3002
-50.6974
-46.0796
-43.4581
-48.6396
-51.3036
-43.9673
-48.1499
-48.6113
-46.0829
-46.086
