0.000332152
-0.00026024
-0.000152048
-0.000183495
0.000393711
-0.000307423
0.000491495
-0.000212776
-0.000359266
0.000267216
-0.00012007
-0.000217583
0.000122877
-5.67891e-05
-3.62487e-05
-3.38188e-05
-1.62686e-05
-3.44394e-05
-2.20781e-05
-2.57899e-05
-4.15921e-05
-2.22829e-05
-2.94569e-05
-5.08037e-05
-5.00712e-05
-5.81298e-05
-4.86079e-05
-2.36453e-05
-5.61374e-05
-5.03624e-05
-2.29903e-05
-4.80167e-05
-2.28613e-05
-4.78799e-05
-2.25843e-05
-2.93744e-05
-5.6117e-05
-2.86923e-05
-5.3512e-05
-2.86278e-05
-5.35595e-05
-2.83358e-05
-5.36023e-05
-2.82496e-05
-4.7864e-05
-5.08714e-05
-4.97383e-05
-5.05972e-05
-5.01515e-05
-2.24946e-05
-4.72082e-05
-2.27491e-05
-5.28907e-05
-2.85834e-05
-4.92225e-05
-2.28307e-05
-4.72297e-05
-2.27606e-05
-4.73176e-05
-2.25472e-05
-4.78051e-05
-2.25658e-05
-4.77612e-05
-2.28615e-05
-5.29864e-05
-2.85826e-05
-2.83119e-05
-5.35495e-05
-2.83319e-05
-4.50762e-05
-5.27704e-05
-5.35004e-05
-4.82903e-05
-4.98821e-05
-5.0804e-05
-5.02537e-05
-2.19111e-05
-4.93922e-05
-2.34287e-05
-4.96884e-05
-2.86733e-05
-5.56356e-05
-4.96683e-05
-5.53195e-05
-2.86994e-05
-2.46615e-05
-5.08919e-05
-2.46423e-05
-4.81715e-05
-2.28587e-05
-4.79365e-05
-2.26105e-05
-4.80254e-05
-2.25738e-05
-5.38144e-05
-3.09377e-05
-2.87026e-05
-5.36768e-05
-2.83938e-05
-5.60791e-05
-5.37993e-05
-3.99154e-05
-1.71818e-05
-4.94253e-05
-5.07191e-05
-5.09513e-05
-4.77971e-05
-2.28466e-05
-4.5055e-05
-2.86147e-05
-2.83504e-05
-5.35493e-05
-2.86946e-05
-5.02765e-05
-5.02597e-05
0.000120217
-0.000215786
-5.64221e-05
-0.000150885
0.000327772
-4.10369e-05
-2.57725e-05
-4.12917e-05
-3.55005e-05
0.000264753
-0.000355894
0.000486971
-0.000210973
-0.000119117
-3.46725e-05
-2.18666e-05
-0.00025783
-0.000182002
0.000391026
-0.000304469
-3.60971e-05
-2.88041e-05
-3.64986e-05
-3.00824e-05
-3.26443e-05
-4.97923e-05
-3.15083e-05
-3.95311e-05
-3.86616e-05
-2.62745e-05
7.22619e-05
-3.57583e-05
0.000216814
-3.45087e-05
-2.83724e-05
-3.59431e-05
-2.0919e-05
-4.01744e-05
-3.56536e-05
-2.96005e-05
-3.23725e-05
-4.44616e-05
-4.96241e-05
-3.09968e-05
-3.91368e-05
-0.0004858
0.000185525
0.000186412
0.000215374
-0.00040473
7.34589e-05
0.000280388
-0.000576896
0.000146038
-0.000676843
0.000279864
0.000145833
-3.60175e-05
-2.11561e-05
-3.13618e-05
-2.61567e-05
-1.61592e-05
-3.40068e-05
-4.09361e-05
-2.9689e-05
-4.96088e-05
-5.75987e-05
-2.94264e-05
-4.79353e-05
0.000145407
-0.000674536
0.000279275
0.000278764
0.000145209
-3.60714e-05
-2.11895e-05
-3.13932e-05
0.00018577
7.31812e-05
-2.61752e-05
-0.000575023
0.000215863
0.000214489
-1.61753e-05
-3.40449e-05
-4.0986e-05
-2.19389e-05
-2.97061e-05
-4.96491e-05
-4.70497e-05
-5.4957e-05
-3.09594e-05
-4.16105e-05
-4.45308e-05
-0.000678989
0.000146564
0.00014637
0.000280833
0.000281344
-3.46093e-05
-2.09554e-05
0.000186208
-3.87664e-05
7.25725e-05
-2.63126e-05
-0.0004873
0.00018711
0.000216182
0.000217555
-0.000578644
-3.59643e-05
-3.61779e-05
-4.0428e-05
-3.5939e-05
-3.0316e-05
-3.31537e-05
-4.02466e-05
-3.17861e-05
-2.28288e-05
-4.78717e-05
-2.2617e-05
-4.79752e-05
-2.26009e-05
-4.74627e-05
-2.29679e-05
-4.48135e-05
-5.3556e-05
-2.86441e-05
-2.83265e-05
-5.36307e-05
-2.82089e-05
-5.29855e-05
-2.84785e-05
-4.78803e-05
-5.34799e-05
-4.94763e-05
-4.96902e-05
-5.06314e-05
-5.02744e-05
-2.87326e-05
-5.60114e-05
-5.07035e-05
-0.000406028
7.37863e-05
-3.60051e-05
-2.11425e-05
-3.13584e-05
-2.6145e-05
-1.6145e-05
-3.39986e-05
-4.09124e-05
-2.18888e-05
-4.95487e-05
-2.34561e-05
-2.96685e-05
-4.95889e-05
-5.00235e-05
-2.28812e-05
-5.77779e-05
-2.94712e-05
-4.80619e-05
-5.57497e-05
-2.86482e-05
-0.000403718
7.19702e-05
0.000184867
-3.46585e-05
-2.09868e-05
-3.88029e-05
-2.63309e-05
-0.000484401
-3.60004e-05
-3.62198e-05
-4.04591e-05
-3.59565e-05
-3.0341e-05
-3.31731e-05
-5.02873e-05
-3.18132e-05
-4.0269e-05
