2.72845
2.72884
2.74161
2.74374
2.72955
2.72955
2.72959
2.7296
2.72983
2.72983
2.72983
2.72983
2.72961
2.7296
2.72956
2.72956
2.72886
2.72847
2.7436
2.74152
2.72833
2.72839
2.72843
2.74371
2.7436
2.74326
2.72955
2.72955
2.72955
2.72959
2.72959
2.72959
2.72865
2.72884
2.729
2.72913
2.72924
2.72932
2.72939
2.72945
2.72949
2.72952
2.72892
2.72903
2.72912
2.72921
2.72928
2.72935
2.72941
2.72946
2.7295
2.72953
2.72983
2.72983
2.72983
2.72983
2.72983
2.72983
2.72966
2.72972
2.72977
2.72981
2.72984
2.72986
2.72987
2.72988
2.72987
2.72986
2.72966
2.72972
2.72976
2.7298
2.72983
2.72985
2.72987
2.72987
2.72987
2.72985
2.7296
2.7296
2.7296
2.72956
2.72956
2.72956
2.72986
2.72987
2.72988
2.72988
2.72987
2.72984
2.72982
2.72978
2.72973
2.72967
2.72986
2.72987
2.72987
2.72987
2.72986
2.72984
2.72981
2.72977
2.72972
2.72967
2.72836
2.72841
2.72846
2.74357
2.74347
2.74313
2.72954
2.72951
2.72946
2.72941
2.72934
2.72925
2.72915
2.72902
2.72886
2.72867
2.72954
2.72951
2.72947
2.72942
2.72937
2.7293
2.72922
2.72914
2.72905
2.72895
2.74359
2.74373
2.74378
2.74319
2.74471
2.74471
2.74471
2.74472
2.729
2.72949
2.72881
2.72913
2.72923
2.72932
2.72938
2.72944
2.72952
2.72873
2.72879
2.72952
2.72952
2.72855
2.72858
2.72954
2.72954
2.7295
2.7295
2.72889
2.72906
2.72918
2.72927
2.72935
2.72942
2.72947
2.72898
2.72911
2.72921
2.72929
2.72936
2.72942
2.72947
2.72864
2.72953
2.7286
2.74501
2.74501
2.74501
2.74501
2.72976
2.72983
2.72985
2.72987
2.72988
2.72987
2.7297
2.7298
2.72986
2.72968
2.72968
2.72986
2.72986
2.72963
2.72963
2.72985
2.72985
2.72987
2.72987
2.72973
2.72978
2.72982
2.72985
2.72987
2.72988
2.72988
2.72973
2.72978
2.72982
2.72984
2.72986
2.72987
2.72987
2.72965
2.72985
2.72964
2.74479
2.74479
2.74479
2.74479
2.72988
2.72988
2.72987
2.72985
2.72982
2.72979
2.72974
2.72987
2.72988
2.72969
2.72986
2.72986
2.72969
2.72969
2.72985
2.72984
2.72964
2.72964
2.72972
2.72972
2.72988
2.72988
2.72987
2.72986
2.72984
2.7298
2.72976
2.72987
2.72988
2.72987
2.72985
2.72983
2.7298
2.72976
2.72986
2.72966
2.72985
2.74345
2.74359
2.74308
2.74363
2.72948
2.72893
2.72952
2.72942
2.72936
2.72928
2.72919
2.72908
2.72878
2.72953
2.72953
2.72873
2.72882
2.72955
2.72955
2.72857
2.7286
2.72885
2.72892
2.72949
2.72944
2.72938
2.72931
2.72922
2.72911
2.72898
2.7295
2.72945
2.7294
2.72933
2.72925
2.72916
2.72904
2.72954
2.72864
2.72955
