          ----- ----- -------  -----  ----- | ---- ----- --------- --------- --------- |
          mn it mx it  avg it    its  ttits |   ss    ts        st      stps     stpit |
    0.000     0     0     0.0      0      0 |    1     1    0.0000    0.0000    0.0000 |
    0.050     0     0     0.0      0      0 |   50    51    0.1267    0.0025    0.0000 |
    0.100     0     0     0.0      0      0 |   50   101    0.1169    0.0023    0.0000 |
    0.150     0     0     0.0      0      0 |   50   151    0.1325    0.0026    0.0000 |
    0.200     0     0     0.0      0      0 |   50   201    0.1175    0.0023    0.0000 |
    0.250     0     0     0.0      0      0 |   50   251    0.1190    0.0024    0.0000 |
    0.300     0     0     0.0      0      0 |   50   301    0.1202    0.0024    0.0000 |
    0.350     0     0     0.0      0      0 |   50   351    0.1213    0.0024    0.0000 |
    0.400     0     0     0.0      0      0 |   50   401    0.1188    0.0024    0.0000 |
    0.450     0     0     0.0      0      0 |   50   451    0.1221    0.0024    0.0000 |
    0.500     0     0     0.0      0      0 |   50   501    0.1433    0.0029    0.0000 |
    0.550     0     0     0.0      0      0 |   50   551    0.1326    0.0027    0.0000 |
    0.600     0     0     0.0      0      0 |   50   601    0.1330    0.0027    0.0000 |
    0.650     0     0     0.0      0      0 |   50   651    0.1306    0.0026    0.0000 |
    0.700     0     0     0.0      0      0 |   50   701    0.1185    0.0024    0.0000 |
    0.750     0     0     0.0      0      0 |   50   751    0.1233    0.0025    0.0000 |
    0.800     0     0     0.0      0      0 |   50   801    0.1236    0.0025    0.0000 |
    0.850     0     0     0.0      0      0 |   50   851    0.1088    0.0022    0.0000 |
    0.900     0     0     0.0      0      0 |   50   901    0.1260    0.0025    0.0000 |
    0.950     0     0     0.0      0      0 |   50   951    0.1252    0.0025    0.0000 |
    1.000     0     0     0.0      0      0 |   50  1001    0.1177    0.0024    0.0000 |
    1.050     0     0     0.0      0      0 |   50  1051    0.1243    0.0025    0.0000 |
    1.100     0     0     0.0      0      0 |   50  1101    0.1286    0.0026    0.0000 |
    1.150     0     0     0.0      0      0 |   50  1151    0.1216    0.0024    0.0000 |
    1.200     0     0     0.0      0      0 |   50  1201    0.1263    0.0025    0.0000 |
    1.250     0     0     0.0      0      0 |   50  1251    0.1158    0.0023    0.0000 |
    1.300     0     0     0.0      0      0 |   50  1301    0.1115    0.0022    0.0000 |
    1.350     0     0     0.0      0      0 |   50  1351    0.1259    0.0025    0.0000 |
    1.400     0     0     0.0      0      0 |   50  1401    0.1230    0.0025    0.0000 |
    1.450     0     0     0.0      0      0 |   50  1451    0.1271    0.0025    0.0000 |
    1.500     0     0     0.0      0      0 |   50  1501    0.1076    0.0022    0.0000 |
    1.550     0     0     0.0      0      0 |   50  1551    0.1248    0.0025    0.0000 |
    1.600     0     0     0.0      0      0 |   50  1601    0.1255    0.0025    0.0000 |
    1.650     0     0     0.0      0      0 |   50  1651    0.1309    0.0026    0.0000 |
    1.700     0     0     0.0      0      0 |   50  1701    0.1245    0.0025    0.0000 |
    1.750     0     0     0.0      0      0 |   50  1751    0.1143    0.0023    0.0000 |
    1.800     0     0     0.0      0      0 |   50  1801    0.1203    0.0024    0.0000 |
    1.850     0     0     0.0      0      0 |   50  1851    0.1234    0.0025    0.0000 |
    1.900     0     0     0.0      0      0 |   50  1901    0.1246    0.0025    0.0000 |
    1.950     0     0     0.0      0      0 |   50  1951    0.1201    0.0024    0.0000 |
    2.000     0     0     0.0      0      0 |   50  2001    0.1267    0.0025    0.0000 |
    2.050    57    83    71.4   3569   3569 |   50  2051    4.8212    0.0964    0.0014 |
    2.100    55    64    57.8   2890   6459 |   50  2101    3.9243    0.0785    0.0014 |
    2.150    60    72    68.4   3421   9880 |   50  2151    4.6588    0.0932    0.0014 |
    2.200    69    74    71.5   3576  13456 |   50  2201    4.8965    0.0979    0.0014 |
    2.250    67    74    71.9   3596  17052 |   50  2251    4.9364    0.0987    0.0014 |
    2.300    67    75    72.5   3624  20676 |   50  2301    4.9271    0.0985    0.0014 |
    2.350    66    76    73.5   3674  24350 |   50  2351    5.0043    0.1001    0.0014 |
    2.400    69    78    74.5   3724  28074 |   50  2401    5.1326    0.1027    0.0014 |
    2.450    69    80    74.3   3714  31788 |   50  2451    5.2702    0.1054    0.0014 |
    2.500    75    84    80.6   4030  35818 |   50  2501    5.6624    0.1132    0.0014 |
    2.550    69    84    74.7   3736  39554 |   50  2551    5.1903    0.1038    0.0014 |
    2.600    73    81    77.1   3857  43411 |   50  2601    5.3192    0.1064    0.0014 |
    2.650    80    85    81.2   4060  47471 |   50  2651    5.5718    0.1114    0.0014 |
    2.700    81    86    83.5   4177  51648 |   50  2701    5.7943    0.1159    0.0014 |
    2.750    72    87    82.2   4110  55758 |   50  2751    5.7057    0.1141    0.0014 |
    2.800    72    87    83.9   4197  59955 |   50  2801    5.8687    0.1174    0.0014 |
    2.850    76    88    82.3   4117  64072 |   50  2851    5.6770    0.1135    0.0014 |
    2.900    76    89    86.6   4330  68402 |   50  2901    5.9939    0.1199    0.0014 |
    2.950    71    87    80.1   4004  72406 |   50  2951    5.5522    0.1110    0.0014 |
    3.000    80    85    82.3   4116  76522 |   50  3001    5.7056    0.1141    0.0014 |
    3.050    81    86    83.3   4163  80685 |   50  3051    5.8633    0.1173    0.0014 |
    3.100    72    82    79.4   3968  84653 |   50  3101    5.5107    0.1102    0.0014 |
    3.150    80    87    84.5   4227  88880 |   50  3151    5.8653    0.1173    0.0014 |
    3.200    70    83    80.1   4006  92886 |   50  3201    5.6089    0.1122    0.0014 |
    3.250    81    88    85.6   4281  97167 |   50  3251    5.9392    0.1188    0.0014 |
    3.300    80    91    85.3   4263 101430 |   50  3301    6.0161    0.1203    0.0014 |
    3.350    81    89    86.7   4333 105763 |   50  3351    6.0199    0.1204    0.0014 |
    3.400    81    89    85.4   4268 110031 |   50  3401    5.9294    0.1186    0.0014 |
    3.450    81    91    83.9   4196 114227 |   50  3451    5.8114    0.1162    0.0014 |
    3.500    82    87    84.6   4231 118458 |   50  3501    5.8747    0.1175    0.0014 |
    3.550    78    87    85.1   4256 122714 |   50  3551    6.0074    0.1201    0.0014 |
    3.600    75    87    83.0   4150 126864 |   50  3601    5.7706    0.1154    0.0014 |
    3.650    78    91    86.6   4332 131196 |   50  3651    6.0019    0.1200    0.0014 |
    3.700    78    90    86.3   4313 135509 |   50  3701    5.9880    0.1198    0.0014 |
    3.750    82    89    85.2   4261 139770 |   50  3751    5.9150    0.1183    0.0014 |
    3.800    82    88    83.9   4197 143967 |   50  3801    5.9220    0.1184    0.0014 |
    3.850    79    91    86.1   4306 148273 |   50  3851    6.0912    0.1218    0.0014 |
    3.900    77    93    84.7   4235 152508 |   50  3901    6.0165    0.1203    0.0014 |
    3.950    77    91    85.6   4279 156787 |   50  3951    6.2305    0.1246    0.0015 |
    4.000    82    89    87.2   4358 161145 |   50  4001    6.1729    0.1235    0.0014 |
    4.050    77    91    87.6   4380 165525 |   50  4051    6.1352    0.1227    0.0014 |
    4.100    76    90    87.0   4352 169877 |   50  4101    6.0620    0.1212    0.0014 |
    4.150    80    87    83.8   4189 174066 |   50  4151    5.8263    0.1165    0.0014 |
    4.200    80    91    86.9   4345 178411 |   50  4201    6.0480    0.1210    0.0014 |
    4.250    80    86    82.1   4105 182516 |   50  4251    5.7541    0.1151    0.0014 |
    4.300    80    86    83.4   4171 186687 |   50  4301    5.8520    0.1170    0.0014 |
    4.350    80    91    84.1   4207 190894 |   50  4351    5.8657    0.1173    0.0014 |
    4.400    76    93    86.4   4318 195212 |   50  4401    6.0024    0.1200    0.0014 |
    4.450    78    82    81.0   4049 199261 |   50  4451    5.6481    0.1130    0.0014 |
    4.500    75    91    84.1   4204 203465 |   50  4501    5.8727    0.1175    0.0014 |
    4.550    76    87    84.6   4230 207695 |   50  4551    5.9112    0.1182    0.0014 |
    4.600    77    88    83.5   4173 211868 |   50  4601    5.7778    0.1156    0.0014 |
    4.650    81    89    85.4   4270 216138 |   50  4651    5.9413    0.1188    0.0014 |
    4.700    77    89    85.6   4280 220418 |   50  4701    5.9781    0.1196    0.0014 |
    4.750    82    89    86.1   4306 224724 |   50  4751    6.0314    0.1206    0.0014 |
    4.800    81    91    88.6   4428 229152 |   50  4801    6.1799    0.1236    0.0014 |
    4.850    87    92    88.5   4425 233577 |   50  4851    6.1611    0.1232    0.0014 |
    4.900    85    91    87.5   4375 237952 |   50  4901    6.0981    0.1220    0.0014 |
    4.950    85    89    86.9   4345 242297 |   50  4951    6.0286    0.1206    0.0014 |
    5.000    87    91    88.6   4431 246728 |   50  5001    6.2510    0.1250    0.0014 |
    5.050    85    92    88.3   4417 251145 |   50  5051    6.1320    0.1226    0.0014 |
    5.100    79    91    87.2   4358 255503 |   50  5101    6.1583    0.1232    0.0014 |
    5.150    79    93    88.4   4420 259923 |   50  5151    6.2724    0.1254    0.0014 |
    5.200    80    93    87.5   4377 264300 |   50  5201    6.0996    0.1220    0.0014 |
    5.250    78    93    86.9   4346 268646 |   50  5251    6.1110    0.1222    0.0014 |
    5.300    82    94    89.7   4486 273132 |   50  5301    6.2161    0.1243    0.0014 |
    5.350    87    93    90.2   4510 277642 |   50  5351    6.2659    0.1253    0.0014 |
    5.400    88    93    90.1   4506 282148 |   50  5401    6.2606    0.1252    0.0014 |
    5.450    87    91    88.4   4421 286569 |   50  5451    6.1662    0.1233    0.0014 |
    5.500    76    93    87.4   4372 290941 |   50  5501    6.2440    0.1249    0.0014 |
    5.550    86    89    87.4   4371 295312 |   50  5551    6.3903    0.1278    0.0015 |
    5.600    87    90    88.2   4410 299722 |   50  5601    6.1331    0.1227    0.0014 |
    5.650    75    88    86.3   4316 304038 |   50  5651    5.9920    0.1198    0.0014 |
    5.700    77    91    84.5   4224 308262 |   50  5701    5.9836    0.1197    0.0014 |
    5.750    79    89    85.0   4248 312510 |   50  5751    6.0055    0.1201    0.0014 |
    5.800    86    90    88.2   4411 316921 |   50  5801    6.1224    0.1224    0.0014 |
    5.850    77    88    83.3   4167 321088 |   50  5851    5.7939    0.1159    0.0014 |
    5.900    82    92    87.8   4391 325479 |   50  5901    6.0980    0.1220    0.0014 |
    5.950    75    87    82.7   4136 329615 |   50  5951    5.8244    0.1165    0.0014 |
    6.000    79    87    84.8   4241 333856 |   50  6001    5.8960    0.1179    0.0014 |
    6.050    78    90    85.2   4261 338117 |   50  6051    5.9194    0.1184    0.0014 |
    6.100    80    93    87.3   4364 342481 |   50  6101    6.0806    0.1216    0.0014 |
    6.150    82    85    83.3   4164 346645 |   50  6151    5.8730    0.1175    0.0014 |
    6.200    80    87    82.9   4144 350789 |   50  6201    5.8975    0.1180    0.0014 |
    6.250    81    85    83.0   4152 354941 |   50  6251    5.8042    0.1161    0.0014 |
    6.300    82    88    85.5   4273 359214 |   50  6301    6.0101    0.1202    0.0014 |
    6.350    82    90    86.1   4303 363517 |   50  6351    6.1231    0.1225    0.0014 |
    6.400    81    87    85.0   4252 367769 |   50  6401    6.0263    0.1205    0.0014 |
    6.450    82    88    84.2   4211 371980 |   50  6451    5.9532    0.1191    0.0014 |
    6.500    83    88    85.8   4290 376270 |   50  6501    5.9722    0.1194    0.0014 |
    6.550    82    87    85.2   4261 380531 |   50  6551    5.9222    0.1184    0.0014 |
    6.600    80    87    83.0   4150 384681 |   50  6601    5.7810    0.1156    0.0014 |
    6.650    81    87    84.0   4198 388879 |   50  6651    5.8323    0.1166    0.0014 |
    6.700    82    87    84.9   4244 393123 |   50  6701    5.9642    0.1193    0.0014 |
    6.750    78    84    81.8   4089 397212 |   50  6751    5.7017    0.1140    0.0014 |
    6.800    77    83    80.4   4021 401233 |   50  6801    5.5895    0.1118    0.0014 |
    6.850    80    89    83.0   4151 405384 |   50  6851    5.7834    0.1157    0.0014 |
    6.900    81    88    85.4   4269 409653 |   50  6901    5.9257    0.1185    0.0014 |
    6.950    80    88    84.2   4210 413863 |   50  6951    5.9402    0.1188    0.0014 |
    7.000    82    88    84.3   4214 418077 |   50  7001    5.8783    0.1176    0.0014 |
    7.050    78    89    86.6   4328 422405 |   50  7051    6.0192    0.1204    0.0014 |
    7.100    75    88    83.0   4151 426556 |   50  7101    5.8253    0.1165    0.0014 |
    7.150    79    86    81.9   4094 430650 |   50  7151    5.7888    0.1158    0.0014 |
    7.200    74    88    84.5   4224 434874 |   50  7201    6.0261    0.1205    0.0014 |
    7.250    77    91    87.0   4349 439223 |   50  7251    6.1374    0.1227    0.0014 |
    7.300    75    88    83.3   4165 443388 |   50  7301    5.8180    0.1164    0.0014 |
    7.350    72    88    83.6   4179 447567 |   50  7351    5.9115    0.1182    0.0014 |
    7.400    73    86    82.6   4129 451696 |   50  7401    5.7506    0.1150    0.0014 |
    7.450    76    86    81.9   4097 455793 |   50  7451    5.7849    0.1157    0.0014 |
    7.500    79    84    81.5   4073 459866 |   50  7501    5.6613    0.1132    0.0014 |
    7.550    80    83    81.6   4078 463944 |   50  7551    5.6909    0.1138    0.0014 |
    7.600    81    87    83.3   4163 468107 |   50  7601    5.7817    0.1156    0.0014 |
    7.650    81    87    85.5   4275 472382 |   50  7651    5.9502    0.1190    0.0014 |
    7.700    83    87    85.0   4250 476632 |   50  7701    5.9852    0.1197    0.0014 |
    7.750    81    87    84.1   4207 480839 |   50  7751    5.8399    0.1168    0.0014 |
    7.800    82    87    84.2   4209 485048 |   50  7801    5.8520    0.1170    0.0014 |
    7.850    81    86    83.2   4158 489206 |   50  7851    5.8093    0.1162    0.0014 |
    7.900    81    84    82.4   4122 493328 |   50  7901    5.7381    0.1148    0.0014 |
    7.950    74    82    77.9   3896 497224 |   50  7951    5.5189    0.1104    0.0014 |
    8.000    73    76    75.1   3757 500981 |   50  8001    5.2359    0.1047    0.0014 |
    8.050    72    81    76.7   3833 504814 |   50  8051    5.3464    0.1069    0.0014 |
    8.100    81    85    83.1   4154 508968 |   50  8101    5.7928    0.1159    0.0014 |
    8.150    82    87    83.9   4194 513162 |   50  8151    5.8800    0.1176    0.0014 |
    8.200    82    87    84.5   4225 517387 |   50  8201    6.0861    0.1217    0.0014 |
    8.250    82    86    83.9   4197 521584 |   50  8251    5.8581    0.1172    0.0014 |
    8.300    81    88    86.0   4302 525886 |   50  8301    6.3331    0.1267    0.0015 |
    8.350    85    89    87.0   4351 530237 |   50  8351    6.6549    0.1331    0.0015 |
    8.400    86    90    88.5   4425 534662 |   50  8401    7.0267    0.1405    0.0016 |
    8.450    86    88    87.1   4353 539015 |   50  8451    6.3873    0.1277    0.0015 |
    8.500    86    87    86.8   4341 543356 |   50  8501    6.2041    0.1241    0.0014 |
    8.550    83    86    84.9   4244 547600 |   50  8551    6.0734    0.1215    0.0014 |
    8.600    81    83    81.8   4092 551692 |   50  8601    6.3243    0.1265    0.0015 |
    8.650    80    81    80.4   4019 555711 |   50  8651    6.1691    0.1234    0.0015 |
    8.700    77    80    79.8   3992 559703 |   50  8701    5.4924    0.1098    0.0014 |
    8.750    78    80    79.9   3997 563700 |   50  8751    5.4304    0.1086    0.0014 |
    8.800    76    80    78.7   3935 567635 |   50  8801    5.4324    0.1086    0.0014 |
    8.850    74    78    76.3   3816 571451 |   50  8851    5.4381    0.1088    0.0014 |
    8.900    73    76    73.8   3692 575143 |   50  8901    5.1893    0.1038    0.0014 |
    8.950    68    75    68.9   3446 578589 |   50  8951    4.8016    0.0960    0.0014 |
    9.000    67    68    67.5   3377 581966 |   50  9001    4.5882    0.0918    0.0014 |
    9.050    66    67    66.6   3331 585297 |   50  9051    4.5452    0.0909    0.0014 |
    9.100    63    66    64.1   3205 588502 |   50  9101    4.3603    0.0872    0.0014 |
    9.150    62    63    62.1   3104 591606 |   50  9151    4.2833    0.0857    0.0014 |
    9.200    62    62    62.0   3100 594706 |   50  9201    4.2355    0.0847    0.0014 |
    9.250    59    62    60.5   3024 597730 |   50  9251    4.1695    0.0834    0.0014 |
    9.300    57    59    57.5   2877 600607 |   50  9301    4.0014    0.0800    0.0014 |
    9.350    55    57    55.9   2796 603403 |   50  9351    3.8364    0.0767    0.0014 |
    9.400    55    55    55.0   2750 606153 |   50  9401    3.7844    0.0757    0.0014 |
    9.450    55    59    56.2   2809 608962 |   50  9451    3.8578    0.0772    0.0014 |
    9.500    59    61    60.1   3006 611968 |   50  9501    4.0926    0.0819    0.0014 |
    9.550    61    61    61.0   3050 615018 |   50  9551    4.1695    0.0834    0.0014 |
    9.600    61    61    61.0   3050 618068 |   50  9601    4.1711    0.0834    0.0014 |
    9.650    60    61    60.4   3021 621089 |   50  9651    4.1857    0.0837    0.0014 |
    9.700    59    60    59.8   2990 624079 |   50  9701    4.0811    0.0816    0.0014 |
    9.750    56    59    58.0   2901 626980 |   50  9751    3.9719    0.0794    0.0014 |
    9.800    55    56    55.3   2764 629744 |   50  9801    3.7831    0.0757    0.0014 |
    9.850    52    55    53.5   2677 632421 |   50  9851    3.6578    0.0732    0.0014 |
    9.900    50    52    50.6   2532 634953 |   50  9901    3.4990    0.0700    0.0014 |
    9.950    49    50    49.3   2464 637417 |   50  9951    3.3845    0.0677    0.0014 |
   10.000    48    49    48.4   2419 639836 |   50 10001    3.3408    0.0668    0.0014 |
