2.01085
2.55764
2.55765
2.01076
2.46457
2.39924
2.39957
2.46491
2.84251
2.77706
2.7774
2.84284
3.22034
3.15401
3.15434
3.22067
3.59799
3.53077
3.5311
3.59833
3.97521
3.90747
3.90781
3.97554
4.35254
4.28403
4.28436
4.35288
4.72957
4.66059
4.66093
4.72991
5.10693
5.03693
5.03726
5.10727
5.48374
5.41353
5.41387
5.48407
5.86103
5.7897
5.79004
5.86136
6.23784
6.16622
6.16655
6.23817
6.61488
6.54256
6.54289
6.61522
6.9918
6.91884
6.91917
6.99214
7.3688
7.29511
7.29543
7.36914
7.74547
7.67159
7.67193
7.74581
8.12235
8.04798
8.04831
8.12269
8.49928
8.42413
8.42447
8.49961
8.86746
8.79198
8.79198
8.86747
2.11663
2.55764
2.11654
2.0108
2.49081
2.3994
2.49115
2.46474
2.10393
2.09528
2.08648
2.0808
2.07449
2.06966
2.06424
2.05978
2.05506
2.05181
2.04893
2.04684
2.04503
2.04412
2.04366
2.04422
2.04514
2.04676
2.04852
2.05039
2.05222
2.05397
2.05591
2.05779
2.05972
2.06156
2.06346
2.06531
2.06732
2.0693
2.07135
2.07334
2.07532
2.07722
2.07903
2.08074
2.08252
2.08425
2.08599
2.0877
2.08933
2.09094
2.09251
2.09408
2.09571
2.09735
2.09894
2.10052
2.10217
2.10382
2.10548
2.10716
2.10876
2.11035
2.11193
2.1135
2.11515
2.11682
2.11852
2.12023
2.12186
2.12349
2.12518
2.12687
2.12851
2.13015
2.13179
2.13341
2.13504
2.13666
2.13829
2.13992
2.14153
2.14315
2.14475
2.14635
2.14803
2.14972
2.15142
2.15312
2.15474
2.15634
2.15791
2.15947
2.1611
2.16275
2.16442
2.1661
2.16778
2.16946
2.17115
2.17282
2.17442
2.17603
2.17768
2.17935
2.18095
2.18255
2.18423
2.18591
2.18759
2.18929
2.19092
2.19253
2.19412
2.1957
2.19736
2.19903
2.20064
2.20225
2.20393
2.2056
2.20729
2.209
2.21062
2.21223
2.21381
2.21538
2.21703
2.21869
2.22038
2.22207
2.22367
2.22527
2.22692
2.22857
2.23025
2.23195
2.23366
2.23537
2.23701
2.23864
2.24025
2.24186
2.24347
2.24509
2.24669
2.2483
2.24989
2.25148
2.25314
2.25481
2.25649
2.25817
2.25977
2.26135
2.26299
2.26462
2.26627
2.26794
2.26961
2.27128
2.27296
2.27464
2.27633
2.27803
2.27964
2.28125
2.28284
2.28442
2.28608
2.28776
2.28937
2.29099
2.29267
2.29434
2.29595
2.29756
2.29923
2.30091
2.30251
2.30413
2.3058
2.30747
2.30909
2.3107
2.31237
2.31406
2.31577
2.31748
2.31913
2.32076
2.32237
2.32398
2.32558
2.32719
2.3288
2.33041
2.33211
2.33382
2.33547
2.33711
2.33873
2.34034
2.34194
2.34352
2.34511
2.34668
2.34833
2.35
2.35166
2.35334
2.35502
2.35668
2.35836
2.36004
2.36173
2.36342
2.36505
2.36667
2.36827
2.36988
2.37147
2.37308
2.37477
2.37648
2.37813
2.37976
2.38138
2.38299
2.38467
2.38636
2.38801
2.38964
2.39126
2.39287
2.39446
2.39606
2.39764
2.01149
2.01297
2.01591
2.01848
2.02258
2.02754
2.03547
2.04464
2.06018
2.0718
2.08257
2.09083
2.09851
2.10425
2.10955
2.1135
2.11716
2.11984
2.12219
2.12406
2.12553
2.12698
2.12825
2.12958
2.13088
2.13223
2.13351
2.13485
2.13608
2.13735
2.13859
2.13989
2.14118
2.14253
2.14397
2.14548
2.14695
2.14848
2.15001
2.15156
2.1532
2.15485
2.15655
2.15826
2.1599
2.16153
2.16322
2.16492
2.16656
2.1682
2.16982
2.17144
2.17313
2.17483
2.17656
2.17829
2.17996
2.18158
2.18319
2.18478
2.18642
2.18808
2.18968
2.19127
2.19291
2.19455
2.1962
2.19785
2.19951
2.20118
2.20284
2.2045
2.20617
2.20785
2.20954
2.21124
2.21287
2.21448
2.21609
2.21768
2.21934
2.22103
2.22274
2.22447
2.22612
2.22775
2.22936
2.23097
2.23256
2.23417
2.23577
2.23738
2.23908
2.24077
2.24241
2.24405
2.24574
2.24744
2.24908
2.25069
2.25229
2.25387
2.25552
2.2572
2.25889
2.26058
2.26221
2.26382
2.26549
2.26717
2.26878
2.27039
2.272
2.27359
2.27526
2.27696
2.27867
2.2804
2.28206
2.28368
2.28528
2.28688
2.28855
2.29024
2.29187
2.29349
2.2951
2.29668
2.29825
2.29982
2.30146
2.30313
2.3048
2.30649
2.30817
2.30986
2.31154
2.31324
2.31494
2.31664
2.31827
2.31988
2.32148
2.32308
2.32476
2.32646
2.32811
2.32975
2.33138
2.33301
2.33461
2.33623
2.33784
2.33944
2.34105
2.34265
2.34433
2.34603
2.34774
2.34945
2.35107
2.35268
2.35434
2.356
2.3576
2.35921
2.36088
2.36255
2.36416
2.36577
2.36744
2.36912
2.37074
2.37235
2.37404
2.37573
2.37735
2.37897
2.38056
2.38214
2.38377
2.38542
2.38709
2.38876
2.39043
2.3921
2.39377
2.39542
2.39701
2.39858
2.40022
2.40187
2.40353
2.40522
2.40692
2.40862
2.41034
2.41206
2.4137
2.41533
2.41695
2.41855
2.42016
2.42176
2.42336
2.42495
2.42654
2.42812
2.42977
2.43143
2.43312
2.4348
2.43649
2.43817
2.43977
2.44136
2.44302
2.44467
2.44636
2.44805
2.44964
2.45123
2.45287
2.4545
2.45616
2.45783
2.45951
2.46119
2.46288
2.86911
2.77723
2.86944
2.84267
2.40124
2.40292
2.40461
2.40631
2.40794
2.40954
2.4112
2.41286
2.41445
2.41605
2.41771
2.41938
2.42107
2.42276
2.42438
2.426
2.42768
2.42936
2.43099
2.43261
2.43423
2.43583
2.43742
2.43902
2.44069
2.44238
2.444
2.44562
2.4473
2.44898
2.45068
2.45239
2.45403
2.45566
2.45727
2.45888
2.46047
2.46208
2.46368
2.46527
2.46686
2.46844
2.4701
2.47176
2.47343
2.47512
2.47681
2.47849
2.48017
2.48184
2.48344
2.48504
2.48669
2.48836
2.48997
2.49158
2.49327
2.49496
2.49658
2.4982
2.49981
2.50141
2.50309
2.50478
2.50641
2.50803
2.50963
2.51123
2.51289
2.51455
2.51616
2.51776
2.51942
2.52109
2.52277
2.52445
2.52608
2.52768
2.52935
2.53102
2.53263
2.53425
2.53594
2.53763
2.53926
2.54088
2.54249
2.5441
2.54578
2.54747
2.54911
2.55074
2.55235
2.55395
2.55553
2.55712
2.55879
2.56046
2.56208
2.56368
2.56535
2.56703
2.56871
2.57041
2.57204
2.57366
2.57534
2.57703
2.57865
2.58028
2.58189
2.58348
2.58508
2.58666
2.58834
2.59002
2.59164
2.59326
2.59495
2.59663
2.59824
2.59986
2.60155
2.60324
2.60488
2.6065
2.60811
2.60971
2.61129
2.61288
2.61454
2.61622
2.61792
2.61963
2.62126
2.62286
2.62445
2.62603
2.62768
2.62935
2.63097
2.63258
2.63425
2.63592
2.63752
2.63911
2.64077
2.64243
2.64411
2.64578
2.64738
2.64897
2.6506
2.65225
2.65391
2.6556
2.65729
2.65899
2.6606
2.66222
2.6639
2.66559
2.66723
2.66888
2.67051
2.67214
2.67376
2.67539
2.67702
2.67864
2.68026
2.68187
2.68348
2.68508
2.68667
2.68826
2.68992
2.6916
2.6933
2.695
2.69662
2.69823
2.6999
2.70157
2.70318
2.70481
2.7065
2.70819
2.70983
2.71145
2.71307
2.71466
2.71625
2.71785
2.71952
2.72122
2.72285
2.72446
2.72606
2.72765
2.7293
2.73099
2.73269
2.7344
2.73604
2.73766
2.73925
2.74083
2.7424
2.74397
2.74561
2.74727
2.74895
2.75063
2.75232
2.754
2.75559
2.75718
2.75883
2.76049
2.76217
2.76387
2.7655
2.76711
2.7687
2.77028
2.77194
2.77363
2.77534
2.46652
2.46813
2.46972
2.47131
2.47299
2.47467
2.47631
2.47795
2.47965
2.48135
2.48297
2.48457
2.48617
2.48775
2.4894
2.49106
2.49266
2.49426
2.49591
2.49757
2.49924
2.50093
2.50262
2.50431
2.50593
2.50753
2.50921
2.51089
2.51251
2.51412
2.5157
2.51727
2.5189
2.52054
2.52221
2.52388
2.52556
2.52723
2.52891
2.53059
2.53228
2.53399
2.53561
2.53724
2.53886
2.54047
2.54208
2.54369
2.54531
2.54692
2.5486
2.55028
2.5519
2.5535
2.55517
2.55684
2.55843
2.56002
2.56167
2.56333
2.56501
2.56669
2.56831
2.56991
2.57156
2.57324
2.57493
2.57663
2.57827
2.5799
2.58156
2.58324
2.58485
2.58646
2.58806
2.58964
2.5913
2.59298
2.59458
2.5962
2.59787
2.59953
2.60113
2.60273
2.60439
2.60606
2.60774
2.60943
2.61105
2.61264
2.61429
2.61593
2.61759
2.61927
2.62097
2.62265
2.62426
2.62586
2.62752
2.62919
2.63081
2.63241
2.63402
2.63561
2.63727
2.63895
2.64056
2.64217
2.64384
2.6455
2.64717
2.64885
2.65054
2.65222
2.65382
2.6554
2.65706
2.65871
2.66031
2.66191
2.66357
2.66524
2.66684
2.66843
2.6701
2.67176
2.67344
2.67515
2.67686
2.67856
2.68017
2.68176
2.68334
2.68491
2.68655
2.68822
2.68991
2.6916
2.69322
2.69483
2.6965
2.69817
2.69978
2.7014
2.7031
2.7048
2.70643
2.70807
2.70969
2.7113
2.71298
2.71467
2.71631
2.71794
2.71954
2.72113
2.72271
2.72429
2.72595
2.72761
2.72921
2.7308
2.73245
2.7341
2.73575
2.73741
2.73908
2.74075
2.74241
2.74408
2.74573
2.74739
2.74905
2.75072
2.7524
2.75408
2.75569
2.75729
2.75887
2.76045
2.76211
2.76378
2.7654
2.76702
2.76869
2.77036
2.77197
2.77356
2.77522
2.77689
2.77855
2.78023
2.78191
2.78358
2.78518
2.78676
2.7884
2.79006
2.79174
2.79343
2.79506
2.79665
2.79824
2.79981
2.80146
2.80313
2.80483
2.80655
2.80827
2.81
2.81162
2.81323
2.81483
2.81642
2.81801
2.8196
2.82127
2.82296
2.82459
2.8262
2.8278
2.82938
2.83104
2.83271
2.83441
2.83612
2.83775
2.83936
2.84095
3.24702
3.15417
3.24735
3.2205
2.77905
2.78068
2.78229
2.78389
2.78549
2.7871
2.78871
2.79031
2.79191
2.79351
2.79518
2.79685
2.79846
2.80006
2.80172
2.80338
2.80505
2.80673
2.80843
2.81012
2.81172
2.81333
2.815
2.81667
2.81829
2.81992
2.82152
2.82312
2.82471
2.8263
2.82797
2.82964
2.83126
2.83287
2.83454
2.83622
2.83791
2.8396
2.84122
2.84282
2.8444
2.84597
2.84761
2.84927
2.85097
2.85266
2.85428
2.85589
2.85755
2.85922
2.86083
2.86243
2.86403
2.8656
2.86725
2.86892
2.8706
2.87229
2.8739
2.87549
2.87714
2.87879
2.88045
2.88215
2.88386
2.88556
2.8872
2.88883
2.89044
2.89206
2.89367
2.89529
2.89692
2.89854
2.90016
2.90178
2.90339
2.905
2.90668
2.90837
2.91
2.91162
2.91332
2.91501
2.91664
2.91827
2.91989
2.9215
2.92311
2.92471
2.92631
2.92792
2.92961
2.93131
2.93294
2.93456
2.93617
2.93776
2.93941
2.94109
2.94269
2.94429
2.94597
2.94764
2.94933
2.95103
2.95265
2.95427
2.95587
2.95744
2.95902
2.9606
2.96226
2.96393
2.96562
2.96732
2.96894
2.97053
2.97219
2.97386
2.97554
2.97723
2.97886
2.98047
2.98207
2.98365
2.98532
2.987
2.98863
2.99025
2.99186
2.99345
2.99512
2.99679
2.99841
3.00004
3.00171
3.00339
3.00501
3.00661
3.00829
3.00998
3.01159
3.01319
3.01479
3.01638
3.01804
3.01971
3.02132
3.02294
3.02461
3.02628
3.02789
3.02949
3.03116
3.03285
3.03455
3.03626
3.03791
3.03953
3.04114
3.04274
3.04434
3.04594
3.04753
3.04912
3.0507
3.05228
3.05393
3.05558
3.05725
3.05894
3.06061
3.06229
3.06398
3.06564
3.06725
3.06884
3.0705
3.07217
3.07377
3.07537
3.07705
3.07872
3.08032
3.08192
3.0835
3.08507
3.0867
3.08836
3.09003
3.09172
3.09341
3.09511
3.0968
3.0985
3.10013
3.10174
3.10335
3.10495
3.10654
3.10813
3.10972
3.11132
3.11299
3.11468
3.11639
3.11811
3.11975
3.12138
3.123
3.12459
3.12619
3.12778
3.12938
3.13099
3.13266
3.13434
3.13595
3.13756
3.13922
3.14089
3.14258
3.14427
3.1459
3.1475
3.14909
3.15067
3.15233
2.84446
2.84611
2.84777
2.84944
2.85111
2.85277
2.85443
2.8561
2.85778
2.85945
2.86107
2.86267
2.86435
2.86604
2.86767
2.8693
2.87092
2.87253
2.87413
2.87572
2.87739
2.87906
2.88066
2.88226
2.88391
2.88556
2.88722
2.8889
2.89059
2.89227
2.89389
2.89549
2.89716
2.89883
2.90045
2.90207
2.90367
2.90527
2.90694
2.90862
2.91032
2.91203
2.91366
2.91526
2.91685
2.91842
2.92007
2.92174
2.92334
2.92496
2.92663
2.92831
2.93
2.93171
2.93334
2.93497
2.93657
2.93818
2.93986
2.94156
2.94319
2.94481
2.94641
2.948
2.94955
2.95112
2.95275
2.95439
2.95606
2.95772
2.95938
2.96105
2.9627
2.96435
2.96602
2.96769
2.96937
2.97105
2.97266
2.97426
2.9759
2.97755
2.97913
2.98071
2.98235
2.98399
2.98564
2.9873
2.98898
2.99065
2.99232
2.99399
2.99558
2.99717
2.99882
3.00049
3.00218
3.00388
3.00551
3.00713
3.0088
3.01047
3.01207
3.01367
3.01525
3.01682
3.01846
3.02012
3.0218
3.0235
3.0252
3.0269
3.02852
3.03013
3.03172
3.03332
3.035
3.03669
3.03832
3.03995
3.04154
3.04312
3.04476
3.04642
3.0481
3.04978
3.05138
3.05298
3.05462
3.05627
3.05795
3.05963
3.06125
3.06286
3.06452
3.06619
3.0678
3.06941
3.0711
3.07277
3.07437
3.07597
3.07762
3.07928
3.08096
3.08264
3.08425
3.08585
3.08751
3.08917
3.09078
3.09239
3.09407
3.09574
3.09736
3.09897
3.10055
3.10214
3.10378
3.10544
3.1071
3.10878
3.11045
3.11212
3.11379
3.11547
3.11715
3.11885
3.12047
3.12209
3.12369
3.1253
3.1269
3.1285
3.13011
3.13172
3.1334
3.1351
3.13673
3.13836
3.14004
3.1417
3.1433
3.1449
3.14656
3.14823
3.14993
3.15163
3.15326
3.15489
3.15649
3.15809
3.15967
3.16126
3.16285
3.16443
3.16609
3.16776
3.16945
3.17114
3.17282
3.1745
3.17618
3.17785
3.17944
3.18103
3.18258
3.18414
3.18577
3.18741
3.18908
3.19076
3.19245
3.19413
3.19582
3.1975
3.19912
3.20072
3.2024
3.20408
3.20569
3.20729
3.20888
3.21045
3.2121
3.21376
3.21544
3.21713
3.21874
3.6247
3.53094
3.62504
3.59816
3.15597
3.15759
3.15928
3.16097
3.16258
3.1642
3.1658
3.1674
3.16906
3.17074
3.17235
3.17395
3.17553
3.1771
3.17872
3.18037
3.18203
3.1837
3.18538
3.18706
3.18872
3.19039
3.19199
3.19357
3.19522
3.19687
3.19846
3.20005
3.20169
3.20334
3.205
3.20666
3.20833
3.21002
3.21169
3.21337
3.21498
3.21657
3.21815
3.21972
3.22137
3.22304
3.22463
3.22623
3.22789
3.22954
3.2312
3.23288
3.23455
3.23622
3.23781
3.23938
3.24101
3.24265
3.24431
3.246
3.24768
3.24937
3.25098
3.25257
3.25414
3.2557
3.25734
3.25901
3.26069
3.26239
3.2641
3.26579
3.2674
3.269
3.27057
3.27215
3.2738
3.27546
3.27707
3.27867
3.28033
3.28201
3.28369
3.28538
3.28701
3.28863
3.29031
3.292
3.29363
3.29527
3.2969
3.29851
3.30012
3.30173
3.30333
3.30495
3.30664
3.30835
3.31
3.31164
3.31327
3.31488
3.31649
3.31811
3.31971
3.32133
3.32294
3.32454
3.32623
3.32793
3.32955
3.33117
3.33277
3.33435
3.336
3.33766
3.33925
3.34085
3.3425
3.34415
3.34582
3.3475
3.34919
3.35088
3.35249
3.35409
3.35566
3.35724
3.35889
3.36056
3.36226
3.36397
3.3656
3.36722
3.36889
3.37057
3.3722
3.37382
3.37544
3.37705
3.37864
3.38024
3.38184
3.38344
3.38512
3.3868
3.38843
3.39005
3.39173
3.3934
3.39502
3.39663
3.39832
3.4
3.40161
3.40323
3.40483
3.40642
3.40809
3.40976
3.41139
3.41301
3.4146
3.41619
3.41785
3.41953
3.42124
3.42297
3.42461
3.42624
3.42786
3.42946
3.43106
3.43266
3.43425
3.43584
3.43741
3.43899
3.44063
3.44228
3.44395
3.44561
3.44729
3.44896
3.45062
3.45227
3.45386
3.45543
3.45707
3.4587
3.46036
3.46204
3.46372
3.46541
3.4671
3.46878
3.47039
3.472
3.47358
3.47516
3.47672
3.4783
3.47996
3.48163
3.48331
3.48501
3.48661
3.48821
3.48986
3.49152
3.4932
3.49489
3.4965
3.49811
3.49977
3.50144
3.50305
3.50464
3.50623
3.50781
3.50946
3.51113
3.51282
3.51452
3.51616
3.51777
3.51945
3.52113
3.52276
3.52438
3.526
3.5276
3.52919
3.22232
3.22398
3.22558
3.22718
3.22884
3.23051
3.2322
3.2339
3.23552
3.23713
3.23879
3.24046
3.24215
3.24386
3.24549
3.24712
3.24873
3.25033
3.25193
3.25352
3.25513
3.25673
3.25842
3.26012
3.26175
3.26339
3.2651
3.2668
3.26845
3.27009
3.2717
3.2733
3.2749
3.27648
3.27807
3.27966
3.28132
3.283
3.28469
3.2864
3.28803
3.28964
3.29132
3.29302
3.29464
3.29628
3.29791
3.29952
3.30113
3.30274
3.30443
3.30613
3.30777
3.30939
3.31101
3.31259
3.31417
3.31575
3.31741
3.3191
3.32081
3.32252
3.32416
3.32578
3.32738
3.32898
3.33056
3.33215
3.33382
3.33551
3.33721
3.33891
3.34052
3.34213
3.34379
3.34546
3.34707
3.34866
3.35025
3.35184
3.35348
3.35515
3.35674
3.35833
3.35999
3.36164
3.3633
3.36498
3.36665
3.36833
3.37
3.37165
3.37322
3.37479
3.37641
3.37804
3.37967
3.38133
3.38299
3.38465
3.38631
3.38798
3.38965
3.39132
3.39292
3.39451
3.39617
3.39784
3.39953
3.40124
3.40286
3.40447
3.40615
3.40782
3.40944
3.41106
3.41265
3.41424
3.41583
3.41741
3.41907
3.42075
3.42246
3.42417
3.4258
3.42741
3.42901
3.43059
3.43225
3.43391
3.43551
3.4371
3.43874
3.44039
3.44204
3.4437
3.44537
3.44704
3.44871
3.45038
3.45198
3.45357
3.45523
3.45689
3.4585
3.46011
3.46178
3.46345
3.46507
3.46666
3.46832
3.46999
3.47165
3.47332
3.47493
3.47651
3.47816
3.47982
3.48149
3.48318
3.48479
3.48638
3.48796
3.48952
3.49116
3.49281
3.49448
3.49617
3.49786
3.49954
3.50122
3.5029
3.50459
3.50628
3.50791
3.50952
3.51113
3.51273
3.51433
3.51594
3.51754
3.51916
3.52086
3.52257
3.52422
3.52587
3.52749
3.52911
3.53071
3.53231
3.53389
3.53547
3.53713
3.53879
3.54048
3.54217
3.54387
3.54556
3.54718
3.54878
3.55036
3.55196
3.55362
3.55531
3.55695
3.55857
3.56018
3.56178
3.56345
3.56513
3.56674
3.56834
3.57001
3.57167
3.57335
3.57505
3.57666
3.57826
3.57984
3.58141
3.58306
3.58472
3.58632
3.58792
3.58957
3.59124
3.59291
3.59459
3.59629
4.00223
3.90764
4.00257
3.97538
3.53268
3.53425
3.53589
3.53754
3.53921
3.54088
3.54255
3.54422
3.5459
3.54757
3.54926
3.55096
3.55259
3.55421
3.55582
3.55743
3.55903
3.56063
3.56224
3.56385
3.56553
3.56723
3.56886
3.57048
3.57209
3.57366
3.57523
3.5768
3.57845
3.58011
3.58179
3.58347
3.58516
3.58684
3.58844
3.59003
3.59167
3.59332
3.59491
3.59648
3.59813
3.59977
3.60143
3.60311
3.60479
3.60647
3.60816
3.60986
3.61148
3.61309
3.61469
3.61629
3.61788
3.61947
3.62106
3.62265
3.62431
3.62599
3.62767
3.62936
3.63097
3.63256
3.6342
3.63586
3.63753
3.63922
3.64085
3.64246
3.64414
3.64583
3.64745
3.64909
3.6507
3.65231
3.65392
3.65551
3.65711
3.65871
3.66038
3.66206
3.66367
3.66528
3.66695
3.66861
3.6703
3.67201
3.67363
3.67525
3.67685
3.67843
3.68002
3.6816
3.68326
3.68494
3.68655
3.68816
3.68983
3.69149
3.69317
3.69486
3.69646
3.69807
3.69972
3.70138
3.70299
3.70457
3.70616
3.70772
3.70935
3.71101
3.71267
3.71435
3.71604
3.71772
3.7194
3.72109
3.72269
3.72428
3.72586
3.72743
3.72907
3.73074
3.73243
3.73413
3.73575
3.73737
3.73904
3.74072
3.74234
3.74397
3.74558
3.74718
3.74877
3.75037
3.75206
3.75375
3.75537
3.757
3.75859
3.76017
3.76181
3.76346
3.76506
3.76664
3.76828
3.76993
3.77157
3.77324
3.77491
3.77658
3.77825
3.77992
3.78151
3.7831
3.78474
3.78639
3.78798
3.78956
3.79121
3.79285
3.79451
3.79618
3.79785
3.79952
3.80121
3.80289
3.80449
3.80608
3.80766
3.80923
3.81089
3.81256
3.81427
3.81599
3.81762
3.81925
3.82085
3.82244
3.82412
3.82582
3.82746
3.82911
3.83073
3.83234
3.83396
3.83556
3.83717
3.83878
3.84038
3.84199
3.84367
3.84536
3.84699
3.8486
3.8502
3.85178
3.85343
3.8551
3.85679
3.85849
3.86011
3.8617
3.86327
3.86484
3.86647
3.86812
3.8698
3.87147
3.87308
3.87466
3.87629
3.87794
3.87959
3.88127
3.88296
3.88465
3.88635
3.88805
3.88968
3.8913
3.89291
3.89451
3.89611
3.89771
3.89932
3.90092
3.90252
3.90412
3.90579
3.60003
3.60171
3.60334
3.60496
3.60656
3.60816
3.60975
3.61135
3.61295
3.61454
3.61612
3.6177
3.61935
3.62101
3.62268
3.62436
3.62605
3.62773
3.62941
3.63108
3.63267
3.63424
3.63588
3.63752
3.63919
3.64088
3.64258
3.64428
3.6459
3.64751
3.64911
3.6507
3.65229
3.65389
3.65558
3.65728
3.65892
3.66056
3.66226
3.66397
3.66559
3.66722
3.66883
3.67042
3.67201
3.67359
3.67516
3.67674
3.67838
3.68005
3.68172
3.6834
3.68509
3.68678
3.68847
3.69016
3.69179
3.6934
3.695
3.69659
3.69826
3.69994
3.70156
3.70317
3.70476
3.70634
3.70799
3.70964
3.71124
3.71283
3.71447
3.71612
3.71778
3.71945
3.72113
3.72282
3.7245
3.72619
3.7278
3.72941
3.73107
3.73273
3.73433
3.73593
3.73751
3.73908
3.74071
3.74237
3.74404
3.74573
3.74742
3.74912
3.75073
3.75233
3.754
3.75568
3.7573
3.75893
3.76053
3.76213
3.76379
3.76546
3.76707
3.76867
3.77034
3.77202
3.77371
3.77541
3.77706
3.77867
3.78028
3.78188
3.78347
3.78507
3.78667
3.78827
3.78995
3.79164
3.79335
3.79507
3.7967
3.7983
3.79988
3.80144
3.80309
3.80474
3.80633
3.80793
3.80957
3.81122
3.81289
3.81456
3.81624
3.81793
3.81952
3.82112
3.82277
3.82444
3.82614
3.82784
3.82947
3.83109
3.83276
3.83444
3.83607
3.83769
3.83931
3.84092
3.84252
3.84412
3.84572
3.84732
3.84901
3.8507
3.85234
3.85398
3.85568
3.85738
3.85903
3.86066
3.86228
3.86389
3.86547
3.86707
3.86865
3.87023
3.87189
3.87357
3.87526
3.87697
3.87858
3.88018
3.88176
3.88333
3.88497
3.88663
3.88832
3.89001
3.89161
3.8932
3.89483
3.89646
3.8981
3.89975
3.90141
3.90307
3.90472
3.90638
3.90805
3.90971
3.9113
3.91289
3.91454
3.91621
3.9179
3.9196
3.92123
3.92285
3.92444
3.92603
3.92768
3.92935
3.93106
3.93276
3.93439
3.93601
3.9376
3.93919
3.94086
3.94255
3.94419
3.94582
3.94744
3.94905
3.95064
3.95223
3.95381
3.9554
3.95706
3.95872
3.96038
3.96205
3.96371
3.96537
3.96704
3.96869
3.97036
3.97203
3.97362
4.37967
4.2842
4.38001
4.35271
3.90942
3.91104
3.9127
3.91438
3.91609
3.9178
3.91944
3.92107
3.92268
3.92428
3.92588
3.92747
3.92907
3.93066
3.93225
3.93383
3.93547
3.93714
3.93882
3.94051
3.9422
3.94389
3.94549
3.94709
3.94876
3.95043
3.95204
3.95364
3.95524
3.95682
3.95847
3.96014
3.96184
3.96354
3.96518
3.96679
3.96837
3.96995
3.97151
3.97308
3.97472
3.97639
3.97807
3.97975
3.98144
3.98312
3.98471
3.9863
3.98794
3.98958
3.99115
3.99272
3.99435
3.99599
3.99763
3.99928
4.00093
4.00258
4.00422
4.00587
4.00751
4.00917
4.01083
4.01249
4.01416
4.01583
4.01743
4.01902
4.02067
4.02234
4.02403
4.02573
4.02736
4.02898
4.03058
4.03217
4.03375
4.03534
4.03702
4.03871
4.04034
4.04197
4.04366
4.04536
4.04699
4.04861
4.05023
4.05183
4.05342
4.05501
4.05659
4.05817
4.05982
4.06148
4.06317
4.06486
4.06656
4.06825
4.06987
4.07147
4.07306
4.07465
4.07632
4.07801
4.07963
4.08126
4.08287
4.08446
4.08613
4.08781
4.08942
4.09105
4.09273
4.09441
4.09604
4.09765
4.09925
4.10084
4.10242
4.10401
4.10567
4.10736
4.10907
4.11078
4.11241
4.11403
4.11562
4.1172
4.11876
4.12033
4.12198
4.12364
4.12531
4.127
4.12869
4.13037
4.13197
4.13355
4.13511
4.13666
4.13829
4.13994
4.1416
4.14327
4.14495
4.14662
4.14829
4.14997
4.15165
4.15333
4.15494
4.15654
4.15812
4.15969
4.16125
4.16282
4.16445
4.16611
4.16778
4.16945
4.17114
4.17281
4.17448
4.17616
4.17776
4.17935
4.18102
4.18268
4.18428
4.18589
4.18756
4.18923
4.19083
4.19243
4.19401
4.19557
4.19721
4.19886
4.20053
4.20221
4.2039
4.20557
4.20717
4.20876
4.21041
4.21208
4.21376
4.21546
4.21709
4.21869
4.22028
4.22186
4.22352
4.22519
4.22681
4.22843
4.23012
4.2318
4.23342
4.23504
4.23664
4.23823
4.23981
4.24138
4.24304
4.24471
4.2464
4.24809
4.2497
4.25129
4.25293
4.25458
4.25625
4.25793
4.25954
4.26115
4.26281
4.26448
4.26608
4.26768
4.26927
4.27085
4.27249
4.27416
4.27584
4.27753
4.27915
4.28074
4.28239
3.97721
3.97887
3.98048
3.98208
3.98367
3.98524
3.98688
3.98854
3.99021
3.9919
3.99357
3.99524
3.99691
3.99858
4.00026
4.00195
4.00356
4.00517
4.00676
4.00834
4.00993
4.01151
4.01318
4.01486
4.01648
4.0181
4.01977
4.02145
4.02315
4.02485
4.02646
4.02806
4.02963
4.0312
4.03283
4.03448
4.03617
4.03787
4.03957
4.04127
4.0429
4.04451
4.04611
4.0477
4.0493
4.0509
4.05259
4.0543
4.05595
4.05759
4.05928
4.06098
4.06261
4.06425
4.06588
4.06749
4.06911
4.07073
4.07235
4.07398
4.0756
4.07722
4.07884
4.08045
4.08206
4.08367
4.08536
4.08706
4.08869
4.09031
4.09189
4.09346
4.09509
4.09674
4.09841
4.10009
4.10177
4.10344
4.10504
4.10662
4.10826
4.10991
4.11149
4.11309
4.11473
4.11639
4.11806
4.11975
4.12144
4.12314
4.12483
4.12651
4.12813
4.12972
4.13131
4.13288
4.13445
4.13603
4.13767
4.13934
4.14103
4.14272
4.14433
4.14593
4.14757
4.14924
4.15092
4.1526
4.15423
4.15583
4.15748
4.15913
4.16071
4.16229
4.16394
4.16559
4.16726
4.16894
4.17062
4.17231
4.17392
4.17551
4.17708
4.17865
4.18029
4.18197
4.18366
4.18537
4.18709
4.1888
4.19042
4.19204
4.19362
4.1952
4.19678
4.19836
4.20003
4.20171
4.20342
4.20515
4.20679
4.20842
4.21004
4.21164
4.21325
4.21486
4.21647
4.21808
4.21968
4.22128
4.22294
4.22461
4.2263
4.228
4.2297
4.2314
4.23303
4.23464
4.23624
4.23784
4.23943
4.24103
4.24263
4.24423
4.24591
4.2476
4.24923
4.25085
4.25253
4.25421
4.25581
4.25741
4.25908
4.26075
4.26243
4.26414
4.26577
4.26738
4.26899
4.27057
4.27216
4.27375
4.27543
4.27713
4.27876
4.28038
4.28198
4.28356
4.28522
4.2869
4.28858
4.29027
4.29188
4.29347
4.29512
4.29677
4.29835
4.29993
4.30158
4.30324
4.30491
4.3066
4.3083
4.31
4.31162
4.31323
4.31483
4.31642
4.3181
4.3198
4.32142
4.32304
4.32464
4.32622
4.32788
4.32954
4.33114
4.33274
4.33441
4.33608
4.33777
4.33947
4.3411
4.34271
4.34431
4.3459
4.34757
4.34926
4.3509
4.75705
4.66076
4.75738
4.72974
4.28594
4.28751
4.28915
4.29078
4.29243
4.29409
4.29575
4.29742
4.29909
4.30075
4.30243
4.30411
4.30572
4.30732
4.3089
4.31048
4.31213
4.31381
4.31552
4.31723
4.31887
4.32048
4.32208
4.32366
4.32524
4.32682
4.32848
4.33016
4.33177
4.33338
4.33506
4.33673
4.33843
4.34014
4.34177
4.34339
4.34501
4.34659
4.34818
4.34975
4.35132
4.3529
4.35453
4.35619
4.35785
4.35952
4.36119
4.36286
4.36452
4.36618
4.36777
4.36934
4.37099
4.37263
4.3743
4.376
4.3777
4.3794
4.38103
4.38263
4.38423
4.38581
4.38738
4.38897
4.39063
4.3923
4.39391
4.39552
4.39719
4.39886
4.40054
4.40224
4.40386
4.40547
4.40706
4.40863
4.41029
4.41196
4.41356
4.41517
4.41684
4.41851
4.4202
4.42189
4.42352
4.42513
4.42672
4.4283
4.42987
4.43144
4.4331
4.43477
4.43646
4.43817
4.43989
4.44159
4.44323
4.44486
4.44647
4.44808
4.44968
4.45129
4.4529
4.45451
4.45612
4.45771
4.4593
4.46089
4.46255
4.46423
4.46592
4.46761
4.46924
4.47085
4.47251
4.47418
4.47579
4.47739
4.47898
4.48055
4.48219
4.48385
4.48553
4.48722
4.48883
4.49042
4.49207
4.49371
4.4953
4.49689
4.49853
4.50019
4.50186
4.50355
4.50525
4.50694
4.50855
4.51015
4.51173
4.5133
4.51495
4.5166
4.5182
4.5198
4.52145
4.52311
4.52478
4.52647
4.52817
4.52987
4.5315
4.53311
4.53471
4.53631
4.5379
4.53948
4.54107
4.54265
4.5443
4.54596
4.54764
4.54932
4.55101
4.55268
4.55428
4.55588
4.55753
4.55919
4.56079
4.5624
4.56408
4.56575
4.56737
4.569
4.57068
4.57238
4.57402
4.57564
4.57726
4.57886
4.58045
4.58205
4.58363
4.58522
4.58689
4.58858
4.59028
4.592
4.59364
4.59526
4.59686
4.59845
4.60004
4.60162
4.6032
4.60478
4.60643
4.60809
4.60977
4.61144
4.61312
4.61479
4.61637
4.61794
4.61956
4.6212
4.62286
4.62454
4.62622
4.62791
4.62951
4.63111
4.63277
4.63443
4.63604
4.63763
4.63921
4.64078
4.64241
4.64406
4.64572
4.64739
4.64907
4.65074
4.65241
4.65408
4.65568
4.65727
4.65893
4.35457
4.35627
4.3579
4.35953
4.36115
4.36276
4.36436
4.36596
4.36756
4.36916
4.37075
4.37234
4.37401
4.37569
4.3774
4.37911
4.38073
4.38234
4.38393
4.38549
4.38713
4.38878
4.39045
4.39214
4.39382
4.3955
4.3971
4.39869
4.40035
4.40202
4.40361
4.40521
4.4068
4.40837
4.41002
4.41167
4.41336
4.41506
4.41676
4.41846
4.42015
4.42184
4.42346
4.42508
4.42668
4.42828
4.42988
4.43148
4.43308
4.43469
4.43638
4.43808
4.43971
4.44134
4.44296
4.44455
4.44613
4.44771
4.44937
4.45105
4.45272
4.45441
4.4561
4.45778
4.45938
4.46098
4.46263
4.46429
4.4659
4.4675
4.46909
4.47067
4.47232
4.474
4.47569
4.47739
4.47903
4.48064
4.48232
4.484
4.4856
4.4872
4.48878
4.49035
4.49199
4.49364
4.49532
4.49701
4.49871
4.5004
4.50202
4.50362
4.50521
4.50678
4.50835
4.50992
4.51156
4.51322
4.5149
4.51657
4.51824
4.5199
4.52155
4.5232
4.52486
4.52652
4.5282
4.52988
4.53148
4.53308
4.53466
4.53624
4.5379
4.53957
4.54119
4.5428
4.54448
4.54617
4.54787
4.54957
4.5512
4.55281
4.55439
4.55598
4.55763
4.5593
4.56092
4.56254
4.56423
4.56592
4.56754
4.56916
4.57076
4.57236
4.57395
4.57553
4.5772
4.57889
4.5806
4.58231
4.58394
4.58554
4.58721
4.58888
4.59049
4.5921
4.59369
4.59527
4.59684
4.59841
4.60006
4.60171
4.60339
4.60508
4.60677
4.60847
4.61017
4.61187
4.6135
4.61512
4.61671
4.6183
4.61988
4.62146
4.62313
4.6248
4.62641
4.62803
4.62969
4.63136
4.63296
4.63455
4.63621
4.63787
4.63946
4.64105
4.6427
4.64436
4.64603
4.6477
4.64938
4.65106
4.65273
4.6544
4.656
4.65758
4.65914
4.6607
4.66232
4.66398
4.66565
4.66733
4.66903
4.67072
4.67242
4.67412
4.67575
4.67737
4.67899
4.68059
4.68218
4.68378
4.68546
4.68716
4.6888
4.69042
4.69204
4.69363
4.69521
4.6968
4.69846
4.70014
4.70176
4.70337
4.70506
4.70674
4.70844
4.71016
4.71182
4.71345
4.71506
4.71665
4.71825
4.71984
4.72142
4.72302
4.72468
4.72636
4.72797
5.13438
5.03709
5.13472
5.1071
4.66253
4.66414
4.66572
4.6673
4.66894
4.6706
4.67229
4.67399
4.67569
4.67738
4.679
4.68059
4.68217
4.68375
4.68541
4.6871
4.68871
4.69033
4.69193
4.69351
4.69517
4.69685
4.69855
4.70026
4.70191
4.70352
4.70513
4.70671
4.70829
4.70987
4.71153
4.71321
4.71481
4.71642
4.71808
4.71975
4.72143
4.72313
4.72475
4.72635
4.72795
4.72952
4.73118
4.73285
4.73447
4.73609
4.73777
4.73944
4.74105
4.74265
4.74432
4.746
4.74761
4.74922
4.7509
4.75259
4.75422
4.75584
4.75745
4.75905
4.76064
4.76224
4.76392
4.76561
4.76725
4.76887
4.77047
4.77207
4.77372
4.77539
4.77701
4.77861
4.78028
4.78195
4.78355
4.78516
4.78682
4.78849
4.79011
4.79171
4.79339
4.79507
4.79669
4.7983
4.79989
4.80148
4.80314
4.8048
4.8064
4.80801
4.80966
4.81133
4.813
4.81468
4.81629
4.8179
4.81956
4.82123
4.82283
4.82445
4.82614
4.82783
4.82946
4.83109
4.8327
4.83431
4.83591
4.8375
4.83919
4.84089
4.84252
4.84414
4.84574
4.84732
4.8489
4.85047
4.85212
4.85379
4.85547
4.85716
4.85877
4.86037
4.86202
4.86368
4.86536
4.86706
4.86869
4.87029
4.87188
4.87345
4.8751
4.87676
4.87837
4.87997
4.88163
4.8833
4.88499
4.88668
4.8883
4.88991
4.89149
4.89308
4.89473
4.8964
4.89802
4.89963
4.9013
4.90299
4.90469
4.9064
4.90805
4.90968
4.91129
4.91291
4.91452
4.91614
4.91776
4.91939
4.92102
4.92265
4.92427
4.92589
4.92751
4.92912
4.93072
4.93231
4.93389
4.93547
4.93711
4.93876
4.94041
4.94208
4.94374
4.9454
4.94706
4.94872
4.95039
4.95206
4.95365
4.95525
4.95691
4.95857
4.96018
4.96179
4.96347
4.96516
4.96677
4.96838
4.96998
4.97156
4.97321
4.97488
4.97648
4.97808
4.97974
4.9814
4.98309
4.98478
4.9864
4.98802
4.98969
4.99137
4.99301
4.99463
4.99626
4.99787
4.99947
5.00107
5.00266
5.00426
5.00594
5.00761
5.00923
5.01084
5.01251
5.01419
5.01579
5.01738
5.01896
5.02052
5.02216
5.02381
5.02548
5.02716
5.02884
5.03051
5.0321
5.03366
5.03529
4.73158
4.73325
4.73495
4.73665
4.73829
4.73991
4.74151
4.7431
4.74468
4.74626
4.74792
4.74959
4.75127
4.75296
4.75456
4.75615
4.7578
4.75945
4.76112
4.76281
4.76442
4.76603
4.7676
4.76917
4.7708
4.77247
4.77415
4.77586
4.77756
4.77925
4.78086
4.78245
4.78411
4.78577
4.78737
4.78898
4.79055
4.79213
4.79378
4.79544
4.79713
4.79882
4.80044
4.80205
4.80371
4.80538
4.80699
4.8086
4.81028
4.81196
4.81355
4.81515
4.8168
4.81845
4.82004
4.82162
4.82326
4.82491
4.82656
4.82823
4.82992
4.83159
4.83318
4.83477
4.83641
4.83808
4.83976
4.84145
4.84308
4.84469
4.84635
4.84801
4.8496
4.8512
4.85287
4.85453
4.85613
4.85772
4.85939
4.86105
4.86264
4.86424
4.8659
4.86757
4.86926
4.87096
4.87258
4.8742
4.87588
4.87756
4.87918
4.88078
4.88237
4.88396
4.88561
4.88727
4.88888
4.89048
4.89214
4.89379
4.89538
4.89697
4.89861
4.90026
4.90193
4.90361
4.9053
4.90698
4.90858
4.91016
4.9118
4.91344
4.91511
4.91679
4.91848
4.92017
4.92179
4.92338
4.92497
4.92655
4.92822
4.9299
4.93152
4.93314
4.93474
4.93632
4.93799
4.93966
4.94136
4.94307
4.94469
4.9463
4.94796
4.94962
4.95122
4.95282
4.9544
4.95598
4.95762
4.95929
4.96098
4.96267
4.96429
4.96591
4.96757
4.96924
4.97085
4.97245
4.97404
4.9756
4.97723
4.97886
4.98051
4.98217
4.98382
4.98546
4.9871
4.98874
4.99037
4.99202
4.99366
4.99531
4.99698
4.99864
5.00032
5.00201
5.00371
5.00542
5.00706
5.00869
5.0103
5.01191
5.01351
5.01512
5.01672
5.01832
5.01992
5.02151
5.02319
5.02486
5.02648
5.02809
5.02976
5.03142
5.03303
5.03462
5.03629
5.03797
5.03966
5.04136
5.04298
5.04458
5.04624
5.04791
5.04951
5.05111
5.0527
5.05428
5.05593
5.05758
5.05917
5.06076
5.06241
5.06407
5.06572
5.06739
5.06908
5.07076
5.07244
5.07413
5.07572
5.07731
5.07896
5.08061
5.08221
5.0838
5.08546
5.08714
5.08883
5.09054
5.09218
5.0938
5.09541
5.09701
5.0986
5.10022
5.10191
5.10362
5.10528
5.51168
5.4137
5.51202
5.4839
5.03891
5.04057
5.04225
5.04393
5.0456
5.04728
5.04889
5.05048
5.05207
5.05364
5.05529
5.05696
5.05857
5.06018
5.06185
5.0635
5.0651
5.06668
5.06832
5.06997
5.07162
5.07328
5.07496
5.07661
5.0782
5.07976
5.08139
5.08303
5.08467
5.08634
5.08802
5.0897
5.09138
5.09307
5.09468
5.09629
5.09797
5.09965
5.10128
5.10292
5.10453
5.10615
5.10775
5.10935
5.11096
5.11255
5.11414
5.11573
5.11739
5.11906
5.12065
5.12225
5.12389
5.12554
5.12719
5.12886
5.13053
5.1322
5.13388
5.13554
5.13713
5.13871
5.14036
5.14203
5.14371
5.14541
5.14705
5.14867
5.15027
5.15187
5.15345
5.15504
5.15661
5.1582
5.15985
5.16151
5.16319
5.16488
5.16657
5.16826
5.16996
5.17165
5.17328
5.1749
5.17651
5.17813
5.17974
5.18137
5.183
5.18463
5.18627
5.1879
5.18953
5.19117
5.1928
5.19442
5.19605
5.19767
5.19928
5.20089
5.20248
5.20408
5.20574
5.20742
5.20904
5.21065
5.21232
5.214
5.2156
5.21721
5.21888
5.22056
5.22218
5.2238
5.22549
5.22719
5.22883
5.23046
5.2321
5.23371
5.23531
5.23692
5.23853
5.24013
5.24173
5.24332
5.2449
5.24647
5.24811
5.24976
5.25142
5.2531
5.25477
5.25644
5.25812
5.2598
5.26148
5.26318
5.2648
5.26641
5.26801
5.26959
5.27117
5.27275
5.27432
5.2759
5.27754
5.2792
5.28087
5.28254
5.28422
5.2859
5.28757
5.28925
5.29086
5.29245
5.29412
5.29579
5.2974
5.29901
5.3006
5.30218
5.30383
5.30549
5.3071
5.30869
5.31036
5.31202
5.3137
5.31538
5.317
5.31858
5.32015
5.32171
5.32333
5.32498
5.32663
5.3283
5.32997
5.33162
5.33328
5.33493
5.33658
5.33824
5.33982
5.34139
5.34303
5.34467
5.34634
5.34803
5.34972
5.35141
5.35304
5.35463
5.35622
5.3578
5.35945
5.36113
5.36274
5.36436
5.36603
5.3677
5.3693
5.3709
5.37257
5.37424
5.37585
5.37746
5.37914
5.38082
5.38243
5.38405
5.38564
5.38724
5.3889
5.39057
5.39219
5.39381
5.39549
5.39717
5.39877
5.40036
5.40194
5.4035
5.40514
5.40679
5.40846
5.41015
5.41185
5.10889
5.11049
5.11208
5.11366
5.11525
5.11683
5.11849
5.12016
5.12185
5.12355
5.12517
5.12678
5.12844
5.13012
5.13173
5.13335
5.13505
5.13675
5.1384
5.14004
5.14165
5.14325
5.14484
5.14644
5.14813
5.14983
5.15147
5.1531
5.15472
5.15632
5.15792
5.15951
5.1611
5.16269
5.16436
5.16604
5.16764
5.16924
5.1709
5.17254
5.17419
5.17585
5.17751
5.17917
5.18083
5.1825
5.18417
5.18585
5.18745
5.18906
5.19073
5.19242
5.19405
5.19569
5.19731
5.19893
5.20054
5.20215
5.20376
5.20537
5.20705
5.20873
5.21035
5.21196
5.21353
5.2151
5.21673
5.21837
5.22004
5.22172
5.22341
5.2251
5.22679
5.22848
5.23011
5.23173
5.23334
5.23494
5.23653
5.23812
5.23969
5.24126
5.2429
5.24454
5.24619
5.24784
5.24949
5.25114
5.25277
5.2544
5.25605
5.25768
5.25932
5.26097
5.26261
5.26427
5.26593
5.26759
5.26926
5.27094
5.2726
5.27427
5.27587
5.27746
5.27911
5.28076
5.28236
5.28396
5.28562
5.28728
5.28888
5.29048
5.29214
5.2938
5.29538
5.29697
5.29861
5.30027
5.30193
5.30359
5.30525
5.30691
5.30857
5.31023
5.31189
5.31356
5.31525
5.31695
5.31857
5.32019
5.3218
5.3234
5.32501
5.32661
5.32821
5.32981
5.33141
5.333
5.33466
5.33633
5.33801
5.33969
5.34137
5.34306
5.34475
5.34643
5.34806
5.34966
5.35127
5.35286
5.35446
5.35606
5.35765
5.35925
5.36093
5.36261
5.36423
5.36584
5.36751
5.36919
5.37087
5.37255
5.37417
5.37577
5.37744
5.37911
5.38071
5.38231
5.38391
5.38549
5.38715
5.38884
5.39055
5.39227
5.39393
5.39557
5.39719
5.39881
5.40043
5.40205
5.40366
5.40527
5.40688
5.40849
5.41017
5.41186
5.41349
5.41512
5.41672
5.41831
5.41989
5.42146
5.42312
5.4248
5.4265
5.4282
5.42982
5.43143
5.4331
5.43477
5.43637
5.43797
5.43963
5.4413
5.4429
5.44449
5.44615
5.44781
5.4494
5.45099
5.45264
5.45431
5.45599
5.45767
5.45929
5.4609
5.46256
5.46423
5.46583
5.46744
5.46911
5.47078
5.47247
5.47417
5.4758
5.47741
5.47901
5.48058
5.48216
5.88896
5.78987
5.88929
5.86119
5.41548
5.41708
5.41875
5.42043
5.42206
5.42368
5.42529
5.42689
5.42847
5.43006
5.43172
5.43339
5.435
5.43659
5.43825
5.43991
5.44149
5.44307
5.4447
5.44634
5.448
5.44965
5.45132
5.453
5.45466
5.45633
5.45792
5.45949
5.46113
5.46278
5.46444
5.46613
5.46783
5.46953
5.47115
5.47276
5.47435
5.47594
5.47752
5.4791
5.48067
5.48225
5.48389
5.48554
5.4872
5.48887
5.49053
5.49219
5.49384
5.49549
5.49715
5.49881
5.50048
5.50215
5.50375
5.50534
5.50701
5.50867
5.51028
5.51189
5.51348
5.51507
5.51673
5.51841
5.52012
5.52184
5.52348
5.52511
5.52671
5.5283
5.52989
5.53147
5.53305
5.53463
5.53629
5.53796
5.53965
5.54135
5.54307
5.54477
5.54641
5.54804
5.54965
5.55126
5.55288
5.5545
5.55614
5.55776
5.55939
5.56101
5.56262
5.56423
5.56583
5.56744
5.56912
5.57082
5.57245
5.57408
5.57568
5.57726
5.57884
5.58041
5.58207
5.58374
5.58544
5.58715
5.58887
5.59057
5.59221
5.59384
5.59545
5.59706
5.59867
5.60029
5.60192
5.60355
5.60519
5.60682
5.60845
5.61008
5.6117
5.61333
5.61496
5.61657
5.61819
5.6198
5.62141
5.62302
5.62469
5.62638
5.628
5.62962
5.63131
5.633
5.63462
5.63624
5.63785
5.63944
5.64104
5.64263
5.64431
5.646
5.64763
5.64925
5.65085
5.65244
5.6541
5.65577
5.65737
5.65898
5.66064
5.66231
5.664
5.6657
5.66733
5.66894
5.67053
5.67213
5.67381
5.67551
5.67716
5.67881
5.68044
5.68207
5.68369
5.68531
5.68694
5.68856
5.69019
5.69181
5.69342
5.69503
5.69662
5.69821
5.69979
5.70136
5.703
5.70465
5.70632
5.708
5.70967
5.71135
5.71303
5.71469
5.7163
5.71789
5.71955
5.72122
5.72283
5.72444
5.72612
5.7278
5.72941
5.73103
5.73262
5.7342
5.73576
5.73732
5.73896
5.74061
5.74228
5.74396
5.74564
5.74731
5.74899
5.75065
5.75225
5.75384
5.75548
5.75715
5.75884
5.76054
5.76218
5.76379
5.76539
5.76699
5.76857
5.77017
5.77186
5.77355
5.77519
5.77682
5.77843
5.78003
5.78161
5.78319
5.78485
5.78652
5.78812
5.48573
5.4874
5.48901
5.4906
5.49226
5.49393
5.4956
5.49729
5.49899
5.50068
5.50228
5.50388
5.50553
5.5072
5.50881
5.51042
5.51211
5.5138
5.51543
5.51707
5.51868
5.5203
5.52191
5.52351
5.52512
5.52673
5.52843
5.53014
5.53179
5.53342
5.53502
5.5366
5.53817
5.53973
5.54137
5.54303
5.5447
5.54638
5.54807
5.54976
5.55145
5.55316
5.55479
5.55641
5.55804
5.55965
5.56127
5.5629
5.56452
5.56615
5.56776
5.56936
5.57096
5.57255
5.57422
5.57589
5.57749
5.57909
5.58075
5.58242
5.5841
5.58578
5.5874
5.589
5.59057
5.59214
5.59378
5.59543
5.59712
5.59881
5.60049
5.60217
5.60386
5.60553
5.60714
5.60873
5.61031
5.61188
5.61344
5.615
5.61663
5.61828
5.61994
5.62161
5.62327
5.62493
5.62658
5.62823
5.62989
5.63154
5.6332
5.63486
5.63651
5.63817
5.63975
5.64132
5.64296
5.6446
5.64627
5.64796
5.64965
5.65135
5.65297
5.65457
5.65616
5.65773
5.6593
5.66088
5.66252
5.66418
5.66583
5.66749
5.66914
5.67078
5.67242
5.67405
5.67568
5.67731
5.67895
5.68059
5.68223
5.68388
5.68553
5.68718
5.68885
5.69051
5.69219
5.69387
5.69547
5.69707
5.69872
5.70036
5.70195
5.70352
5.70517
5.70681
5.70847
5.71014
5.71182
5.71349
5.71509
5.71667
5.71831
5.71997
5.72165
5.72334
5.72497
5.72659
5.72826
5.72994
5.73154
5.73314
5.73472
5.73629
5.73793
5.73957
5.74124
5.74292
5.74451
5.74608
5.7477
5.74933
5.75097
5.75262
5.75428
5.75594
5.75759
5.75925
5.76091
5.76256
5.76422
5.76588
5.76754
5.76922
5.77091
5.7726
5.77422
5.77583
5.77744
5.77904
5.78063
5.78223
5.78383
5.78543
5.78711
5.78879
5.79041
5.79204
5.79371
5.79538
5.79698
5.79856
5.80021
5.80187
5.80354
5.80523
5.80693
5.80863
5.81026
5.81187
5.81347
5.81508
5.81667
5.81828
5.81988
5.82149
5.82318
5.82488
5.82651
5.82813
5.82971
5.83127
5.83291
5.83455
5.83621
5.83789
5.83956
5.84123
5.84282
5.84439
5.84603
5.84767
5.84933
5.85102
5.85271
5.85441
5.85604
5.85764
5.85933
6.2662
6.16639
6.26653
6.23801
5.79167
5.79331
5.79497
5.79662
5.79829
5.79997
5.80163
5.8033
5.8049
5.80649
5.80815
5.80981
5.81141
5.81303
5.8147
5.81637
5.81798
5.81957
5.82115
5.82271
5.82434
5.82598
5.82763
5.8293
5.83097
5.83262
5.83429
5.83596
5.83763
5.83931
5.84092
5.84252
5.8442
5.84589
5.84752
5.84916
5.85078
5.85239
5.854
5.85559
5.85719
5.85877
5.86035
5.86193
5.86357
5.86522
5.86689
5.86857
5.87025
5.87193
5.87361
5.87529
5.8769
5.87849
5.88008
5.88165
5.8833
5.88496
5.88656
5.88816
5.88981
5.89147
5.89314
5.89482
5.89652
5.89821
5.89983
5.90143
5.90303
5.9046
5.90618
5.90776
5.90942
5.91109
5.91269
5.91428
5.91593
5.91757
5.91922
5.92088
5.92254
5.92421
5.92587
5.92754
5.92922
5.9309
5.93251
5.93412
5.9357
5.93728
5.93885
5.94042
5.94207
5.94374
5.94542
5.94711
5.9487
5.95028
5.95192
5.95354
5.95519
5.95685
5.95851
5.96018
5.96185
5.9635
5.9651
5.96667
5.96832
5.96998
5.97165
5.97334
5.97497
5.97658
5.97826
5.97995
5.98157
5.9832
5.98481
5.9864
5.98799
5.98958
5.99125
5.99293
5.99455
5.99615
5.99774
5.99931
6.00095
6.00259
6.00427
6.00596
6.00765
6.00934
6.01095
6.01255
6.01421
6.01589
6.01749
6.0191
6.02069
6.02227
6.02393
6.02558
6.02719
6.02879
6.03045
6.03212
6.0338
6.03548
6.0371
6.03869
6.04027
6.04183
6.04347
6.04513
6.0468
6.0485
6.05019
6.05188
6.05348
6.05508
6.05675
6.05842
6.06004
6.06165
6.06325
6.06484
6.06642
6.068
6.06965
6.07132
6.07292
6.0745
6.07615
6.07779
6.07943
6.08109
6.08275
6.0844
6.08606
6.0877
6.08936
6.09103
6.0927
6.09437
6.09598
6.09757
6.09915
6.10072
6.10237
6.10404
6.10574
6.10745
6.10908
6.11069
6.11228
6.11386
6.11551
6.11718
6.11878
6.12038
6.12205
6.1237
6.12529
6.12688
6.12853
6.13019
6.13187
6.13356
6.13527
6.13698
6.13861
6.14023
6.14185
6.14345
6.14507
6.14667
6.14829
6.1499
6.15149
6.15308
6.15466
6.15623
6.15787
6.15952
6.16119
6.16287
6.16454
5.863
5.86462
5.86624
5.86784
5.86943
5.87103
5.87262
5.87422
5.87589
5.87756
5.87918
5.8808
5.88247
5.88414
5.88575
5.88735
5.88904
5.89072
5.89243
5.89415
5.89579
5.89742
5.89903
5.90063
5.90223
5.90383
5.90543
5.90703
5.90862
5.91021
5.91187
5.91353
5.91514
5.91673
5.91838
5.92003
5.92169
5.92336
5.92504
5.92672
5.92839
5.93007
5.93175
5.93344
5.93506
5.93667
5.93827
5.93986
5.94145
5.94304
5.94462
5.94622
5.94789
5.94957
5.95127
5.95298
5.95461
5.95623
5.95792
5.9596
5.96122
5.96283
5.96442
5.96601
5.96757
5.96915
5.97079
5.97245
5.97413
5.97582
5.97752
5.97921
5.98083
5.98243
5.98412
5.98581
5.98744
5.98909
5.99072
5.99234
5.99395
5.99555
5.99715
5.99874
6.00032
6.0019
6.00355
6.00522
6.0069
6.0086
6.0103
6.012
6.01362
6.01523
6.01683
6.01843
6.02012
6.02182
6.02348
6.02513
6.02675
6.02836
6.02996
6.03155
6.03315
6.03475
6.03643
6.03812
6.03974
6.04135
6.04295
6.04453
6.04619
6.04785
6.04945
6.05105
6.05271
6.05437
6.05604
6.05772
6.05941
6.06108
6.06267
6.06426
6.06591
6.06756
6.06925
6.07095
6.07258
6.0742
6.07579
6.07738
6.07897
6.08055
6.08222
6.0839
6.08552
6.08714
6.08881
6.09048
6.09217
6.09385
6.09546
6.09707
6.09873
6.10039
6.102
6.1036
6.10519
6.10677
6.10843
6.11011
6.11181
6.11353
6.11517
6.11679
6.1184
6.12
6.12158
6.12317
6.12483
6.1265
6.1281
6.12969
6.13134
6.133
6.13466
6.13634
6.13803
6.13971
6.14133
6.14294
6.14461
6.14631
6.14795
6.14959
6.15123
6.15285
6.15448
6.15611
6.15772
6.15933
6.16094
6.16253
6.16412
6.16571
6.16737
6.16905
6.17074
6.17244
6.17406
6.17566
6.17724
6.17881
6.18046
6.18213
6.18383
6.18553
6.18717
6.18878
6.19044
6.19211
6.19371
6.19532
6.197
6.19867
6.20029
6.2019
6.20349
6.20507
6.20663
6.2082
6.20984
6.21149
6.21316
6.21483
6.2165
6.21818
6.21984
6.22151
6.22318
6.22486
6.22654
6.22823
6.22985
6.23146
6.23306
6.23465
6.23624
6.64344
6.54272
6.64377
6.61505
6.16823
6.16991
6.17151
6.17311
6.17478
6.17646
6.17808
6.17969
6.1813
6.1829
6.18456
6.18625
6.18788
6.18949
6.1911
6.19268
6.19425
6.19581
6.19745
6.19912
6.20079
6.20248
6.20417
6.20585
6.20745
6.20904
6.21069
6.21234
6.21394
6.21552
6.21718
6.21885
6.22052
6.22221
6.22383
6.22544
6.22711
6.22878
6.2304
6.23202
6.23362
6.23521
6.2368
6.23838
6.24004
6.2417
6.2433
6.24489
6.24653
6.24817
6.24981
6.25145
6.25311
6.25476
6.25641
6.25807
6.25972
6.26138
6.26296
6.26452
6.26615
6.26779
6.26944
6.27112
6.27279
6.27445
6.27604
6.2776
6.27922
6.28085
6.28248
6.28413
6.28578
6.28743
6.28908
6.29072
6.29236
6.29402
6.29568
6.29735
6.29903
6.3007
6.30231
6.30393
6.3056
6.30729
6.30892
6.31055
6.31217
6.31377
6.31537
6.31696
6.31855
6.32015
6.32181
6.32348
6.3251
6.3267
6.32836
6.33003
6.33161
6.3332
6.33485
6.3365
6.33817
6.33986
6.34155
6.34325
6.34486
6.34646
6.34814
6.34982
6.35145
6.35309
6.35471
6.35633
6.35795
6.35956
6.36118
6.3628
6.36441
6.36603
6.36762
6.36922
6.3708
6.37238
6.37403
6.37568
6.37735
6.37903
6.3807
6.38237
6.38404
6.3857
6.3873
6.38889
6.39054
6.3922
6.3938
6.39541
6.39709
6.39877
6.40038
6.40199
6.40358
6.40516
6.40681
6.40848
6.41018
6.41187
6.41348
6.41508
6.41665
6.4182
6.41983
6.42148
6.42315
6.42484
6.42653
6.42821
6.42982
6.43141
6.43307
6.43473
6.43634
6.43796
6.43964
6.44132
6.44295
6.44455
6.44615
6.44772
6.44928
6.45084
6.45247
6.45411
6.45576
6.45742
6.45908
6.46073
6.46237
6.46402
6.46566
6.46731
6.46897
6.47063
6.4723
6.47399
6.47567
6.47737
6.479
6.4806
6.48221
6.48381
6.4854
6.487
6.48859
6.49018
6.49176
6.49333
6.49497
6.49662
6.49828
6.49995
6.50161
6.50327
6.50493
6.50658
6.50824
6.50991
6.51158
6.51325
6.51486
6.51646
6.51813
6.51981
6.52144
6.52307
6.52468
6.52629
6.52789
6.52948
6.53108
6.53267
6.53434
6.53603
6.53764
6.53924
6.54091
6.23977
6.24136
6.24304
6.24471
6.24632
6.24793
6.24959
6.25126
6.25294
6.25462
6.25622
6.2578
6.25944
6.26109
6.26275
6.26443
6.26614
6.26783
6.26945
6.27107
6.27266
6.27425
6.27583
6.27743
6.27911
6.2808
6.28243
6.28407
6.28576
6.28745
6.28906
6.29066
6.29225
6.29383
6.29547
6.29713
6.29872
6.30032
6.30197
6.30362
6.30529
6.30698
6.30867
6.31036
6.31199
6.3136
6.31528
6.31698
6.31862
6.32027
6.3219
6.32351
6.32512
6.32673
6.32834
6.32995
6.33156
6.33317
6.33486
6.33656
6.33821
6.33984
6.34146
6.34308
6.34468
6.34629
6.348
6.34971
6.35138
6.35304
6.35467
6.35629
6.3579
6.35951
6.36113
6.36275
6.36437
6.36598
6.36758
6.36918
6.37078
6.37237
6.37403
6.3757
6.3773
6.3789
6.38055
6.38221
6.38388
6.38555
6.38722
6.3889
6.39057
6.39223
6.39383
6.39542
6.39708
6.39874
6.40035
6.40196
6.40364
6.40533
6.40696
6.40858
6.41019
6.41179
6.41338
6.41497
6.41663
6.41831
6.41991
6.42149
6.42313
6.42476
6.4264
6.42805
6.42969
6.43134
6.433
6.43464
6.43629
6.43796
6.43962
6.44131
6.44301
6.4447
6.44634
6.44797
6.44958
6.45119
6.45279
6.45438
6.45598
6.45757
6.45924
6.46092
6.46252
6.46414
6.4658
6.46746
6.46906
6.47065
6.47232
6.474
6.47568
6.47738
6.47902
6.48062
6.48222
6.4838
6.48545
6.48713
6.48883
6.49054
6.49217
6.49379
6.49538
6.49697
6.49854
6.50013
6.50179
6.50347
6.50509
6.5067
6.50837
6.51005
6.51164
6.51324
6.51491
6.51658
6.51826
6.51995
6.52165
6.52336
6.525
6.52661
6.52822
6.52983
6.53144
6.53307
6.53469
6.53632
6.53795
6.53957
6.54119
6.54281
6.54442
6.54602
6.54761
6.54919
6.55084
6.55249
6.55415
6.55582
6.55749
6.55916
6.56083
6.5625
6.56419
6.56589
6.56752
6.56914
6.57076
6.57237
6.57399
6.57561
6.57724
6.57886
6.58048
6.58209
6.58369
6.58528
6.58694
6.5886
6.59019
6.59178
6.59342
6.59506
6.59671
6.59837
6.60005
6.60172
6.6034
6.60508
6.60668
6.60829
6.60996
6.61163
6.61325
7.02064
6.91901
7.02098
6.99197
6.54447
6.54605
6.54768
6.54931
6.55096
6.55262
6.55429
6.55596
6.55762
6.5593
6.56099
6.56268
6.5643
6.56591
6.56751
6.5691
6.57069
6.57227
6.57384
6.57541
6.57705
6.57869
6.58035
6.58201
6.58366
6.58531
6.58696
6.5886
6.59026
6.59192
6.59358
6.59527
6.59696
6.59865
6.60028
6.60191
6.60351
6.60512
6.60671
6.60831
6.60991
6.61149
6.61307
6.61464
6.61628
6.61793
6.61958
6.62125
6.62292
6.62458
6.62625
6.62792
6.62959
6.63126
6.63287
6.63447
6.63614
6.63782
6.63943
6.64104
6.64263
6.64421
6.64577
6.64733
6.64896
6.6506
6.65226
6.65393
6.65558
6.65724
6.65889
6.66054
6.6622
6.66386
6.66553
6.6672
6.6688
6.67039
6.67205
6.67372
6.67541
6.67712
6.67876
6.68039
6.68201
6.68361
6.68522
6.68684
6.68845
6.69008
6.69169
6.6933
6.6949
6.6965
6.69818
6.69987
6.70149
6.70309
6.70467
6.70624
6.70786
6.7095
6.71116
6.71283
6.7145
6.71617
6.71784
6.71951
6.72121
6.7229
6.72453
6.72616
6.72777
6.72938
6.731
6.73261
6.73423
6.73585
6.73746
6.73907
6.74066
6.74225
6.74391
6.74558
6.74718
6.74878
6.75044
6.7521
6.75377
6.75545
6.75707
6.75866
6.76032
6.76199
6.76358
6.76518
6.76685
6.76851
6.77012
6.77171
6.77336
6.77503
6.77671
6.7784
6.78002
6.78161
6.78319
6.78476
6.7864
6.78806
6.78965
6.79124
6.79289
6.79454
6.7962
6.79787
6.79954
6.80122
6.8029
6.80457
6.80618
6.80777
6.80943
6.8111
6.81271
6.81433
6.81593
6.81752
6.81919
6.82088
6.8225
6.82413
6.82573
6.82732
6.82899
6.83066
6.83228
6.83389
6.83546
6.83703
6.83865
6.84029
6.84195
6.84361
6.84528
6.84696
6.84862
6.8503
6.85198
6.85367
6.85529
6.85691
6.8585
6.8601
6.86168
6.86327
6.86485
6.86642
6.86807
6.86972
6.87139
6.87307
6.87474
6.87641
6.87808
6.87975
6.88135
6.88295
6.8846
6.88627
6.88788
6.88949
6.89108
6.89267
6.89432
6.896
6.8977
6.89941
6.90105
6.90265
6.90423
6.9058
6.90735
6.90891
6.91054
6.91219
6.91385
6.91551
6.91718
6.61691
6.6186
6.62024
6.62186
6.62348
6.62509
6.62669
6.62828
6.62988
6.63147
6.63306
6.63463
6.63629
6.63795
6.63963
6.64133
6.64303
6.64473
6.64643
6.64814
6.64977
6.65139
6.65301
6.65461
6.65622
6.65783
6.65945
6.66107
6.66268
6.66429
6.66589
6.66748
6.66906
6.67064
6.67229
6.67395
6.67562
6.67731
6.679
6.68067
6.68234
6.68402
6.68571
6.6874
6.68903
6.69064
6.69225
6.69385
6.69545
6.69706
6.69866
6.70027
6.70187
6.70347
6.70514
6.70682
6.70843
6.71005
6.71171
6.71338
6.71506
6.71675
6.71845
6.72016
6.72179
6.72341
6.72502
6.72662
6.72823
6.72985
6.73147
6.73309
6.7347
6.73631
6.73792
6.73953
6.74121
6.74291
6.74453
6.74615
6.74772
6.74928
6.75091
6.75254
6.75419
6.75584
6.7575
6.75915
6.7608
6.76245
6.76411
6.76577
6.76744
6.76911
6.77071
6.7723
6.77397
6.77565
6.77735
6.77907
6.78071
6.78234
6.78395
6.78554
6.78714
6.78873
6.79032
6.79191
6.79348
6.79506
6.7967
6.79835
6.80001
6.80168
6.80334
6.80501
6.80667
6.80833
6.81
6.81167
6.81335
6.81502
6.81662
6.81822
6.81988
6.82154
6.82316
6.82476
6.82636
6.82795
6.82961
6.83128
6.8329
6.83452
6.8362
6.83788
6.8395
6.84112
6.8428
6.84449
6.8461
6.8477
6.84929
6.85087
6.85251
6.85418
6.85587
6.85756
6.85919
6.8608
6.86248
6.86417
6.86579
6.86742
6.86905
6.87066
6.87226
6.87387
6.87547
6.87707
6.87874
6.88041
6.88201
6.8836
6.88526
6.88692
6.88858
6.89025
6.89185
6.89343
6.89508
6.89673
6.8984
6.90009
6.9017
6.90331
6.90498
6.90665
6.90836
6.91008
6.91172
6.91334
6.91496
6.91655
6.91815
6.91974
6.92133
6.92293
6.9245
6.92609
6.92773
6.92939
6.93107
6.93276
6.93445
6.93615
6.93785
6.93955
6.94118
6.94281
6.94441
6.94601
6.9476
6.94919
6.95078
6.95237
6.95404
6.95571
6.95731
6.95892
6.96058
6.96225
6.96394
6.96563
6.96725
6.96885
6.97044
6.97202
6.97366
6.97533
6.97702
6.97872
6.98043
6.98214
6.98377
6.98538
6.98699
6.98859
6.99019
7.39784
7.29527
7.39818
7.36897
6.92083
6.92248
6.92415
6.92583
6.92752
6.92922
6.93085
6.93246
6.93407
6.93566
6.93725
6.93883
6.94042
6.94201
6.94366
6.94532
6.94692
6.9485
6.95014
6.95178
6.95342
6.95508
6.95673
6.95839
6.96005
6.9617
6.96337
6.96504
6.96671
6.96839
6.97
6.9716
6.97327
6.97496
6.97658
6.97821
6.97983
6.98144
6.98305
6.98465
6.98625
6.98785
6.98943
6.99102
6.99267
6.99434
6.99603
6.99771
6.99931
7.00088
7.00251
7.00415
7.00579
7.00746
7.00914
7.01082
7.0125
7.01419
7.01581
7.01741
7.01901
7.02058
7.02216
7.02374
7.0254
7.02707
7.02866
7.03025
7.03189
7.03352
7.03516
7.03681
7.03845
7.0401
7.04174
7.04338
7.04503
7.04667
7.04832
7.04999
7.05166
7.05334
7.05504
7.05673
7.05836
7.06
7.0616
7.06321
7.06482
7.06643
7.06804
7.06964
7.07124
7.07283
7.07441
7.07598
7.07762
7.07927
7.08094
7.08261
7.08428
7.08595
7.08762
7.0893
7.09099
7.09268
7.09431
7.09593
7.09752
7.09912
7.10071
7.10231
7.104
7.10569
7.10734
7.10897
7.11059
7.11219
7.11379
7.11537
7.11697
7.11855
7.12022
7.12189
7.12349
7.12508
7.12673
7.12838
7.13004
7.1317
7.13337
7.13505
7.13672
7.1384
7.14001
7.14159
7.14317
7.14473
7.14638
7.14806
7.14976
7.15146
7.1531
7.15471
7.1563
7.15787
7.15943
7.16099
7.16262
7.16427
7.16593
7.16758
7.16924
7.17089
7.17252
7.17417
7.17581
7.17746
7.17913
7.18079
7.18247
7.18415
7.18576
7.18736
7.18904
7.19073
7.19235
7.19399
7.19559
7.1972
7.19879
7.20037
7.20195
7.20352
7.20517
7.20684
7.20851
7.21019
7.21178
7.21336
7.21499
7.21661
7.21826
7.21992
7.22159
7.22326
7.22493
7.2266
7.22828
7.22996
7.23155
7.23315
7.23472
7.23629
7.23793
7.23958
7.24118
7.24277
7.24442
7.24608
7.24774
7.24941
7.2511
7.25277
7.25437
7.25596
7.25761
7.25927
7.26096
7.26266
7.26429
7.2659
7.26749
7.26909
7.27075
7.27244
7.27408
7.27572
7.27734
7.27894
7.28053
7.28213
7.28372
7.28531
7.28697
7.28864
7.29024
7.29183
7.29347
6.99375
6.99536
6.99697
6.99856
7.00015
7.00173
7.00339
7.00506
7.00674
7.00842
7.01011
7.01178
7.01346
7.01514
7.01674
7.01834
7.02002
7.0217
7.02333
7.02497
7.02659
7.02821
7.02983
7.03145
7.03307
7.03469
7.03631
7.03792
7.03952
7.04112
7.04278
7.04444
7.04604
7.04762
7.04926
7.0509
7.05254
7.0542
7.05587
7.05753
7.0592
7.06088
7.06256
7.06425
7.06587
7.06748
7.06909
7.07069
7.07237
7.07408
7.07572
7.07735
7.07897
7.08056
7.08215
7.08373
7.08531
7.08689
7.08854
7.0902
7.09189
7.09358
7.09528
7.09698
7.09859
7.10021
7.10189
7.10359
7.10523
7.10688
7.10851
7.11013
7.11175
7.11337
7.11499
7.11661
7.11823
7.11985
7.12146
7.12307
7.12466
7.12625
7.12784
7.12941
7.13106
7.13271
7.13438
7.13606
7.13773
7.1394
7.14106
7.14272
7.14438
7.14606
7.14774
7.14943
7.15106
7.15267
7.15428
7.15588
7.15747
7.15908
7.16068
7.16227
7.16386
7.16545
7.16711
7.16877
7.17045
7.17214
7.17382
7.17548
7.17707
7.17863
7.18025
7.18188
7.18353
7.18519
7.18687
7.18855
7.19023
7.19191
7.19352
7.19513
7.1968
7.19849
7.20013
7.20177
7.20339
7.20501
7.2066
7.20819
7.20978
7.21136
7.21303
7.2147
7.21639
7.21809
7.21971
7.2213
7.22288
7.22445
7.22609
7.22775
7.22944
7.23116
7.23288
7.2346
7.23624
7.23788
7.23949
7.2411
7.24271
7.24433
7.24595
7.24756
7.24918
7.2508
7.2524
7.25401
7.25559
7.25719
7.25885
7.26052
7.26213
7.26372
7.26538
7.26704
7.2687
7.27038
7.27207
7.27375
7.27543
7.27712
7.27873
7.28033
7.28192
7.28351
7.28519
7.28688
7.28853
7.29017
7.2918
7.29342
7.29503
7.29664
7.29825
7.29986
7.30146
7.30306
7.30472
7.3064
7.3081
7.30979
7.31141
7.31303
7.31469
7.31637
7.31799
7.31961
7.32122
7.32282
7.32441
7.32601
7.32769
7.32938
7.33101
7.33263
7.33423
7.33581
7.33745
7.3391
7.34077
7.34244
7.34405
7.34562
7.34725
7.34888
7.35052
7.35219
7.35387
7.35555
7.35723
7.35891
7.36052
7.36214
7.36382
7.36551
7.36716
7.77501
7.67176
7.77534
7.74564
7.29708
7.29873
7.30039
7.30205
7.30371
7.30537
7.30705
7.30872
7.31032
7.31192
7.31358
7.31526
7.31688
7.31849
7.32009
7.32167
7.32324
7.3248
7.32643
7.32808
7.32973
7.33138
7.33304
7.33468
7.33632
7.33797
7.33961
7.34125
7.34291
7.34457
7.34624
7.34792
7.34961
7.35131
7.35295
7.35456
7.35618
7.35778
7.35939
7.361
7.36259
7.36419
7.36578
7.36737
7.36904
7.3707
7.3723
7.37389
7.37554
7.37719
7.37885
7.38053
7.38221
7.38389
7.38549
7.38709
7.38874
7.39039
7.39199
7.39358
7.39525
7.39692
7.3986
7.4003
7.40193
7.40354
7.40514
7.40673
7.4084
7.4101
7.41174
7.41338
7.41502
7.41663
7.41824
7.41984
7.42144
7.42304
7.42462
7.42621
7.42786
7.42953
7.43122
7.43292
7.43462
7.43632
7.43795
7.43956
7.44117
7.44277
7.44437
7.44598
7.44758
7.44919
7.45088
7.45258
7.45423
7.45586
7.45746
7.45906
7.46063
7.46221
7.46388
7.46556
7.46726
7.46898
7.47061
7.47223
7.47383
7.47542
7.47701
7.4786
7.48028
7.48197
7.4836
7.48522
7.48681
7.4884
7.49005
7.4917
7.4933
7.49489
7.49653
7.49819
7.49985
7.50152
7.50321
7.5049
7.5065
7.5081
7.50977
7.51144
7.51306
7.51467
7.51628
7.51789
7.51956
7.52125
7.52288
7.5245
7.52611
7.52771
7.52938
7.53107
7.53269
7.53432
7.53593
7.53752
7.5391
7.54069
7.54235
7.54405
7.54576
7.54748
7.54914
7.55077
7.55238
7.55399
7.55559
7.5572
7.5588
7.56041
7.56201
7.5636
7.56528
7.56697
7.56859
7.57021
7.5719
7.57358
7.5752
7.57682
7.57842
7.58001
7.58159
7.58317
7.58483
7.5865
7.5882
7.58989
7.59151
7.59311
7.59477
7.59643
7.59804
7.59965
7.60133
7.60302
7.60465
7.60627
7.60789
7.60949
7.61108
7.61268
7.61437
7.61607
7.6177
7.61933
7.62094
7.62251
7.62409
7.62565
7.62729
7.62896
7.63063
7.63232
7.63402
7.6357
7.6373
7.63889
7.64046
7.64203
7.64367
7.64533
7.64702
7.64871
7.65033
7.65193
7.65358
7.65525
7.65693
7.65863
7.66026
7.66188
7.66347
7.66506
7.66664
7.66823
7.66991
7.37076
7.37237
7.37398
7.37558
7.37719
7.37878
7.38038
7.38197
7.38363
7.3853
7.38691
7.38851
7.39017
7.39184
7.39352
7.39522
7.39694
7.39865
7.4003
7.40194
7.40354
7.40516
7.40677
7.40838
7.41001
7.41163
7.41325
7.41487
7.41648
7.41809
7.41969
7.42128
7.42286
7.42443
7.42608
7.42774
7.42941
7.43109
7.43277
7.43444
7.43611
7.43777
7.43944
7.44111
7.44271
7.44431
7.44598
7.44766
7.44928
7.4509
7.45251
7.45411
7.4557
7.45729
7.45897
7.46066
7.46229
7.46392
7.4656
7.46729
7.4689
7.47049
7.47208
7.47364
7.47528
7.47693
7.4786
7.48027
7.48187
7.48344
7.48507
7.4867
7.48835
7.49001
7.49168
7.49336
7.49504
7.49672
7.49841
7.5001
7.50172
7.50331
7.5049
7.50646
7.50803
7.50958
7.51122
7.51287
7.51453
7.51621
7.51788
7.51954
7.52121
7.52288
7.52446
7.52604
7.52768
7.52933
7.53101
7.5327
7.53439
7.53607
7.53767
7.53925
7.54082
7.54237
7.544
7.54565
7.54732
7.549
7.55068
7.55236
7.55396
7.55554
7.55719
7.55885
7.56054
7.56224
7.56387
7.56549
7.56717
7.56884
7.57046
7.57208
7.57368
7.57527
7.57685
7.57843
7.58009
7.58176
7.58336
7.58497
7.58662
7.58828
7.58996
7.59163
7.59324
7.59484
7.59648
7.59814
7.5998
7.60147
7.60307
7.60465
7.60628
7.60792
7.60958
7.61125
7.61294
7.61462
7.61622
7.6178
7.61937
7.62093
7.62255
7.6242
7.62587
7.62754
7.62922
7.63089
7.63255
7.63421
7.63588
7.63753
7.63913
7.6407
7.64235
7.644
7.64558
7.64717
7.64882
7.65047
7.65215
7.65384
7.65553
7.65723
7.65885
7.66046
7.66205
7.66363
7.66528
7.66695
7.66855
7.67016
7.67182
7.67347
7.67506
7.67663
7.67827
7.67992
7.68158
7.68325
7.68493
7.6866
7.6882
7.68978
7.69142
7.69308
7.69476
7.69646
7.69816
7.69986
7.70147
7.70308
7.70466
7.70624
7.70781
7.70939
7.71106
7.71274
7.71444
7.71615
7.71778
7.71939
7.72099
7.72257
7.72424
7.72593
7.72755
7.72917
7.73075
7.73232
7.73396
7.7356
7.73727
7.73895
7.74063
7.7423
7.7439
8.15217
8.04814
8.15251
8.12252
7.67355
7.67516
7.67675
7.67832
7.67997
7.68162
7.6833
7.68498
7.68658
7.68816
7.68979
7.69142
7.69307
7.69473
7.69641
7.69809
7.69977
7.70146
7.70308
7.70467
7.70626
7.70784
7.7094
7.71098
7.71263
7.7143
7.71599
7.71768
7.71937
7.72107
7.72267
7.72427
7.72594
7.72762
7.72924
7.73087
7.73248
7.73409
7.73568
7.73728
7.73887
7.74046
7.74214
7.74383
7.74555
7.74727
7.74892
7.75055
7.75216
7.75376
7.75536
7.75696
7.75856
7.76016
7.76175
7.76334
7.76501
7.76667
7.76827
7.76987
7.77152
7.77317
7.77484
7.77652
7.77821
7.7799
7.78151
7.78312
7.78478
7.78646
7.78808
7.78969
7.79129
7.79289
7.79446
7.79605
7.7977
7.79937
7.80098
7.80258
7.80424
7.8059
7.80757
7.80927
7.81098
7.81268
7.81431
7.81594
7.81754
7.81914
7.82074
7.82234
7.82394
7.82555
7.82724
7.82894
7.83058
7.83221
7.83383
7.83543
7.83703
7.83863
7.84032
7.84203
7.84367
7.84531
7.84694
7.84854
7.85014
7.85172
7.85331
7.8549
7.85656
7.85824
7.85995
7.86165
7.86328
7.86489
7.86648
7.86808
7.86974
7.87143
7.87307
7.8747
7.87631
7.87791
7.87949
7.88108
7.88274
7.88443
7.88614
7.88785
7.88949
7.89111
7.89271
7.8943
7.8959
7.89748
7.89908
7.90066
7.90233
7.90401
7.90561
7.90721
7.90887
7.91053
7.9122
7.91387
7.91547
7.91706
7.91869
7.92034
7.922
7.92366
7.92526
7.92684
7.92848
7.93012
7.93178
7.93345
7.93505
7.93662
7.93826
7.9399
7.94155
7.94323
7.94491
7.94659
7.94828
7.94997
7.95157
7.95317
7.95474
7.95631
7.95787
7.95943
7.96106
7.96271
7.96437
7.96604
7.9677
7.96936
7.97102
7.97267
7.97434
7.97602
7.9777
7.97939
7.98102
7.98262
7.98421
7.98579
7.98736
7.98894
7.9906
7.99228
7.99398
7.99569
7.99732
7.99893
8.00052
8.00211
8.00377
8.00545
8.00708
8.00869
8.01029
8.01188
8.01353
8.01519
8.01678
8.01838
8.02003
8.02168
8.02334
8.02502
8.02661
8.02819
8.02982
8.03147
8.03313
8.03481
8.0365
8.03819
8.0398
8.0414
8.04307
8.04474
8.04636
7.74745
7.74912
7.75081
7.75251
7.75415
7.75577
7.75738
7.75898
7.76066
7.76236
7.76401
7.76563
7.76725
7.76885
7.77044
7.77202
7.7736
7.77518
7.77683
7.7785
7.78019
7.78189
7.78359
7.78529
7.78692
7.78853
7.79013
7.79172
7.7933
7.79489
7.79655
7.79821
7.79981
7.8014
7.80304
7.80468
7.80633
7.808
7.80966
7.81134
7.81302
7.81469
7.81629
7.81788
7.81944
7.82101
7.82263
7.82428
7.82596
7.82763
7.8293
7.83097
7.83263
7.83429
7.83597
7.83763
7.83924
7.84084
7.8425
7.84418
7.8458
7.84742
7.84904
7.85063
7.85221
7.8538
7.85547
7.85715
7.85876
7.86037
7.86202
7.86367
7.86533
7.86701
7.86869
7.87037
7.87198
7.87357
7.87524
7.87691
7.87852
7.88014
7.88174
7.88332
7.8849
7.88647
7.88811
7.88977
7.89145
7.89313
7.8948
7.89646
7.89813
7.89978
7.90135
7.90292
7.90454
7.90618
7.90783
7.90949
7.91117
7.91284
7.91442
7.916
7.91763
7.91927
7.92093
7.9226
7.92429
7.92598
7.92766
7.92933
7.93094
7.93252
7.93409
7.93564
7.93728
7.93894
7.94061
7.94229
7.9439
7.94548
7.94712
7.94877
7.95043
7.95212
7.95381
7.9555
7.95712
7.95871
7.96028
7.96183
7.96345
7.9651
7.96676
7.96843
7.97011
7.97179
7.97346
7.97514
7.97674
7.97834
7.98001
7.98168
7.98331
7.98493
7.98654
7.98815
7.98983
7.99153
7.99316
7.99478
7.99639
7.99799
7.99965
8.00134
8.00297
8.00458
8.0062
8.0078
8.00947
8.01117
8.01281
8.01445
8.01607
8.01768
8.01928
8.02087
8.02246
8.02406
8.02572
8.02739
8.02908
8.03078
8.03248
8.03419
8.03582
8.03743
8.03905
8.04065
8.04225
8.04387
8.04548
8.0471
8.0487
8.05031
8.0519
8.05349
8.05515
8.05683
8.05851
8.0602
8.06189
8.06357
8.06518
8.06676
8.06832
8.06989
8.07152
8.07318
8.07486
8.07655
8.07816
8.07976
8.08141
8.08308
8.08476
8.08645
8.08809
8.0897
8.09137
8.09305
8.09466
8.09627
8.09788
8.09947
8.10115
8.10283
8.10446
8.10609
8.1077
8.10929
8.11088
8.11246
8.11413
8.1158
8.11741
8.11902
8.12068
8.5293
8.4243
8.52964
8.49945
8.04991
8.05149
8.05306
8.05463
8.05628
8.05794
8.05962
8.06129
8.06289
8.06447
8.06611
8.06774
8.06939
8.07106
8.07274
8.0744
8.07599
8.07756
8.07918
8.08081
8.08245
8.08412
8.08578
8.08745
8.08912
8.0908
8.09249
8.09418
8.09581
8.09743
8.09905
8.10065
8.10226
8.10387
8.10548
8.1071
8.1087
8.11031
8.11199
8.11367
8.11529
8.1169
8.11848
8.12006
8.12169
8.12335
8.12504
8.12673
8.12844
8.13015
8.13178
8.1334
8.13501
8.13661
8.13822
8.13983
8.14143
8.14304
8.14463
8.14622
8.14789
8.14957
8.15127
8.15298
8.15461
8.15622
8.15782
8.15941
8.16108
8.16278
8.16442
8.16607
8.16769
8.16931
8.17092
8.17253
8.17414
8.17574
8.17734
8.17894
8.1806
8.18229
8.184
8.18571
8.18736
8.18899
8.19059
8.1922
8.1938
8.19541
8.19703
8.19863
8.20024
8.20185
8.20353
8.20523
8.20686
8.20847
8.21008
8.21165
8.21331
8.21497
8.21657
8.21817
8.21983
8.22149
8.22318
8.22487
8.22648
8.22809
8.22966
8.23124
8.23289
8.23456
8.23626
8.23798
8.2396
8.24122
8.24281
8.24439
8.24605
8.24772
8.24933
8.25094
8.25252
8.2541
8.25574
8.25739
8.25908
8.26078
8.26249
8.2642
8.26583
8.26744
8.26906
8.27065
8.27226
8.27386
8.27546
8.27707
8.27875
8.28045
8.28208
8.2837
8.2853
8.2869
8.28857
8.29025
8.29189
8.29351
8.29513
8.29673
8.29841
8.30011
8.30176
8.3034
8.30503
8.30664
8.30825
8.30985
8.31145
8.31305
8.31463
8.31622
8.31789
8.31956
8.32126
8.32297
8.3246
8.32621
8.32779
8.32938
8.33104
8.33271
8.33433
8.33595
8.33753
8.33911
8.34075
8.3424
8.34408
8.34577
8.34746
8.34916
8.35077
8.35236
8.35394
8.35552
8.35718
8.35885
8.36046
8.36207
8.36365
8.36522
8.36685
8.36849
8.37015
8.37183
8.37349
8.37516
8.37683
8.37849
8.38017
8.38185
8.38346
8.38506
8.38664
8.38822
8.38988
8.39156
8.39318
8.3948
8.39639
8.39798
8.39962
8.4013
8.40299
8.40469
8.40631
8.40793
8.40959
8.41126
8.41288
8.41448
8.41609
8.41767
8.41924
8.42081
8.42246
8.12436
8.12605
8.12774
8.12942
8.13105
8.13264
8.13423
8.13582
8.13749
8.13919
8.14083
8.14246
8.14409
8.14569
8.1473
8.14891
8.1506
8.15232
8.15398
8.15562
8.15725
8.15885
8.16045
8.16205
8.16363
8.16522
8.16679
8.16836
8.17001
8.17165
8.17331
8.17498
8.17665
8.17831
8.17998
8.18164
8.18331
8.18499
8.18658
8.18818
8.18983
8.19149
8.19317
8.19487
8.19649
8.1981
8.19968
8.20125
8.20281
8.20437
8.20601
8.20766
8.20933
8.211
8.21267
8.21434
8.21602
8.21769
8.21937
8.22106
8.22266
8.22424
8.22581
8.22737
8.22901
8.23065
8.23232
8.234
8.23559
8.23717
8.2388
8.24043
8.24208
8.24373
8.2454
8.24708
8.24874
8.25042
8.2521
8.25378
8.25538
8.25696
8.25852
8.26007
8.26169
8.26332
8.26498
8.26664
8.26831
8.26997
8.27162
8.27328
8.27495
8.27661
8.27821
8.2798
8.28145
8.28311
8.2848
8.28649
8.28811
8.28972
8.29138
8.29305
8.29465
8.29625
8.29783
8.29941
8.30106
8.30273
8.30442
8.30612
8.30775
8.30935
8.31093
8.3125
8.31415
8.31582
8.31751
8.31921
8.32082
8.32241
8.32407
8.32572
8.3274
8.32909
8.33072
8.33232
8.33391
8.33548
8.33704
8.3386
8.34025
8.3419
8.34357
8.34525
8.34694
8.34861
8.35028
8.35196
8.35354
8.35511
8.35674
8.35839
8.36005
8.36172
8.36331
8.3649
8.36653
8.36818
8.36984
8.3715
8.3731
8.37468
8.37631
8.37795
8.3796
8.38127
8.38294
8.38461
8.38628
8.38795
8.38962
8.39129
8.3929
8.39448
8.39605
8.39761
8.39925
8.40091
8.40259
8.40429
8.4059
8.4075
8.40916
8.41083
8.41252
8.41423
8.41587
8.41749
8.41909
8.42066
8.42223
8.42381
8.42545
8.42713
8.42881
8.4305
8.43211
8.43371
8.43536
8.43704
8.43873
8.44044
8.44209
8.44372
8.44534
8.44696
8.44856
8.45017
8.45177
8.45337
8.45496
8.45654
8.45819
8.45986
8.46154
8.46323
8.46483
8.46642
8.46808
8.46973
8.47141
8.47311
8.47474
8.47634
8.47794
8.47952
8.48117
8.48284
8.48444
8.48604
8.48769
8.48934
8.49101
8.49269
8.49438
8.49607
8.49768
8.89808
8.79198
8.89808
8.86746
8.42616
8.42784
8.42945
8.43104
8.43269
8.43435
8.43603
8.43772
8.43934
8.44095
8.44261
8.44428
8.4459
8.4475
8.4491
8.45068
8.45225
8.45382
8.45546
8.45712
8.4588
8.46049
8.46218
8.46386
8.46546
8.46705
8.4687
8.47035
8.47195
8.47354
8.4752
8.47687
8.47855
8.48024
8.48186
8.48346
8.48505
8.48662
8.48828
8.48995
8.49155
8.49317
8.49484
8.49651
8.49811
8.49971
8.50138
8.50306
8.50475
8.50645
8.50809
8.5097
8.5113
8.51289
8.51447
8.51606
8.51773
8.51942
8.52105
8.52266
8.52426
8.52585
8.5275
8.52918
8.53089
8.5326
8.53424
8.53586
8.53746
8.53905
8.54062
8.54221
8.54387
8.54555
8.54717
8.54879
8.55046
8.55214
8.55375
8.55537
8.55706
8.55875
8.56038
8.56202
8.56363
8.56524
8.56684
8.56843
8.57003
8.57162
8.57329
8.57496
8.57657
8.57817
8.57983
8.58149
8.58308
8.58465
8.5863
8.58796
8.58962
8.5913
8.593
8.59469
8.5963
8.59791
8.59958
8.60127
8.6029
8.60452
8.60614
8.60775
8.60934
8.61094
8.61253
8.61413
8.61581
8.61749
8.61912
8.62074
8.62242
8.62411
8.62573
8.62735
8.62896
8.63054
8.63212
8.63369
8.63535
8.63702
8.63871
8.64041
8.64212
8.64382
8.64545
8.64707
8.64868
8.65029
8.6519
8.65351
8.65514
8.65675
8.65837
8.65999
8.66159
8.6632
8.66489
8.66658
8.66821
8.66983
8.67142
8.67301
8.67466
8.67633
8.67794
8.67954
8.68122
8.68289
8.68449
8.68609
8.68776
8.68943
8.69104
8.69265
8.69433
8.69601
8.69761
8.69921
8.7008
8.70237
8.70401
8.70566
8.70734
8.70902
8.71062
8.7122
8.71384
8.71549
8.71715
8.71882
8.72042
8.72202
8.72365
8.72531
8.72698
8.72865
8.73026
8.73185
8.7335
8.73516
8.73683
8.73851
8.74013
8.74171
8.74328
8.74484
8.74647
8.74812
8.74979
8.75147
8.75316
8.75484
8.75643
8.75802
8.75966
8.76131
8.7629
8.76448
8.76613
8.76777
8.76942
8.77108
8.77264
8.7742
8.77579
8.77738
8.77897
8.78053
8.782
8.7834
8.78474
8.78601
8.78725
8.78839
8.78935
8.79017
8.79089
8.79143
8.7918
8.5012
8.50279
8.50446
8.50614
8.50777
8.50939
8.511
8.51259
8.51425
8.51592
8.51752
8.51912
8.52077
8.52242
8.5241
8.52578
8.52747
8.52917
8.53079
8.5324
8.534
8.53558
8.53717
8.53876
8.54044
8.54213
8.54376
8.54539
8.54708
8.54876
8.55037
8.55197
8.55355
8.55513
8.55677
8.55843
8.56011
8.5618
8.56342
8.56502
8.56668
8.56834
8.56995
8.57155
8.57323
8.57491
8.57652
8.57813
8.57972
8.58129
8.58293
8.58458
8.58625
8.58793
8.5896
8.59127
8.59287
8.59444
8.59609
8.59774
8.59941
8.6011
8.60272
8.60432
8.6059
8.60746
8.6091
8.61076
8.61244
8.61414
8.61583
8.6175
8.61911
8.62069
8.62233
8.62399
8.62557
8.62716
8.62882
8.63047
8.63206
8.63364
8.63528
8.63693
8.63859
8.64026
8.64195
8.64363
8.64531
8.647
8.64859
8.65018
8.65184
8.6535
8.65511
8.65672
8.6584
8.66009
8.66171
8.66332
8.66493
8.66652
8.6681
8.66968
8.67135
8.67302
8.67462
8.67622
8.67788
8.67953
8.68118
8.68284
8.68451
8.68618
8.68784
8.6895
8.6911
8.69267
8.69432
8.69597
8.69755
8.69914
8.70079
8.70245
8.70413
8.70583
8.70753
8.70923
8.71086
8.71246
8.71405
8.71561
8.71717
8.71873
8.72036
8.722
8.72365
8.72532
8.72698
8.72862
8.73027
8.73193
8.73358
8.73524
8.73691
8.73857
8.74017
8.74176
8.74341
8.74508
8.74675
8.74843
8.75004
8.75164
8.75329
8.75495
8.75654
8.75814
8.75981
8.76147
8.76308
8.76468
8.76634
8.76802
8.76962
8.77122
8.77289
8.77457
8.77627
8.77798
8.7796
8.78122
8.78281
8.78439
8.78606
8.78773
8.78936
8.79099
8.79259
8.79419
8.79586
8.79754
8.79917
8.8008
8.80241
8.80401
8.80568
8.80737
8.80901
8.81063
8.81223
8.81382
8.81547
8.81715
8.81885
8.82056
8.8222
8.82382
8.82541
8.82701
8.82859
8.83018
8.83186
8.83354
8.83518
8.8368
8.83849
8.84018
8.8418
8.84341
8.84501
8.84657
8.84821
8.84985
8.85141
8.85296
8.85446
8.85593
8.85742
8.85889
8.86031
8.86167
8.86288
8.86398
8.86501
8.8659
8.86656
8.86706
8.86735
2.11662
2.49099
2.48587
2.48752
2.27528
2.27693
2.27364
2.34605
2.34769
2.36252
2.36417
2.36087
2.35922
2.272
2.113
2.11418
2.11209
2.42009
2.42173
2.41844
2.41679
2.32796
2.32961
2.32631
2.32466
2.32301
2.33126
2.33291
2.31642
2.31807
2.31478
2.29174
2.29339
2.26706
2.2687
2.2654
2.28679
2.28844
2.28514
2.44969
2.45134
2.44805
2.22252
2.22418
2.16118
2.16286
2.1393
2.14156
2.13704
2.33785
2.33949
2.31971
2.32136
2.36582
2.36746
2.12412
2.12613
2.1222
2.1204
2.18446
2.18613
2.18281
2.2374
2.23905
2.15273
2.15444
2.19443
2.19609
2.37404
2.37568
2.3724
2.37076
2.16453
2.1662
2.29669
2.29834
2.23244
2.2341
2.11558
2.1171
2.34934
2.40202
2.40366
2.40037
2.42338
2.42503
2.45957
2.46122
2.44148
2.44312
2.47274
2.47437
2.16787
2.30163
2.30328
2.29999
2.19941
2.20107
2.19775
2.25385
2.2555
2.24069
2.41515
2.45793
2.30985
2.31149
2.30821
2.30657
2.30493
2.23079
2.3362
2.26375
2.48423
2.48258
2.15101
2.14925
2.14745
2.13257
2.13479
2.13037
2.3806
2.38225
2.37896
2.37732
2.1129
2.4053
2.40695
2.44476
2.27035
2.14369
2.43656
2.43821
2.43492
2.39543
2.39708
2.20438
2.20604
2.20272
2.36911
2.42998
2.43162
2.20768
2.11192
2.41022
2.41186
2.42833
2.4711
2.29009
2.17287
2.17452
2.17121
2.1187
2.28349
2.18778
2.39872
2.25715
2.31314
2.18115
2.40858
2.48094
2.22087
2.48917
2.27856
2.28021
2.21262
2.21427
2.21098
2.20933
2.28185
2.34441
2.34277
2.35757
2.35593
2.33455
2.35427
2.35263
2.29504
2.24891
2.25055
2.24726
2.24562
2.24398
2.45299
2.45463
2.46617
2.46452
2.46781
2.46287
2.22583
2.22748
2.1595
2.15782
2.34113
2.38718
2.38883
2.38553
2.38389
2.23575
2.15614
2.19277
2.19111
2.24233
2.46945
2.22914
2.4793
2.47765
2.47602
2.35099
2.42668
2.43985
2.39048
2.39213
2.16954
2.18944
2.17949
2.17784
2.17618
2.2522
2.4135
2.45628
2.2621
2.26045
2.2588
2.39378
2.12823
2.14562
2.4464
2.21922
2.21757
2.21592
2.43327
2.86928
2.56351
2.56516
2.84775
2.84939
2.53063
2.53227
2.52898
2.6128
2.61444
2.66541
2.66706
2.66377
2.76236
2.76401
2.76071
2.75907
2.85268
2.85433
2.73115
2.73279
2.7295
2.76564
2.76729
2.75413
2.75577
2.75248
2.67361
2.67525
2.67198
2.67034
2.61937
2.62103
2.61773
2.50759
2.50923
2.50596
2.62597
2.62761
2.62432
2.85598
2.78863
2.79028
2.5158
2.51745
2.54048
2.54212
2.71633
2.71798
2.71468
2.59309
2.59474
2.59144
2.74754
2.74919
2.69664
2.69828
2.695
2.82807
2.82971
2.5898
2.58815
2.67853
2.68018
2.67689
2.64074
2.64238
2.62267
2.65554
2.65719
2.65389
2.50104
2.50268
2.49939
2.49774
2.64896
2.6506
2.59803
2.59967
2.55198
2.55362
2.63583
2.63747
2.63419
2.83954
2.84118
2.8379
2.83626
2.65883
2.66048
2.79686
2.7985
2.62926
2.5865
2.575
2.57664
2.70812
2.70976
2.82642
2.5668
2.56844
2.7114
2.55033
2.78369
2.78534
2.71962
2.55856
2.56021
2.55692
2.74098
2.74262
2.73934
2.80505
2.80669
2.63911
2.72786
2.72621
2.72456
2.61609
2.63255
2.59638
2.72292
2.80341
2.80178
2.51416
2.51251
2.51088
2.68346
2.68511
2.4928
2.49444
2.84282
2.84446
2.78699
2.57336
2.75742
2.84611
2.6687
2.82148
2.82313
2.81984
2.80014
2.54376
2.77876
2.7804
2.57009
2.7377
2.50432
2.68182
2.53556
2.5372
2.53392
2.75084
2.72127
2.77712
2.52733
2.74426
2.65225
2.73443
2.66213
2.56186
2.86092
2.86256
2.85927
2.85762
2.85104
2.8149
2.81654
2.81326
2.81161
2.80997
2.61116
2.60951
2.52239
2.52404
2.52074
2.5191
2.79193
2.79357
2.53884
2.71304
2.6046
2.60296
2.60624
2.60132
2.86747
2.86584
2.79521
2.83463
2.833
2.83135
2.7459
2.69334
2.6917
2.69993
2.70156
2.76893
2.77056
2.64403
2.64567
2.7032
2.70484
2.4961
2.64731
2.55527
2.52568
2.81819
2.63091
2.58486
2.58321
2.58156
2.57992
2.57828
2.70648
2.82478
2.54868
2.54705
2.78205
2.80833
2.60788
2.8642
2.5454
2.68676
2.6884
2.7722
2.77384
2.57172
2.69005
2.73607
2.77547
3.24719
3.17316
3.1748
2.87108
2.87272
3.07139
3.07304
3.15513
3.15677
3.21585
3.21749
3.14526
3.14691
3.14362
3.16006
3.1617
3.12066
3.1223
3.11902
3.1666
3.16824
3.16497
3.03692
3.03856
3.03528
2.93841
2.94005
2.93677
3.16988
2.94662
2.94826
2.94498
3.00901
3.01065
3.10915
3.11079
3.1075
3.04841
3.05006
2.8908
2.89245
2.88916
2.88751
2.88587
3.09276
3.0944
3.09112
3.00409
3.00572
3.20762
3.20927
3.20599
3.20434
3.21091
3.01558
3.01723
3.01394
2.92694
2.92858
2.92529
2.91377
2.91542
3.2027
3.20107
3.19943
3.19289
3.19452
3.09768
3.09931
3.09604
2.98275
2.98439
2.91213
2.91049
2.88422
3.06648
3.06812
3.02545
3.0271
3.02381
3.12395
3.17152
3.05335
3.055
2.90393
2.90556
2.90229
3.08618
3.08783
3.08454
2.97453
2.97617
3.22407
3.22571
3.22242
3.0402
2.90721
2.8941
2.89574
3.24373
3.24537
2.9959
2.99754
2.99426
2.99261
3.15842
2.93514
3.10095
3.10258
3.19124
3.1896
3.18796
3.06157
3.06321
3.22078
3.18467
3.18631
3.14198
3.14033
2.94169
3.23389
3.23552
3.23225
3.23061
2.97781
2.87764
2.87928
3.23881
3.24044
3.03365
3.10587
3.08947
2.876
3.11408
3.11572
2.9811
3.13706
3.13869
3.13541
3.2142
3.14855
2.88257
2.90885
3.05993
3.05828
3.05664
2.99098
3.12559
3.22899
3.11243
3.19779
3.06975
3.23717
3.22735
3.04677
3.0829
3.00736
2.96634
2.96798
2.9647
2.96307
2.96142
2.9532
2.95484
2.95155
2.94991
3.17644
3.17809
3.00245
3.00081
2.99918
2.87436
3.07467
3.07632
3.15349
3.15184
3.21914
3.16333
3.11737
2.94333
3.01229
3.05171
3.21256
2.93022
2.93186
2.91707
2.91871
2.95649
2.95814
3.19616
2.96961
2.97125
3.13378
3.13214
3.13051
3.12887
2.97289
3.12723
2.98604
2.98768
3.07796
3.0796
3.06485
3.02216
3.02052
2.92036
2.92201
3.08125
3.01887
2.92365
3.02874
3.03037
3.17973
3.18138
2.90065
2.89902
3.04184
3.04348
3.03202
2.89738
2.9335
3.24209
3.10422
3.18303
2.97945
2.88093
3.04513
2.95978
3.1502
2.98933
3.62487
3.249
3.25064
3.54269
3.54433
3.2736
3.27524
3.46557
3.46721
3.40651
3.40815
3.5919
3.59353
3.50495
3.50659
3.40487
3.40323
3.45576
3.45739
3.45412
3.2605
3.26214
3.25886
3.55254
3.55419
3.55091
3.54926
3.33432
3.33596
3.33268
3.62307
3.43768
3.43932
3.43604
3.4344
3.49021
3.49184
3.48857
3.58042
3.58207
3.57878
3.46394
3.38192
3.38356
3.38027
3.28018
3.28182
3.54598
3.37206
3.3737
3.37041
3.39831
3.39995
3.39667
3.56401
3.56564
3.53612
3.53776
3.37863
3.42785
3.42949
3.4459
3.44754
3.29986
3.3015
3.5312
3.53283
3.52956
3.52792
3.32614
3.32777
3.57056
3.57221
3.56892
3.49838
3.50003
3.49675
3.41637
3.41802
3.28511
3.28675
3.28346
3.48364
3.48528
3.482
3.29168
3.29332
3.5394
3.2654
3.26704
3.48035
3.47871
3.47707
3.50166
3.61652
3.61816
3.61488
3.60173
3.60337
3.60009
3.60995
3.61159
3.35075
3.35239
3.3491
3.30314
3.62143
3.2884
3.55583
3.5033
3.43276
3.33105
3.5181
3.51974
3.41473
3.41309
3.5591
3.56073
3.36059
3.36222
3.44425
3.35896
3.35731
3.35567
3.37534
3.43113
3.59517
3.58371
3.49347
3.25722
3.57385
3.29004
3.3852
3.40158
3.44097
3.39504
3.3934
3.32941
3.51645
3.31957
3.32122
3.47542
3.52465
3.52629
3.52302
3.39177
3.41144
3.32286
3.56237
3.36877
3.60502
3.60666
3.59845
3.27689
3.47378
3.58535
3.50988
3.51152
3.57549
3.48693
3.51317
3.6083
3.26377
3.25229
3.25394
3.54105
3.27196
3.27032
3.46885
3.47049
3.4098
3.59027
3.58863
3.50823
3.45903
3.46066
3.34088
3.33924
3.34252
3.3376
3.42295
3.42458
3.4213
3.41966
3.30807
3.30971
3.30642
3.30478
3.42622
3.34746
3.34581
3.34417
3.57714
3.4623
3.29822
3.29659
3.29496
3.27853
3.54762
3.56728
3.31135
3.313
3.53447
3.37699
3.44919
3.45083
3.3245
3.49511
3.31793
3.31628
3.31464
3.26868
3.47214
3.61323
3.587
3.35404
3.6198
3.25557
3.55746
3.45247
3.52138
3.36386
3.36549
3.44261
3.59681
3.38685
3.38849
3.39013
3.36714
3.51481
4.0024
3.84975
3.85138
3.97602
3.97765
3.88745
3.88909
3.99895
4.00059
3.9973
3.67753
3.67918
3.67589
3.67424
3.86448
3.86612
3.86284
3.8612
3.80874
3.81038
3.70047
3.70212
3.82513
3.82676
3.97109
3.97273
3.96944
3.90878
3.91042
3.90714
3.77594
3.77758
3.77429
3.9678
3.9465
3.94814
3.94486
3.72672
3.72836
3.72509
3.94978
3.95141
3.83168
3.83332
3.83004
3.92843
3.93008
3.95959
3.96123
3.95468
3.95632
3.66931
3.67096
3.66767
3.66603
3.70869
3.71033
3.92516
3.9268
3.92352
3.92189
3.82022
3.82185
3.9793
3.98094
3.64965
3.6513
3.8284
3.87762
3.87926
3.87598
3.93664
3.93829
3.93501
3.65784
3.65948
3.65621
3.89072
3.89236
3.63815
3.63979
3.83497
3.72345
3.77265
3.77101
3.75134
3.75299
3.7497
3.74807
3.9022
3.90385
3.81203
3.81366
3.99403
3.99566
3.99238
3.99075
3.96287
3.96451
3.73492
3.73656
3.73328
3.73164
3.73
3.93336
3.84482
3.84646
3.98421
3.98584
3.79724
3.79888
3.94322
3.94157
3.71691
3.71854
3.71526
3.85956
3.6841
3.68574
3.68246
3.85793
3.98911
3.74642
3.74478
3.7825
3.78415
3.78087
3.79232
3.79396
3.79069
3.68082
3.70705
3.7054
3.7956
3.84811
3.87434
3.91534
3.91699
3.9137
3.75462
3.93993
3.72018
3.76936
3.88254
3.88418
3.98257
3.77922
3.64802
3.68738
3.80216
3.80381
3.83989
3.84153
3.64144
3.64308
3.65457
3.69065
3.69228
3.71362
3.64473
3.78578
3.74314
3.92025
3.75625
3.894
3.89564
3.86776
3.8694
3.70376
3.95305
3.83825
3.87105
3.90056
3.69392
3.81695
3.81858
3.81531
3.96616
3.66112
3.80545
3.88091
3.78906
3.89728
3.66439
3.85302
3.85465
3.97437
3.88582
3.8071
3.69883
3.6972
3.82349
3.91207
3.93172
3.95796
3.71198
3.65294
3.62667
3.62831
3.63651
3.63487
3.8366
3.69555
3.72182
3.63323
3.63158
3.62995
3.90549
3.76772
3.76608
3.76444
3.7628
3.84318
3.98747
3.6726
3.80052
3.74149
3.73985
3.73821
3.85629
3.87269
3.64637
3.68902
3.78742
3.91862
3.75789
3.75952
3.76116
3.89892
3.66275
4.37984
4.1944
4.19604
4.34689
4.34852
4.34526
4.35671
4.35835
4.35507
4.00586
4.0075
4.00421
4.17966
4.1813
4.17803
4.36492
4.36656
4.36328
4.36163
4.12553
4.12717
4.04686
4.04849
4.16982
4.17146
4.16818
4.19276
4.19112
4.13046
4.1321
4.27476
4.2764
4.27312
4.23212
4.23376
4.23047
4.08783
4.08946
4.04029
4.04194
4.03865
4.04357
4.36821
4.25015
4.25179
4.17311
4.2682
4.26984
4.02715
4.02879
4.1239
4.12226
4.06816
4.0698
4.06651
4.25834
4.25999
4.2567
4.37804
4.37641
4.21573
4.21736
4.2141
4.11408
4.11572
4.11244
4.25507
4.20097
4.20261
4.19933
4.06323
4.06487
4.06159
4.0206
4.02224
4.01897
4.01733
4.12062
4.11899
4.11735
4.05504
4.05667
4.10095
4.10259
4.36
4.18948
4.18784
4.18621
4.0911
4.09274
4.17639
4.28622
4.28786
4.10424
4.10588
4.00914
4.18457
4.219
4.22063
4.31573
4.31737
4.30755
4.3092
4.29113
4.29277
4.33706
4.3387
4.34034
4.34199
4.34362
4.14524
4.14688
4.24361
4.24525
4.24198
4.03208
4.03372
4.35016
4.24852
4.28131
4.28295
4.27968
4.29441
4.36985
4.28458
4.27148
4.22719
4.22883
4.22555
4.22391
4.22227
4.24033
4.23869
4.15669
4.15832
4.15505
4.15341
4.09438
4.16489
4.16653
4.16325
4.16161
4.15997
4.33213
4.33378
4.33049
4.21082
4.21246
4.20918
4.15178
4.15014
4.1436
4.0157
4.05831
4.03536
4.18294
4.2354
4.26162
4.26327
4.02551
4.04522
4.27804
4.26491
4.3141
4.31247
4.13374
4.07144
4.35343
4.1108
4.31083
4.10752
4.19768
4.08619
4.08456
4.08293
4.08129
4.32885
4.32721
4.32556
4.32392
4.37477
4.37313
4.37149
4.12882
4.05013
4.05176
4.01406
4.01242
4.01078
4.03701
4.0534
4.25342
4.17475
4.26655
4.03043
4.20426
4.2059
4.05995
4.30263
4.30427
4.30099
4.29934
4.2977
4.14196
4.14031
4.13867
4.13703
4.09931
4.09766
4.20754
4.02388
4.07965
4.07802
4.07637
4.07473
4.28949
4.31901
4.32064
4.30592
4.33542
4.14851
4.32228
4.09603
4.24689
4.35179
4.29606
4.23705
4.13538
4.07309
4.10916
4.75721
4.46362
4.46526
4.64558
4.64721
4.64394
4.64231
4.47183
4.47347
4.41443
4.41607
4.51607
4.5177
4.51443
4.38983
4.39147
4.38819
4.38655
4.44722
4.44886
4.44558
4.44396
4.62262
4.62427
4.72755
4.72919
4.72591
4.42426
4.42591
4.42262
4.59969
4.60133
4.69641
4.69805
4.58655
4.5882
4.58492
4.48328
4.48492
4.48164
4.48001
4.6374
4.63904
4.63576
4.63412
4.67019
4.67183
4.48655
4.74066
4.74229
4.73903
4.73739
4.55541
4.55705
4.65706
4.65869
4.42098
4.54885
4.55049
4.53904
4.54068
4.5374
4.50298
4.50461
4.50133
4.49969
4.41934
4.45049
4.58001
4.58164
4.68984
4.69148
4.7177
4.71934
4.38164
4.38328
4.62755
4.6292
4.72098
4.72262
4.45377
4.45541
4.45213
4.52755
4.52919
4.52591
4.61443
4.61607
4.61279
4.61116
4.60952
4.56526
4.56691
4.56362
4.56198
4.56034
4.65541
4.54722
4.54558
4.4128
4.52426
4.52262
4.44232
4.40133
4.40297
4.59313
4.59477
4.50625
4.50789
4.60461
4.60625
4.60298
4.47511
4.75376
4.7554
4.75212
4.74393
4.58984
4.53084
4.53248
4.49805
4.69477
4.70624
4.70788
4.70461
4.65049
4.65213
4.64885
4.39968
4.39805
4.3964
4.54395
4.4882
4.73248
4.73412
4.62591
4.60789
4.63248
4.52099
4.6882
4.68655
4.68492
4.73084
4.58328
4.39476
4.39312
4.46198
4.46033
4.45869
4.66855
4.75048
4.47837
4.53412
4.72426
4.59641
4.55377
4.46691
4.46855
4.41117
4.40953
4.40789
4.40625
4.47019
4.4177
4.44068
4.43904
4.4374
4.43576
4.51934
4.57183
4.57346
4.57019
4.56855
4.62099
4.61934
4.43412
4.43247
4.42754
4.42919
4.59805
4.69969
4.70133
4.66362
4.66527
4.66198
4.66034
4.67346
4.67509
4.51279
4.51116
4.55869
4.55213
4.64067
4.53576
4.57837
4.57673
4.69312
4.6177
4.71606
4.71442
4.68
4.68163
4.67836
4.67673
4.38492
4.63084
4.54231
4.45705
4.74884
4.7472
4.74556
4.49312
4.49148
4.49476
4.48984
4.65377
4.40461
4.43083
4.59148
4.50953
4.47674
4.4964
4.5751
4.70951
4.71115
4.73576
4.66691
4.70298
4.71278
4.68327
5.13455
5.06392
5.06555
4.79017
4.79181
4.78852
4.85081
4.85245
4.84917
4.83934
4.84098
4.83771
4.92951
4.93115
4.92787
4.92623
4.76395
4.76559
4.76231
5.10815
5.10978
4.98522
4.98686
4.81146
4.81311
5.03931
5.04095
4.81803
4.81966
4.81638
4.87539
4.87704
4.87376
5.11799
5.11963
5.11635
4.89836
4.90001
4.89672
4.91473
4.91637
4.91309
4.93933
4.94097
4.78032
4.78196
4.97047
4.97211
4.96884
4.90818
4.90982
5.02457
5.02622
5.02293
5.02129
4.90164
4.88031
4.88195
4.96721
4.99015
4.99179
5.05243
5.05407
5.05079
4.77541
4.77705
4.85902
4.86066
4.85737
4.79837
4.80002
5.12456
5.1262
5.12292
5.12127
4.85573
4.98358
4.9213
4.92294
4.91965
4.79673
4.79509
4.79345
4.89344
4.89509
4.8918
4.92458
4.95736
4.95901
4.95572
5.09342
5.09506
5.09178
5.09014
4.95408
4.95244
4.9508
5.059
5.06064
5.05735
5.08521
5.08685
5.08357
4.97538
4.97702
4.97375
4.77378
5.09998
5.1016
5.05571
4.8328
4.83444
4.83116
4.93769
5.01964
5.01801
4.80656
4.8082
4.80493
4.86886
4.87049
4.86722
4.99508
4.99671
5.01636
4.91145
5.07864
5.08028
4.80329
4.87867
5.06228
5.11142
5
5.00162
4.96065
5.09834
5.0967
4.84425
4.84589
4.97866
4.78688
4.78524
5.04586
5.0475
5.00326
4.80983
5.04915
5.04258
4.9803
4.84261
4.7836
4.76723
4.76887
5.1147
5.00817
5.0098
4.76066
4.75903
5.12948
5.13112
5.12784
4.91802
5.08193
4.8623
5.00653
4.99343
4.86558
5.08849
4.83608
4.82952
4.77051
4.87213
5.06719
5.06882
4.84752
5.10651
5.10487
4.9885
4.88687
4.88851
4.88523
4.88359
5.10324
4.85409
4.81474
5.03767
5.03605
4.82131
4.82295
4.94588
4.94751
4.94424
4.9426
5.07373
5.07536
5.0721
5.07046
4.77868
4.90654
4.90491
4.90328
5.13275
4.96557
4.96393
5.02786
5.0295
4.80165
4.94916
4.98194
4.89016
4.96229
5.03441
5.03277
4.77214
4.93606
4.93442
4.93279
4.99835
5.01472
5.01308
5.07701
4.82459
4.82623
5.11307
5.01144
5.04422
5.00489
4.82788
5.03114
4.86395
5.51185
5.36581
5.36745
5.27074
5.27238
5.17732
5.17896
5.17568
5.13635
5.16423
5.16587
5.16259
5.30844
5.31008
5.3068
5.29043
5.29208
5.4232
5.42483
5.25929
5.26094
5.25765
5.25602
5.20846
5.2101
5.1806
5.18224
5.42974
5.43137
5.14618
5.14782
5.32157
5.32321
5.31993
5.26584
5.26747
5.45105
5.45269
5.34778
5.34943
5.35435
5.356
5.25437
5.50512
5.50675
5.43792
5.43956
5.50839
5.32486
5.47562
5.47726
5.47398
5.21831
5.21995
5.21666
5.374
5.37564
5.37236
5.40678
5.40842
5.40514
5.49203
5.49366
5.49039
5.48547
5.48711
5.48383
5.18389
5.38056
5.38221
5.30516
5.30352
5.30189
5.30025
5.24452
5.24616
5.26257
5.14453
5.1429
5.14126
5.41006
5.4117
5.39859
5.40023
5.39696
5.47234
5.28879
5.28715
5.46742
5.46906
5.25273
5.25109
5.33958
5.34122
5.31501
5.31665
5.31336
5.16096
5.15931
5.15767
5.45598
5.45761
5.37072
5.44284
5.44448
5.33304
5.33467
5.3314
5.40187
5.37728
5.49693
5.49856
5.4953
5.22651
5.22815
5.19373
5.19537
5.1921
5.35107
5.44612
5.48219
5.48054
5.26911
5.4035
5.35763
5.35927
5.5002
5.50184
5.43628
5.22979
5.41499
5.41663
5.41334
5.38385
5.17404
5.36254
5.36418
5.36091
5.44941
5.16913
5.17077
5.1675
5.20682
5.20518
5.41827
5.41991
5.42647
5.48875
5.23633
5.23797
5.23469
5.24944
5.31172
5.19045
5.23306
5.4789
5.24288
5.19864
5.20028
5.19701
5.2396
5.46089
5.46251
5.45925
5.43301
5.33794
5.20355
5.13799
5.22159
5.22323
5.31829
5.46579
5.46415
5.29862
5.28551
5.29699
5.29535
5.29371
5.36909
5.27402
5.27566
5.32977
5.32813
5.32649
5.2773
5.27894
5.42155
5.38877
5.39041
5.38713
5.38549
5.21174
5.21338
5.42811
5.14946
5.15111
5.26421
5.45433
5.34614
5.3445
5.35271
5.51004
5.50347
5.4412
5.21503
5.18553
5.18717
5.37892
5.39206
5.39369
5.2478
5.28387
5.28222
5.28058
5.39533
5.4707
5.34286
5.22488
5.44777
5.15603
5.15439
5.15275
5.3363
5.43464
5.23142
5.1724
5.13962
5.18881
5.24124
5.20191
5.88912
5.55792
5.55955
5.55628
5.56936
5.57101
5.63984
5.64148
5.75785
5.75948
5.75622
5.78244
5.78409
5.88732
5.53495
5.53658
5.53331
5.67754
5.67919
5.6759
5.72671
5.72834
5.5284
5.53004
5.52677
5.70375
5.70539
5.7136
5.71525
5.59396
5.59559
5.60214
5.60378
5.6005
5.59887
5.59723
5.58742
5.58906
5.82177
5.8234
5.75458
5.75295
5.75131
5.76603
5.76767
5.60542
5.60707
5.85128
5.85292
5.84964
5.74966
5.87421
5.87585
5.87256
5.87092
5.86928
5.85455
5.76112
5.76276
5.86764
5.68083
5.66606
5.6677
5.66442
5.85618
5.85781
5.64805
5.64969
5.64641
5.64477
5.69393
5.69556
5.84143
5.84307
5.83979
5.74146
5.7431
5.73982
5.86109
5.86272
5.85945
5.66279
5.66115
5.80702
5.80865
5.61363
5.61527
5.61199
5.56445
5.56609
5.866
5.86436
5.61692
5.81522
5.81686
5.68247
5.53987
5.54151
5.74474
5.65952
5.65789
5.88569
5.82014
5.67098
5.67262
5.7808
5.77916
5.88077
5.88241
5.73817
5.73653
5.76439
5.789
5.79063
5.78736
5.54479
5.54643
5.56118
5.55136
5.553
5.71197
5.66934
5.52514
5.5235
5.54808
5.68575
5.68739
5.55464
5.79553
5.79717
5.7939
5.69229
5.70047
5.70212
5.69884
5.65625
5.77752
5.77588
5.59069
5.72508
5.52186
5.57921
5.58085
5.63492
5.63656
5.63328
5.77095
5.77259
5.61035
5.53167
5.64313
5.87913
5.81358
5.81194
5.8103
5.62511
5.62674
5.77424
5.56772
5.73489
5.53823
5.63164
5.62347
5.57757
5.63001
5.68903
5.74803
5.57264
5.57428
5.6382
5.83486
5.8365
5.83322
5.83158
5.82995
5.78572
5.80537
5.80373
5.80209
5.80045
5.82831
5.82667
5.82504
5.67426
5.72998
5.73161
5.73325
5.57593
5.58578
5.58414
5.58249
5.70704
5.70868
5.71689
5.71853
5.59233
5.76931
5.6087
5.848
5.84635
5.62184
5.6202
5.61855
5.52022
5.51858
5.51694
5.5153
5.6972
5.84471
5.56282
5.72017
5.72181
5.8185
5.65133
5.65298
5.68411
5.79881
5.54315
5.74638
5.65461
5.87749
5.88405
5.71032
5.54972
5.79226
5.69066
5.83815
5.72344
5.51365
5.62837
6.26637
6.00728
6.00893
6.00564
6.18754
6.18918
6.20065
6.2023
6.19902
6.06627
6.06791
6.06463
6.18101
6.18264
6.08921
6.09085
6.16624
6.16788
5.99908
6.00072
6.07776
6.0794
6.07612
6.11218
6.11382
6.11054
6.18427
6.01057
6.09249
6.14003
6.14167
6.13839
6.13675
5.93517
5.93681
6.26292
6.26456
5.98761
5.98925
5.98599
6.15313
6.15477
6.1515
5.92533
5.92697
6.01385
6.01549
6.03842
6.04006
6.03678
6.03514
5.91224
5.91388
5.9106
6.07448
6.19737
6.1564
6.20394
5.96794
5.96958
6.258
6.25964
6.25636
6.23015
6.23179
6.05317
6.0548
6.05153
6.0499
6.0417
6.24164
6.24328
6.24
6.23835
6.04826
5.99416
5.9958
5.99252
5.99089
6.08431
6.08595
6.0974
6.09905
6.09576
6.22032
6.22195
6.21868
6.10069
6.25473
6.14331
6.21378
6.21541
6.22523
6.22687
6.12035
6.12199
6.11872
6.11709
6.23343
6.23507
6.12362
6.05971
6.06135
5.98108
5.98271
6.14496
6.14659
5.97122
5.97287
6.25309
6.24819
6.24982
6.24655
6.17445
6.17609
6.12526
5.97615
5.97779
6.14823
5.94009
5.94173
6.16296
6.1646
6.16131
6.15968
5.94994
5.95157
5.9483
6.21705
5.95974
5.96138
6.06955
6.0712
5.90896
6.004
6.11545
6.06299
6.04334
6.04499
6.1089
6.10725
6.10561
5.89419
5.89583
5.89255
6.23671
6.13182
6.13346
5.93845
5.91552
6.03349
5.98435
5.99743
6.17773
6.22359
6.01713
5.92043
5.92207
5.9188
5.95811
5.95647
6.0253
6.02694
6.02366
6.04662
5.92861
5.95484
6.05644
5.89911
5.90075
6.08268
6.19081
6.10233
6.10397
6.02203
6.02039
5.90403
5.90567
5.90239
5.97451
6.13511
6.15804
6.07284
6.18591
6.17937
6.08758
6.16952
6.17116
6.00236
6.08104
5.94666
5.94502
5.94337
6.19573
6.19409
6.19245
6.01221
6.09413
5.93352
5.93189
6.26128
6.20886
6.2105
6.20722
6.20558
6.14987
5.9237
6.21214
6.03185
6.03021
6.02857
6.17281
5.93025
5.9663
5.96466
6.2285
6.05808
5.97943
6.25145
6.24492
6.1269
6.12854
5.96302
5.90731
5.95321
5.89747
6.13018
5.91716
6.01876
5.89092
6.6436
6.57463
6.57626
6.41239
6.41403
6.61721
6.61885
6.61557
6.39107
6.39271
6.48775
6.48939
6.48612
6.48448
6.48284
6.56807
6.56971
6.54675
6.54839
6.46811
6.46975
6.46646
6.46482
6.35829
6.35994
6.3157
6.31733
6.31407
6.58935
6.591
6.49596
6.4976
6.49431
6.45826
6.4599
6.45662
6.45498
6.41893
6.42056
6.41729
6.35174
6.35338
6.28293
6.28456
6.60084
6.60248
6.37799
6.37962
6.37634
6.33373
6.33537
6.37471
6.37307
6.37142
6.49267
6.49103
6.32552
6.32716
6.32388
6.51399
6.51561
6.51235
6.51071
6.50908
6.6074
6.60904
6.27803
6.27966
6.30259
6.30424
6.30096
6.29931
6.44025
6.4419
6.43861
6.43698
6.31897
6.2731
6.27474
6.2862
6.41076
6.29767
6.29603
6.42713
6.42876
6.42548
6.38452
6.38616
6.50088
6.50252
6.49924
6.62869
6.63033
6.34521
6.34684
6.34357
6.43041
6.45334
6.4517
6.5615
6.56315
6.34847
6.53202
6.53365
6.53037
6.62705
6.62541
6.27638
6.36486
6.3665
6.36322
6.29439
6.5058
6.50744
6.50416
6.62376
6.62213
6.33209
6.29275
6.29111
6.39763
6.39927
6.39599
6.39435
6.58771
6.3288
6.31243
6.52544
6.52709
6.30752
6.30916
6.44517
6.4468
6.44353
6.55658
6.55822
6.55494
6.54512
6.54349
6.33865
6.34029
6.4222
6.38779
6.5533
6.55166
6.40092
6.47303
6.47467
6.46318
6.42384
6.57135
6.32224
6.57953
6.58116
6.62048
6.5779
6.36814
6.34193
6.56479
6.44843
6.63853
6.64017
6.6369
6.53694
6.53858
6.5353
6.30588
6.28947
6.54022
6.52873
6.45007
6.4763
6.36157
6.38125
6.35502
6.61394
6.6123
6.61067
6.54186
6.60412
6.57299
6.41566
6.38943
6.56643
6.55003
6.5992
6.59756
6.59592
6.59428
6.59263
6.35665
6.48121
6.47957
6.47794
6.46154
6.35011
6.28129
6.6418
6.33701
6.47139
6.60576
6.36978
6.3206
6.27146
6.26982
6.28783
6.26818
6.40912
6.40748
6.38289
6.63198
6.63361
6.43205
6.43369
6.55986
6.40584
6.4042
6.33044
6.58608
6.58443
6.3108
6.43533
6.52381
6.52217
6.40256
6.5828
6.51725
6.51889
6.63525
6.52053
7.02081
6.73554
6.73719
6.73391
6.93382
6.93546
6.93218
6.95182
6.95346
6.98459
6.98623
6.98295
6.86663
6.86827
6.865
6.90922
6.91086
6.90758
6.74046
6.74209
6.93872
6.94036
6.93709
6.66836
6.67001
6.98131
7.01408
7.01572
6.76504
6.76668
6.87155
6.87318
6.86991
6.95674
6.95839
6.68964
6.69129
6.71914
6.72078
6.78304
6.78468
6.86335
6.91905
6.92069
6.91741
6.76996
6.77159
6.76832
6.70114
6.70277
6.77323
6.77486
6.96659
6.96823
6.83222
6.83386
6.69621
6.69785
6.66672
6.66508
6.80273
6.80437
6.67654
6.67818
6.67491
7.00263
7.00427
6.64704
6.64867
6.79781
6.79945
6.79617
6.89613
6.89777
6.9469
6.94854
6.94526
6.75191
6.75355
6.75027
6.74863
6.97149
6.97313
6.94363
6.942
6.71422
6.71586
6.71258
6.84858
6.85023
7.01736
7.019
6.84368
6.84531
6.84204
6.73882
6.8912
6.89284
6.88956
6.747
6.81418
6.81581
6.99444
6.99608
6.9928
6.68472
6.68636
6.68309
6.87645
6.87809
6.87481
6.70768
6.70932
6.70605
6.84041
6.83877
6.82073
6.82237
6.92398
6.92561
6.75683
6.75847
6.75519
6.79289
6.79453
6.79124
6.65359
6.65523
6.7814
6.83714
6.82566
6.8273
6.80763
6.80927
6.90595
6.92233
6.91577
6.67328
6.72734
6.72899
6.7257
6.66344
6.6618
6.66016
6.69949
6.96495
6.98951
6.99116
6.98788
6.83058
6.95511
6.67981
6.99772
6.99936
6.73227
6.80109
6.84695
6.97476
6.81091
7.00917
7.01081
6.89941
6.90105
6.65687
6.65031
6.91249
6.74536
6.90268
6.82402
6.72241
6.69293
6.81745
7.001
7.00753
6.87972
6.93054
6.9289
6.95018
6.74372
6.67164
6.97967
6.97804
6.85843
6.86007
6.85679
6.85515
6.8535
7.01244
6.76339
6.76175
6.96003
6.96167
6.68801
6.71749
6.78632
6.78796
6.86171
6.70441
6.77649
6.77813
6.96986
6.96331
6.8355
6.69457
6.80601
6.7896
7.0059
6.77977
6.6454
6.89448
6.71095
6.85187
6.88792
6.88628
6.81254
6.68145
6.8191
6.92726
6.76011
6.65195
6.82894
6.90432
6.91413
6.73062
6.65851
6.9764
6.72406
6.88464
6.883
6.88136
7.39801
7.07341
7.07505
7.07177
7.17009
7.17172
7.16845
7.16682
7.38802
7.38966
7.38637
7.36998
7.37161
7.36834
7.36671
7.18155
7.18319
7.03901
7.04064
7.2979
7.29953
7.19632
7.19796
7.30935
7.31099
7.37325
7.32904
7.33067
7.21596
7.2176
7.35197
7.35361
7.22745
7.22909
7.22581
7.23726
7.2389
7.28315
7.28479
7.24709
7.24873
7.24545
7.33394
7.33557
7.3323
7.11765
7.11929
7.02754
7.02919
7.22417
7.39457
7.39621
7.39294
7.05704
7.05867
7.37981
7.38145
7.2733
7.27495
7.1275
7.12914
7.12586
7.10945
7.11109
7.36181
7.36344
7.04391
7.04555
7.3913
7.09309
7.09473
7.09144
7.21432
7.21268
7.26676
7.2684
7.26513
7.2635
7.37489
7.31592
7.31755
7.31427
7.21104
7.2094
7.13241
7.13405
7.16519
7.16355
7.38473
7.35689
7.35853
7.35525
7.18483
7.18647
7.06031
7.03737
7.06687
7.0685
7.06523
7.06359
7.04719
7.3192
7.32084
7.03246
7.0341
7.03082
7.27658
7.20776
7.20613
7.20449
7.09636
7.0898
7.08816
7.26186
7.26022
7.15699
7.15863
7.15534
7.13568
7.23236
7.234
7.23073
7.12422
7.14714
7.14878
7.1455
7.13895
7.14058
7.18812
7.18976
7.25037
7.16191
7.32248
7.19468
7.14386
7.14222
7.28971
7.29135
7.28807
7.36508
7.07832
7.07996
7.29627
7.29463
7.1914
7.07668
7.31263
7.24217
7.24381
7.24053
7.11273
7.11437
7.27004
7.11601
7.28643
7.08652
7.12257
7.07014
7.293
7.37817
7.17336
7.175
7.17991
7.17827
7.04227
7.30117
7.3028
7.19959
7.20122
7.30771
7.30608
7.2553
7.25694
7.25366
7.25202
7.3274
7.32576
7.21924
7.22089
7.35032
7.34868
7.22253
7.23563
7.2815
7.27986
7.32412
7.10128
7.10291
7.09964
7.09801
7.12093
7.0259
7.02426
7.05539
7.05375
7.3831
7.27167
7.33721
7.33885
7.17663
7.13078
7.34376
7.3454
7.34212
7.34048
7.10781
7.10618
7.36017
7.37653
7.06196
7.03573
7.04883
7.05047
7.27822
7.02262
7.30444
7.25858
7.16027
7.13731
7.15042
7.15206
7.08488
7.08324
7.08159
7.19304
7.1537
7.20286
7.34704
7.05211
7.10454
7.77518
7.72423
7.72587
7.65542
7.65707
7.65379
7.54071
7.54235
7.51779
7.51943
7.59152
7.59316
7.70292
7.70455
7.7226
7.72096
7.41455
7.4162
7.41292
7.4883
7.48994
7.48666
7.70784
7.70947
7.50794
7.50958
7.5063
7.50466
7.52925
7.53089
7.52762
7.51122
7.58661
7.58825
7.74553
7.74717
7.74389
7.68163
7.68327
7.61937
7.62102
7.50303
7.61117
7.61281
7.60953
7.75537
7.75701
7.75373
7.55384
7.55548
7.5522
7.48009
7.48173
7.46208
7.46371
7.41127
7.6587
7.66033
7.57348
7.57512
7.63574
7.63738
7.59642
7.59806
7.59479
7.77173
7.77337
7.77009
7.74881
7.75045
7.76845
7.76681
7.46044
7.45881
7.55055
7.73077
7.73241
7.72914
7.47025
7.47189
7.58168
7.58332
7.76518
7.76354
7.61774
7.6161
7.43095
7.43258
7.67999
7.66523
7.66687
7.6636
7.69473
7.69637
7.52599
7.75209
7.7144
7.71604
7.71276
7.73568
7.73732
7.6292
7.63083
7.62756
7.59969
7.60133
7.66851
7.40144
7.40308
7.76191
7.76027
7.75863
7.51615
7.5145
7.67179
7.67342
7.42276
7.4244
7.42112
7.44405
7.44568
7.57184
7.5702
7.56856
7.60461
7.60625
7.56529
7.56693
7.71932
7.41784
7.53252
7.7406
7.74225
7.73897
7.40471
7.60789
7.49648
7.49812
7.43421
7.43585
7.44732
7.48337
7.56039
7.56203
7.6931
7.42604
7.42768
7.61445
7.67015
7.49975
7.6423
7.64394
7.51286
7.45717
7.53907
7.47517
7.47681
7.47353
7.58497
7.6341
7.63246
7.54892
7.55875
7.43748
7.64066
7.70619
7.7275
7.65215
7.6505
7.64886
7.64722
7.52435
7.52271
7.52107
7.54399
7.54563
7.58989
7.49485
7.49322
7.49158
7.70128
7.69964
7.67835
7.67671
7.67507
7.48502
7.71112
7.54727
7.45553
7.45389
7.45225
7.45061
7.68492
7.68655
7.62265
7.62429
7.50139
7.55712
7.62593
7.47845
7.46535
7.46699
7.40963
7.408
7.66197
7.53743
7.53579
7.53416
7.57676
7.5784
7.63902
7.69801
7.73405
7.46862
7.58005
7.42931
7.60297
7.39981
7.40635
7.41948
7.4424
7.44076
7.43912
7.56365
7.71768
7.44897
7.69146
7.68983
7.68819
7.64558
8.15234
8.01128
8.01293
8.00964
7.94246
7.94411
7.94083
7.81796
7.8196
7.84416
7.8458
7.84252
7.86217
7.86381
7.86054
7.8589
7.92935
7.93099
7.92771
7.95067
7.9523
8.13907
8.14071
8.06697
8.06861
8.14563
8.14727
8.14399
8.03093
8.03256
8.04897
8.05061
8.04733
7.96703
7.96867
7.81304
7.81468
7.88677
7.8884
7.88513
7.78683
7.78846
7.78519
7.88021
7.88185
7.83924
7.84088
7.8376
7.83596
7.96212
7.96375
8.12595
8.12759
7.89494
7.89658
8.01456
8.0162
8.1325
8.13415
8.13087
8.08501
8.08664
7.93262
7.80155
7.80319
7.79992
7.79827
7.8294
7.83105
7.82777
7.83432
7.82614
7.86709
7.86872
7.79173
7.79337
8.0719
8.07353
8.07025
7.90641
7.90806
7.90477
7.98016
7.9818
7.96539
8.04405
8.04569
8.04241
8.04077
8.12105
8.12268
8.14235
7.93918
7.93754
8.07682
8.07846
8.09154
8.09318
8.08991
8.08337
8.08174
8.0801
7.99325
7.99488
7.99161
7.98998
7.98834
8.00472
8.00636
8.00308
7.79501
8.13579
8.03913
8.0342
8.03585
7.80975
7.81139
7.80811
7.80647
7.89331
8.00801
8.15054
8.14891
7.89004
7.98508
7.98671
7.9359
7.9097
8.01947
8.02111
8.01784
8.11941
8.11778
8.11614
7.82123
7.82287
7.78027
7.78191
8.09646
8.0981
8.12923
7.77863
8.03748
7.90314
7.90149
7.89986
7.87036
8.11123
8.11287
8.10958
7.95721
7.95884
7.94903
7.94575
7.95557
7.97851
8.00144
7.9998
7.84744
7.8245
7.99816
7.85727
7.80483
8.09974
7.88349
7.92608
7.81632
7.77699
7.9179
7.91954
7.91626
7.91462
7.91298
7.95394
8.13743
8.06533
8.06369
8.05551
8.05715
8.05388
8.05224
8.02929
8.02765
8.02602
8.02438
7.97031
7.97195
7.87857
7.87693
7.87529
7.87365
7.91134
7.85236
7.85401
7.85072
7.84909
7.7901
8.06206
8.06041
8.05878
8.02274
7.96048
8.12431
7.89822
8.08828
7.78355
7.93426
7.97359
7.97523
7.83268
7.86545
8.07518
7.97688
7.98343
7.79664
8.10795
8.1063
8.10466
8.10302
7.85564
7.89167
8.09482
7.87201
8.10138
7.92444
7.92281
7.92117
8.1145
7.94739
7.99652
8.52947
8.32288
8.32451
8.32124
8.38187
8.3835
8.26226
8.2639
8.26062
8.25899
8.26554
8.15905
8.16068
8.15741
8.17217
8.17381
8.52603
8.52766
8.52438
8.19509
8.19673
8.4474
8.44904
8.44577
8.44414
8.23606
8.2377
8.34747
8.34911
8.34584
8.30159
8.30323
8.51293
8.51456
8.5113
8.50966
8.31634
8.31798
8.31471
8.2459
8.24754
8.23442
8.17709
8.17873
8.17545
8.41954
8.42118
8.41791
8.41627
8.25081
8.25244
8.35401
8.35564
8.22786
8.22949
8.22622
8.22458
8.42445
8.42609
8.42281
8.52274
8.52111
8.44249
8.28357
8.28521
8.28194
8.48343
8.48507
8.45558
8.45722
8.18854
8.19018
8.46542
8.46706
8.27539
8.27703
8.27375
8.46378
8.46214
8.46049
8.42937
8.43102
8.51947
8.51784
8.40317
8.40481
8.40153
8.36548
8.36712
8.33928
8.34092
8.20329
8.20494
8.35074
8.15578
8.22295
8.16232
8.16397
8.49818
8.49982
8.49654
8.21477
8.21641
8.21314
8.34256
8.26718
8.45067
8.31961
8.20001
8.20165
8.19837
8.39989
8.20986
8.21149
8.20822
8.29503
8.29667
8.33436
8.336
8.47853
8.48017
8.4769
8.47362
8.47526
8.49162
8.49326
8.37697
8.3786
8.23114
8.37369
8.37533
8.37205
8.3704
8.25735
8.31307
8.31143
8.45394
8.36876
8.48671
8.2803
8.28684
8.41463
8.41301
8.24426
8.42773
8.50475
8.50638
8.50311
8.41137
8.40973
8.30979
8.38677
8.38841
8.38514
8.35892
8.36056
8.1656
8.40809
8.32616
8.32779
8.25408
8.48998
8.39825
8.21967
8.22131
8.21804
8.3622
8.29995
8.19182
8.33272
8.33108
8.44086
8.35237
8.5162
8.29339
8.32943
8.38024
8.17053
8.16889
8.43594
8.43429
8.43757
8.43265
8.19345
8.27211
8.27046
8.26883
8.23934
8.24099
8.3442
8.30487
8.30651
8.50803
8.24917
8.23278
8.18037
8.18201
8.24262
8.35728
8.4818
8.45886
8.18691
8.18527
8.4687
8.47034
8.27867
8.40645
8.36384
8.33764
8.20657
8.29175
8.29012
8.28847
8.15414
8.43922
8.4949
8.4523
8.18364
8.29831
8.47198
8.16724
8.25571
8.48834
8.50146
8.30816
8.3966
8.39497
8.39333
8.39169
8.39005
8.89808
8.58369
8.58533
8.58206
8.81632
8.81796
8.81468
8.82781
8.82945
8.82616
8.5624
8.56405
8.75407
8.75571
8.69346
8.6951
8.87373
8.87536
8.76391
8.76555
8.76227
8.76063
8.72623
8.72787
8.72458
8.89794
8.89759
8.76884
8.77047
8.8802
8.88179
8.87859
8.75079
8.75243
8.74916
8.74752
8.74588
8.85075
8.85239
8.84583
8.84747
8.60829
8.60993
8.89212
8.89335
8.89079
8.71966
8.7213
8.71803
8.68362
8.68526
8.68199
8.70822
8.70985
8.70658
8.70495
8.7033
8.67709
8.67872
8.67545
8.71148
8.71312
8.62301
8.62465
8.62137
8.61973
8.6181
8.61646
8.66562
8.66726
8.73935
8.74099
8.73771
8.59189
8.59352
8.59025
8.73607
8.78519
8.78683
8.78355
8.71639
8.65906
8.6607
8.65741
8.59845
8.60009
8.53948
8.54112
8.8196
8.63449
8.63614
8.63286
8.63121
8.83109
8.83273
8.83929
8.84093
8.83765
8.8442
8.70166
8.53456
8.5362
8.75899
8.60337
8.60502
8.82124
8.83437
8.80814
8.80978
8.80651
8.88337
8.88493
8.59517
8.67218
8.67382
8.67054
8.64269
8.64432
8.66234
8.55748
8.55912
8.55584
8.5542
8.56568
8.89549
8.89636
8.57225
8.57389
8.57552
8.77211
8.74261
8.64759
8.64922
8.82452
8.66398
8.77865
8.78028
8.89448
8.69674
8.60173
8.87698
8.68035
8.73115
8.73279
8.8639
8.86554
8.72295
8.86882
8.87046
8.88795
8.8894
8.88645
8.53292
8.81141
8.72951
8.63778
8.62957
8.78847
8.79667
8.79832
8.79504
8.70003
8.85404
8.64106
8.55256
8.58861
8.61482
8.61155
8.78192
8.86718
8.6869
8.54276
8.80488
8.65086
8.62793
8.58697
8.81305
8.56076
8.75735
8.69182
8.69018
8.8721
8.76719
8.55093
8.54929
8.54766
8.54603
8.58042
8.57879
8.84911
8.60665
8.71475
8.62629
8.6689
8.73443
8.89707
8.65578
8.65414
8.59681
8.53784
8.84256
8.6525
8.57716
8.82288
8.85897
8.85732
8.86061
8.85568
8.83602
8.77702
8.77538
8.77374
8.57061
8.56897
8.56732
8.64596
8.74425
8.80324
8.8016
8.79996
8.54439
8.79339
8.79175
8.79011
8.69838
8.86225
8.53128
8.63941
8.68854
8.61319
