          ----- ----- -------  -----  ----- | ---- ----- --------- --------- --------- |
          mn it mx it  avg it    its  ttits |   ss    ts        st      stps     stpit |
    0.000     0     0     0.0      0      0 |    1     1    0.0000    0.0000    0.0000 |
    0.010     0    23    18.3    183    183 |   10    11    0.0649    0.0065    0.0004 |
    0.020    14    18    15.9    159    342 |   10    21    0.0374    0.0037    0.0002 |
    0.030    14    15    14.1    141    483 |   10    31    0.0355    0.0035    0.0003 |
    0.040    13    13    13.0    130    613 |   10    41    0.0321    0.0032    0.0002 |
    0.050    13    13    13.0    130    743 |   10    51    0.0266    0.0027    0.0002 |
    0.060    13    13    13.0    130    873 |   10    61    0.0253    0.0025    0.0002 |
    0.070    12    13    12.1    121    994 |   10    71    0.0228    0.0023    0.0002 |
    0.080    12    12    12.0    120   1114 |   10    81    0.0236    0.0024    0.0002 |
    0.090    12    12    12.0    120   1234 |   10    91    0.0239    0.0024    0.0002 |
    0.100    12    12    12.0    120   1354 |   10   101    0.0232    0.0023    0.0002 |
    0.110    12    12    12.0    120   1474 |   10   111    0.0223    0.0022    0.0002 |
    0.120    12    12    12.0    120   1594 |   10   121    0.0241    0.0024    0.0002 |
    0.130    12    12    12.0    120   1714 |   10   131    0.0232    0.0023    0.0002 |
    0.140    12    12    12.0    120   1834 |   10   141    0.0251    0.0025    0.0002 |
    0.150    12    12    12.0    120   1954 |   10   151    0.0233    0.0023    0.0002 |
    0.160    12    12    12.0    120   2074 |   10   161    0.0229    0.0023    0.0002 |
    0.170    12    12    12.0    120   2194 |   10   171    0.0232    0.0023    0.0002 |
    0.180    12    12    12.0    120   2314 |   10   181    0.0242    0.0024    0.0002 |
    0.190    12    12    12.0    120   2434 |   10   191    0.0240    0.0024    0.0002 |
    0.200    12    12    12.0    120   2554 |   10   201    0.0239    0.0024    0.0002 |
    0.210    12    12    12.0    120   2674 |   10   211    0.0235    0.0023    0.0002 |
    0.220    12    12    12.0    120   2794 |   10   221    0.0236    0.0024    0.0002 |
    0.230    12    12    12.0    120   2914 |   10   231    0.0245    0.0024    0.0002 |
    0.240    12    12    12.0    120   3034 |   10   241    0.0245    0.0025    0.0002 |
    0.250    12    12    12.0    120   3154 |   10   251    0.0225    0.0023    0.0002 |
    0.260    12    12    12.0    120   3274 |   10   261    0.0232    0.0023    0.0002 |
    0.270    12    12    12.0    120   3394 |   10   271    0.0235    0.0024    0.0002 |
    0.280    12    12    12.0    120   3514 |   10   281    0.0232    0.0023    0.0002 |
    0.290    12    12    12.0    120   3634 |   10   291    0.0236    0.0024    0.0002 |
    0.300    12    12    12.0    120   3754 |   10   301    0.0238    0.0024    0.0002 |
    0.310    12    12    12.0    120   3874 |   10   311    0.0235    0.0024    0.0002 |
    0.320    12    12    12.0    120   3994 |   10   321    0.0230    0.0023    0.0002 |
    0.330    10    12    10.6    106   4100 |   10   331    0.0209    0.0021    0.0002 |
    0.340    10    10    10.0    100   4200 |   10   341    0.0213    0.0021    0.0002 |
    0.350    10    10    10.0    100   4300 |   10   351    0.0202    0.0020    0.0002 |
    0.360    10    10    10.0    100   4400 |   10   361    0.0195    0.0019    0.0002 |
    0.370    10    10    10.0    100   4500 |   10   371    0.0210    0.0021    0.0002 |
    0.380    10    10    10.0    100   4600 |   10   381    0.0204    0.0020    0.0002 |
    0.390    10    10    10.0    100   4700 |   10   391    0.0207    0.0021    0.0002 |
    0.400    10    10    10.0    100   4800 |   10   401    0.0201    0.0020    0.0002 |
    0.410    10    10    10.0    100   4900 |   10   411    0.0196    0.0020    0.0002 |
    0.420    10    10    10.0    100   5000 |   10   421    0.0195    0.0020    0.0002 |
    0.430    10    10    10.0    100   5100 |   10   431    0.0202    0.0020    0.0002 |
    0.440    10    10    10.0    100   5200 |   10   441    0.0192    0.0019    0.0002 |
    0.450     9     9     9.0     90   5290 |   10   451    0.0185    0.0018    0.0002 |
    0.460     9     9     9.0     90   5380 |   10   461    0.0180    0.0018    0.0002 |
    0.470     9     9     9.0     90   5470 |   10   471    0.0191    0.0019    0.0002 |
    0.480     9     9     9.0     90   5560 |   10   481    0.0185    0.0019    0.0002 |
    0.490     9     9     9.0     90   5650 |   10   491    0.0178    0.0018    0.0002 |
    0.500     9     9     9.0     90   5740 |   10   501    0.0187    0.0019    0.0002 |
    0.510     8     9     8.9     89   5829 |   10   511    0.0184    0.0018    0.0002 |
    0.520     8     8     8.0     80   5909 |   10   521    0.0169    0.0017    0.0002 |
    0.530     8     8     8.0     80   5989 |   10   531    0.0164    0.0016    0.0002 |
    0.540     8     8     8.0     80   6069 |   10   541    0.0169    0.0017    0.0002 |
    0.550     8     8     8.0     80   6149 |   10   551    0.0174    0.0017    0.0002 |
    0.560     8     8     8.0     80   6229 |   10   561    0.0164    0.0016    0.0002 |
    0.570     8     8     8.0     80   6309 |   10   571    0.0165    0.0017    0.0002 |
    0.580     8     8     8.0     80   6389 |   10   581    0.0178    0.0018    0.0002 |
    0.590     8     8     8.0     80   6469 |   10   591    0.0163    0.0016    0.0002 |
    0.600     8     8     8.0     80   6549 |   10   601    0.0165    0.0017    0.0002 |
    0.610     8     8     8.0     80   6629 |   10   611    0.0181    0.0018    0.0002 |
    0.620     8     8     8.0     80   6709 |   10   621    0.0165    0.0017    0.0002 |
    0.630     8     8     8.0     80   6789 |   10   631    0.0172    0.0017    0.0002 |
    0.640     8     8     8.0     80   6869 |   10   641    0.0166    0.0017    0.0002 |
    0.650     7     8     7.6     76   6945 |   10   651    0.0161    0.0016    0.0002 |
    0.660     7     7     7.0     70   7015 |   10   661    0.0140    0.0014    0.0002 |
    0.670     7     7     7.0     70   7085 |   10   671    0.0155    0.0015    0.0002 |
    0.680     7     7     7.0     70   7155 |   10   681    0.0150    0.0015    0.0002 |
    0.690     7     7     7.0     70   7225 |   10   691    0.0159    0.0016    0.0002 |
    0.700     7     7     7.0     70   7295 |   10   701    0.0152    0.0015    0.0002 |
    0.710     7     7     7.0     70   7365 |   10   711    0.0149    0.0015    0.0002 |
    0.720     7     7     7.0     70   7435 |   10   721    0.0151    0.0015    0.0002 |
    0.730     7     7     7.0     70   7505 |   10   731    0.0153    0.0015    0.0002 |
    0.740     7     7     7.0     70   7575 |   10   741    0.0174    0.0017    0.0002 |
    0.750     7     7     7.0     70   7645 |   10   751    0.0174    0.0017    0.0002 |
    0.760     7     7     7.0     70   7715 |   10   761    0.0200    0.0020    0.0003 |
    0.770     7     7     7.0     70   7785 |   10   771    0.0178    0.0018    0.0003 |
    0.780     7     7     7.0     70   7855 |   10   781    0.0174    0.0017    0.0002 |
    0.790     7     7     7.0     70   7925 |   10   791    0.0154    0.0015    0.0002 |
    0.800     7     7     7.0     70   7995 |   10   801    0.0151    0.0015    0.0002 |
    0.810     7     8     7.1     71   8066 |   10   811    0.0155    0.0016    0.0002 |
    0.820     7     8     7.1     71   8137 |   10   821    0.0160    0.0016    0.0002 |
    0.830     7     8     7.1     71   8208 |   10   831    0.0161    0.0016    0.0002 |
    0.840     7     8     7.1     71   8279 |   10   841    0.0155    0.0015    0.0002 |
    0.850     7     8     7.2     72   8351 |   10   851    0.0163    0.0016    0.0002 |
    0.860     7     8     7.2     72   8423 |   10   861    0.0159    0.0016    0.0002 |
    0.870     7     8     7.1     71   8494 |   10   871    0.0161    0.0016    0.0002 |
    0.880     7     8     7.2     72   8566 |   10   881    0.0161    0.0016    0.0002 |
    0.890     7     8     7.2     72   8638 |   10   891    0.0164    0.0016    0.0002 |
    0.900     7     8     7.2     72   8710 |   10   901    0.0154    0.0015    0.0002 |
    0.910     7     8     7.3     73   8783 |   10   911    0.0157    0.0016    0.0002 |
    0.920     7     8     7.2     72   8855 |   10   921    0.0158    0.0016    0.0002 |
    0.930     7     8     7.3     73   8928 |   10   931    0.0159    0.0016    0.0002 |
    0.940     7     8     7.2     72   9000 |   10   941    0.0162    0.0016    0.0002 |
    0.950     7     8     7.3     73   9073 |   10   951    0.0162    0.0016    0.0002 |
    0.960     7     8     7.3     73   9146 |   10   961    0.0160    0.0016    0.0002 |
    0.970     7     8     7.3     73   9219 |   10   971    0.0163    0.0016    0.0002 |
    0.980     7     8     7.3     73   9292 |   10   981    0.0161    0.0016    0.0002 |
    0.990     7     8     7.3     73   9365 |   10   991    0.0161    0.0016    0.0002 |
    1.000     7     8     7.3     73   9438 |   10  1001    0.0155    0.0015    0.0002 |
    1.010     7     8     7.4     74   9512 |   10  1011    0.0164    0.0016    0.0002 |
    1.020     7     8     7.3     73   9585 |   10  1021    0.0163    0.0016    0.0002 |
    1.030     7     8     7.3     73   9658 |   10  1031    0.0155    0.0015    0.0002 |
    1.040     7     8     7.4     74   9732 |   10  1041    0.0153    0.0015    0.0002 |
    1.050     7     8     7.3     73   9805 |   10  1051    0.0149    0.0015    0.0002 |
    1.060     7     8     7.3     73   9878 |   10  1061    0.0156    0.0016    0.0002 |
    1.070     7     8     7.4     74   9952 |   10  1071    0.0156    0.0016    0.0002 |
    1.080     7     8     7.3     73  10025 |   10  1081    0.0152    0.0015    0.0002 |
    1.090     7     8     7.3     73  10098 |   10  1091    0.0165    0.0016    0.0002 |
    1.100     7     8     7.4     74  10172 |   10  1101    0.0162    0.0016    0.0002 |
    1.110     7     8     7.5     75  10247 |   10  1111    0.0164    0.0016    0.0002 |
    1.120     7     8     7.4     74  10321 |   10  1121    0.0161    0.0016    0.0002 |
    1.130     7     8     7.6     76  10397 |   10  1131    0.0167    0.0017    0.0002 |
    1.140     7     8     7.4     74  10471 |   10  1141    0.0161    0.0016    0.0002 |
    1.150     7     8     7.6     76  10547 |   10  1151    0.0162    0.0016    0.0002 |
    1.160     7     8     7.4     74  10621 |   10  1161    0.0156    0.0016    0.0002 |
    1.170     7     8     7.6     76  10697 |   10  1171    0.0170    0.0017    0.0002 |
    1.180     7     8     7.4     74  10771 |   10  1181    0.0155    0.0015    0.0002 |
    1.190     7     8     7.6     76  10847 |   10  1191    0.0166    0.0017    0.0002 |
    1.200     7     8     7.4     74  10921 |   10  1201    0.0159    0.0016    0.0002 |
    1.210     7     8     7.6     76  10997 |   10  1211    0.0173    0.0017    0.0002 |
    1.220     7     8     7.4     74  11071 |   10  1221    0.0165    0.0016    0.0002 |
    1.230     7     8     7.6     76  11147 |   10  1231    0.0165    0.0017    0.0002 |
    1.240     7     8     7.4     74  11221 |   10  1241    0.0164    0.0016    0.0002 |
    1.250     7     8     7.6     76  11297 |   10  1251    0.0159    0.0016    0.0002 |
    1.260     7     8     7.4     74  11371 |   10  1261    0.0162    0.0016    0.0002 |
    1.270     7     8     7.6     76  11447 |   10  1271    0.0163    0.0016    0.0002 |
    1.280     7     8     7.4     74  11521 |   10  1281    0.0160    0.0016    0.0002 |
    1.290     7     8     7.6     76  11597 |   10  1291    0.0182    0.0018    0.0002 |
    1.300     7     8     7.4     74  11671 |   10  1301    0.0158    0.0016    0.0002 |
    1.310     7     8     7.6     76  11747 |   10  1311    0.0156    0.0016    0.0002 |
    1.320     7     8     7.4     74  11821 |   10  1321    0.0157    0.0016    0.0002 |
    1.330     7     8     7.6     76  11897 |   10  1331    0.0168    0.0017    0.0002 |
    1.340     7     8     7.4     74  11971 |   10  1341    0.0166    0.0017    0.0002 |
    1.350     7     8     7.6     76  12047 |   10  1351    0.0165    0.0016    0.0002 |
    1.360     7     8     7.4     74  12121 |   10  1361    0.0150    0.0015    0.0002 |
    1.370     7     8     7.6     76  12197 |   10  1371    0.0167    0.0017    0.0002 |
    1.380     7     8     7.4     74  12271 |   10  1381    0.0162    0.0016    0.0002 |
    1.390     7     8     7.6     76  12347 |   10  1391    0.0164    0.0016    0.0002 |
    1.400     7     8     7.4     74  12421 |   10  1401    0.0160    0.0016    0.0002 |
    1.410     7     8     7.6     76  12497 |   10  1411    0.0161    0.0016    0.0002 |
    1.420     7     8     7.4     74  12571 |   10  1421    0.0156    0.0016    0.0002 |
    1.430     7     8     7.6     76  12647 |   10  1431    0.0162    0.0016    0.0002 |
    1.440     7     8     7.4     74  12721 |   10  1441    0.0169    0.0017    0.0002 |
    1.450     7     8     7.6     76  12797 |   10  1451    0.0162    0.0016    0.0002 |
    1.460     7     8     7.4     74  12871 |   10  1461    0.0162    0.0016    0.0002 |
    1.470     7     8     7.6     76  12947 |   10  1471    0.0191    0.0019    0.0003 |
    1.480     7     8     7.4     74  13021 |   10  1481    0.0177    0.0018    0.0002 |
    1.490     7     8     7.6     76  13097 |   10  1491    0.0187    0.0019    0.0002 |
    1.500     7     8     7.4     74  13171 |   10  1501    0.0171    0.0017    0.0002 |
    1.510     7     8     7.6     76  13247 |   10  1511    0.0187    0.0019    0.0002 |
    1.520     7     8     7.4     74  13321 |   10  1521    0.0190    0.0019    0.0003 |
    1.530     7     8     7.6     76  13397 |   10  1531    0.0161    0.0016    0.0002 |
    1.540     7     8     7.4     74  13471 |   10  1541    0.0159    0.0016    0.0002 |
    1.550     7     8     7.6     76  13547 |   10  1551    0.0162    0.0016    0.0002 |
    1.560     7     8     7.4     74  13621 |   10  1561    0.0189    0.0019    0.0003 |
    1.570     7     8     7.6     76  13697 |   10  1571    0.0169    0.0017    0.0002 |
    1.580     7     8     7.4     74  13771 |   10  1581    0.0175    0.0017    0.0002 |
    1.590     7     8     7.6     76  13847 |   10  1591    0.0162    0.0016    0.0002 |
    1.600     7     8     7.4     74  13921 |   10  1601    0.0161    0.0016    0.0002 |
    1.610     7     8     7.6     76  13997 |   10  1611    0.0166    0.0017    0.0002 |
    1.620     7     8     7.4     74  14071 |   10  1621    0.0149    0.0015    0.0002 |
    1.630     7     8     7.6     76  14147 |   10  1631    0.0163    0.0016    0.0002 |
    1.640     7     8     7.4     74  14221 |   10  1641    0.0168    0.0017    0.0002 |
    1.650     7     8     7.6     76  14297 |   10  1651    0.0173    0.0017    0.0002 |
    1.660     7     8     7.4     74  14371 |   10  1661    0.0163    0.0016    0.0002 |
    1.670     7     8     7.6     76  14447 |   10  1671    0.0168    0.0017    0.0002 |
    1.680     7     8     7.4     74  14521 |   10  1681    0.0156    0.0016    0.0002 |
    1.690     7     8     7.6     76  14597 |   10  1691    0.0170    0.0017    0.0002 |
    1.700     7     8     7.4     74  14671 |   10  1701    0.0158    0.0016    0.0002 |
    1.710     7     8     7.6     76  14747 |   10  1711    0.0168    0.0017    0.0002 |
    1.720     7     8     7.4     74  14821 |   10  1721    0.0156    0.0016    0.0002 |
    1.730     7     8     7.6     76  14897 |   10  1731    0.0172    0.0017    0.0002 |
    1.740     7     8     7.4     74  14971 |   10  1741    0.0164    0.0016    0.0002 |
    1.750     7     8     7.6     76  15047 |   10  1751    0.0168    0.0017    0.0002 |
    1.760     7     8     7.4     74  15121 |   10  1761    0.0162    0.0016    0.0002 |
    1.770     7     8     7.4     74  15195 |   10  1771    0.0165    0.0016    0.0002 |
    1.780     7     8     7.5     75  15270 |   10  1781    0.0166    0.0017    0.0002 |
    1.790     7     8     7.4     74  15344 |   10  1791    0.0169    0.0017    0.0002 |
    1.800     7     8     7.4     74  15418 |   10  1801    0.0163    0.0016    0.0002 |
    1.810     7     8     7.4     74  15492 |   10  1811    0.0165    0.0017    0.0002 |
    1.820     7     8     7.4     74  15566 |   10  1821    0.0158    0.0016    0.0002 |
    1.830     7     8     7.3     73  15639 |   10  1831    0.0164    0.0016    0.0002 |
    1.840     7     8     7.4     74  15713 |   10  1841    0.0152    0.0015    0.0002 |
    1.850     7     8     7.3     73  15786 |   10  1851    0.0160    0.0016    0.0002 |
    1.860     7     8     7.3     73  15859 |   10  1861    0.0157    0.0016    0.0002 |
    1.870     7     8     7.4     74  15933 |   10  1871    0.0156    0.0016    0.0002 |
    1.880     7     8     7.3     73  16006 |   10  1881    0.0163    0.0016    0.0002 |
    1.890     7     8     7.3     73  16079 |   10  1891    0.0162    0.0016    0.0002 |
    1.900     7     8     7.4     74  16153 |   10  1901    0.0160    0.0016    0.0002 |
    1.910     7     8     7.3     73  16226 |   10  1911    0.0161    0.0016    0.0002 |
    1.920     7     8     7.3     73  16299 |   10  1921    0.0160    0.0016    0.0002 |
    1.930     7     8     7.4     74  16373 |   10  1931    0.0163    0.0016    0.0002 |
    1.940     7     8     7.3     73  16446 |   10  1941    0.0158    0.0016    0.0002 |
    1.950     7     8     7.3     73  16519 |   10  1951    0.0155    0.0016    0.0002 |
    1.960     7     8     7.4     74  16593 |   10  1961    0.0155    0.0016    0.0002 |
    1.970     7     8     7.3     73  16666 |   10  1971    0.0156    0.0016    0.0002 |
    1.980     7     8     7.3     73  16739 |   10  1981    0.0156    0.0016    0.0002 |
    1.990     7     8     7.4     74  16813 |   10  1991    0.0167    0.0017    0.0002 |
    2.000     7     8     7.3     73  16886 |   10  2001    0.0164    0.0016    0.0002 |
    2.010     7    30    26.9    269  17155 |   10  2011    0.0513    0.0051    0.0002 |
    2.020    29    30    29.3    293  17448 |   10  2021    0.0503    0.0050    0.0002 |
    2.030    29    30    29.3    293  17741 |   10  2031    0.0527    0.0053    0.0002 |
    2.040    29    30    29.2    292  18033 |   10  2041    0.0515    0.0051    0.0002 |
    2.050    29    29    29.0    290  18323 |   10  2051    0.0536    0.0054    0.0002 |
    2.060    27    29    28.5    285  18608 |   10  2061    0.0527    0.0053    0.0002 |
    2.070    28    29    28.9    289  18897 |   10  2071    0.0514    0.0051    0.0002 |
    2.080    27    28    27.5    275  19172 |   10  2081    0.0505    0.0051    0.0002 |
    2.090    26    27    26.4    264  19436 |   10  2091    0.0485    0.0048    0.0002 |
    2.100    26    29    27.9    279  19715 |   10  2101    0.0520    0.0052    0.0002 |
    2.110    29    29    29.0    290  20005 |   10  2111    0.0518    0.0052    0.0002 |
    2.120    26    29    27.0    270  20275 |   10  2121    0.0498    0.0050    0.0002 |
    2.130    26    29    28.5    285  20560 |   10  2131    0.0516    0.0052    0.0002 |
    2.140    29    29    29.0    290  20850 |   10  2141    0.0502    0.0050    0.0002 |
    2.150    28    29    28.4    284  21134 |   10  2151    0.0512    0.0051    0.0002 |
    2.160    27    28    27.6    276  21410 |   10  2161    0.0508    0.0051    0.0002 |
    2.170    23    27    25.6    256  21666 |   10  2171    0.0464    0.0046    0.0002 |
    2.180    23    25    24.2    242  21908 |   10  2181    0.0453    0.0045    0.0002 |
    2.190    25    25    25.0    250  22158 |   10  2191    0.0453    0.0045    0.0002 |
    2.200    25    26    25.2    252  22410 |   10  2201    0.0467    0.0047    0.0002 |
    2.210    25    26    25.5    255  22665 |   10  2211    0.0473    0.0047    0.0002 |
    2.220    25    25    25.0    250  22915 |   10  2221    0.0469    0.0047    0.0002 |
    2.230    23    25    23.9    239  23154 |   10  2231    0.0422    0.0042    0.0002 |
    2.240    23    25    23.8    238  23392 |   10  2241    0.0441    0.0044    0.0002 |
    2.250    25    25    25.0    250  23642 |   10  2251    0.0473    0.0047    0.0002 |
    2.260    25    25    25.0    250  23892 |   10  2261    0.0457    0.0046    0.0002 |
    2.270    25    25    25.0    250  24142 |   10  2271    0.0445    0.0044    0.0002 |
    2.280    25    25    25.0    250  24392 |   10  2281    0.0459    0.0046    0.0002 |
    2.290    25    25    25.0    250  24642 |   10  2291    0.0460    0.0046    0.0002 |
    2.300    25    25    25.0    250  24892 |   10  2301    0.0460    0.0046    0.0002 |
    2.310    25    25    25.0    250  25142 |   10  2311    0.0463    0.0046    0.0002 |
    2.320    25    25    25.0    250  25392 |   10  2321    0.0462    0.0046    0.0002 |
    2.330    25    25    25.0    250  25642 |   10  2331    0.0460    0.0046    0.0002 |
    2.340    25    25    25.0    250  25892 |   10  2341    0.0464    0.0046    0.0002 |
    2.350    24    25    24.6    246  26138 |   10  2351    0.0441    0.0044    0.0002 |
    2.360    23    24    23.1    231  26369 |   10  2361    0.0423    0.0042    0.0002 |
    2.370    23    24    23.3    233  26602 |   10  2371    0.0427    0.0043    0.0002 |
    2.380    24    24    24.0    240  26842 |   10  2381    0.0429    0.0043    0.0002 |
    2.390    24    24    24.0    240  27082 |   10  2391    0.0431    0.0043    0.0002 |
    2.400    24    24    24.0    240  27322 |   10  2401    0.0449    0.0045    0.0002 |
    2.410    24    24    24.0    240  27562 |   10  2411    0.0452    0.0045    0.0002 |
    2.420    24    24    24.0    240  27802 |   10  2421    0.0430    0.0043    0.0002 |
    2.430    24    24    24.0    240  28042 |   10  2431    0.0418    0.0042    0.0002 |
    2.440    24    24    24.0    240  28282 |   10  2441    0.0464    0.0046    0.0002 |
    2.450    24    24    24.0    240  28522 |   10  2451    0.0450    0.0045    0.0002 |
    2.460    24    24    24.0    240  28762 |   10  2461    0.0430    0.0043    0.0002 |
    2.470    24    24    24.0    240  29002 |   10  2471    0.0426    0.0043    0.0002 |
    2.480    24    24    24.0    240  29242 |   10  2481    0.0463    0.0046    0.0002 |
    2.490    24    24    24.0    240  29482 |   10  2491    0.0452    0.0045    0.0002 |
    2.500    24    24    24.0    240  29722 |   10  2501    0.0431    0.0043    0.0002 |
    2.510    24    24    24.0    240  29962 |   10  2511    0.0436    0.0044    0.0002 |
    2.520    24    24    24.0    240  30202 |   10  2521    0.0452    0.0045    0.0002 |
    2.530    24    24    24.0    240  30442 |   10  2531    0.0433    0.0043    0.0002 |
    2.540    24    24    24.0    240  30682 |   10  2541    0.0441    0.0044    0.0002 |
    2.550    24    24    24.0    240  30922 |   10  2551    0.0435    0.0044    0.0002 |
    2.560    24    24    24.0    240  31162 |   10  2561    0.0449    0.0045    0.0002 |
    2.570    24    24    24.0    240  31402 |   10  2571    0.0428    0.0043    0.0002 |
    2.580    24    24    24.0    240  31642 |   10  2581    0.0451    0.0045    0.0002 |
    2.590    24    24    24.0    240  31882 |   10  2591    0.0444    0.0044    0.0002 |
    2.600    23    24    23.2    232  32114 |   10  2601    0.0419    0.0042    0.0002 |
    2.610    23    23    23.0    230  32344 |   10  2611    0.0412    0.0041    0.0002 |
    2.620    23    23    23.0    230  32574 |   10  2621    0.0424    0.0042    0.0002 |
    2.630    23    23    23.0    230  32804 |   10  2631    0.0423    0.0042    0.0002 |
    2.640    23    23    23.0    230  33034 |   10  2641    0.0418    0.0042    0.0002 |
    2.650    22    23    22.2    222  33256 |   10  2651    0.0418    0.0042    0.0002 |
    2.660    22    22    22.0    220  33476 |   10  2661    0.0417    0.0042    0.0002 |
    2.670    22    22    22.0    220  33696 |   10  2671    0.0417    0.0042    0.0002 |
    2.680    22    22    22.0    220  33916 |   10  2681    0.0397    0.0040    0.0002 |
    2.690    21    22    21.7    217  34133 |   10  2691    0.0405    0.0040    0.0002 |
    2.700    21    21    21.0    210  34343 |   10  2701    0.0394    0.0039    0.0002 |
    2.710    21    21    21.0    210  34553 |   10  2711    0.0396    0.0040    0.0002 |
    2.720    21    21    21.0    210  34763 |   10  2721    0.0396    0.0040    0.0002 |
    2.730    21    21    21.0    210  34973 |   10  2731    0.0399    0.0040    0.0002 |
    2.740    21    21    21.0    210  35183 |   10  2741    0.0389    0.0039    0.0002 |
    2.750    21    21    21.0    210  35393 |   10  2751    0.0392    0.0039    0.0002 |
    2.760    21    21    21.0    210  35603 |   10  2761    0.0386    0.0039    0.0002 |
    2.770    21    21    21.0    210  35813 |   10  2771    0.0406    0.0041    0.0002 |
    2.780    21    21    21.0    210  36023 |   10  2781    0.0382    0.0038    0.0002 |
    2.790    21    21    21.0    210  36233 |   10  2791    0.0392    0.0039    0.0002 |
    2.800    21    21    21.0    210  36443 |   10  2801    0.0387    0.0039    0.0002 |
    2.810    21    21    21.0    210  36653 |   10  2811    0.0394    0.0039    0.0002 |
    2.820    21    21    21.0    210  36863 |   10  2821    0.0393    0.0039    0.0002 |
    2.830    21    21    21.0    210  37073 |   10  2831    0.0383    0.0038    0.0002 |
    2.840    21    21    21.0    210  37283 |   10  2841    0.0388    0.0039    0.0002 |
    2.850    21    21    21.0    210  37493 |   10  2851    0.0394    0.0039    0.0002 |
    2.860    21    21    21.0    210  37703 |   10  2861    0.0386    0.0039    0.0002 |
    2.870    21    21    21.0    210  37913 |   10  2871    0.0375    0.0037    0.0002 |
    2.880    21    21    21.0    210  38123 |   10  2881    0.0411    0.0041    0.0002 |
    2.890    21    21    21.0    210  38333 |   10  2891    0.0421    0.0042    0.0002 |
    2.900    21    21    21.0    210  38543 |   10  2901    0.0390    0.0039    0.0002 |
    2.910    21    21    21.0    210  38753 |   10  2911    0.0391    0.0039    0.0002 |
    2.920    21    21    21.0    210  38963 |   10  2921    0.0389    0.0039    0.0002 |
    2.930    21    21    21.0    210  39173 |   10  2931    0.0388    0.0039    0.0002 |
    2.940    21    21    21.0    210  39383 |   10  2941    0.0393    0.0039    0.0002 |
    2.950    21    21    21.0    210  39593 |   10  2951    0.0391    0.0039    0.0002 |
    2.960    21    21    21.0    210  39803 |   10  2961    0.0404    0.0040    0.0002 |
    2.970    21    21    21.0    210  40013 |   10  2971    0.0392    0.0039    0.0002 |
    2.980    20    21    20.1    201  40214 |   10  2981    0.0362    0.0036    0.0002 |
    2.990    20    20    20.0    200  40414 |   10  2991    0.0367    0.0037    0.0002 |
    3.000    20    20    20.0    200  40614 |   10  3001    0.0369    0.0037    0.0002 |
    3.010    19    20    19.5    195  40809 |   10  3011    0.0362    0.0036    0.0002 |
    3.020    19    19    19.0    190  40999 |   10  3021    0.0368    0.0037    0.0002 |
    3.030    19    19    19.0    190  41189 |   10  3031    0.0344    0.0034    0.0002 |
    3.040    19    19    19.0    190  41379 |   10  3041    0.0334    0.0033    0.0002 |
    3.050    19    20    19.5    195  41574 |   10  3051    0.0357    0.0036    0.0002 |
    3.060    20    20    20.0    200  41774 |   10  3061    0.0359    0.0036    0.0002 |
    3.070    20    20    20.0    200  41974 |   10  3071    0.0367    0.0037    0.0002 |
    3.080    20    20    20.0    200  42174 |   10  3081    0.0364    0.0036    0.0002 |
    3.090    20    20    20.0    200  42374 |   10  3091    0.0372    0.0037    0.0002 |
    3.100    20    20    20.0    200  42574 |   10  3101    0.0380    0.0038    0.0002 |
    3.110    20    20    20.0    200  42774 |   10  3111    0.0368    0.0037    0.0002 |
    3.120    20    20    20.0    200  42974 |   10  3121    0.0376    0.0038    0.0002 |
    3.130    20    20    20.0    200  43174 |   10  3131    0.0417    0.0042    0.0002 |
    3.140    21    21    21.0    210  43384 |   10  3141    0.0391    0.0039    0.0002 |
    3.150    21    21    21.0    210  43594 |   10  3151    0.0377    0.0038    0.0002 |
    3.160    21    21    21.0    210  43804 |   10  3161    0.0393    0.0039    0.0002 |
    3.170    21    21    21.0    210  44014 |   10  3171    0.0417    0.0042    0.0002 |
    3.180    21    21    21.0    210  44224 |   10  3181    0.0420    0.0042    0.0002 |
    3.190    21    21    21.0    210  44434 |   10  3191    0.0380    0.0038    0.0002 |
    3.200    21    21    21.0    210  44644 |   10  3201    0.0379    0.0038    0.0002 |
    3.210    21    21    21.0    210  44854 |   10  3211    0.0400    0.0040    0.0002 |
    3.220    21    21    21.0    210  45064 |   10  3221    0.0394    0.0039    0.0002 |
    3.230    21    21    21.0    210  45274 |   10  3231    0.0382    0.0038    0.0002 |
    3.240    21    21    21.0    210  45484 |   10  3241    0.0400    0.0040    0.0002 |
    3.250    20    21    20.8    208  45692 |   10  3251    0.0385    0.0038    0.0002 |
    3.260    20    20    20.0    200  45892 |   10  3261    0.0377    0.0038    0.0002 |
    3.270    20    20    20.0    200  46092 |   10  3271    0.0364    0.0036    0.0002 |
    3.280    20    20    20.0    200  46292 |   10  3281    0.0367    0.0037    0.0002 |
    3.290    20    20    20.0    200  46492 |   10  3291    0.0369    0.0037    0.0002 |
    3.300    20    20    20.0    200  46692 |   10  3301    0.0374    0.0037    0.0002 |
    3.310    20    20    20.0    200  46892 |   10  3311    0.0376    0.0038    0.0002 |
    3.320    20    20    20.0    200  47092 |   10  3321    0.0366    0.0037    0.0002 |
    3.330    20    20    20.0    200  47292 |   10  3331    0.0355    0.0036    0.0002 |
    3.340    20    20    20.0    200  47492 |   10  3341    0.0376    0.0038    0.0002 |
    3.350    20    20    20.0    200  47692 |   10  3351    0.0365    0.0036    0.0002 |
    3.360    20    20    20.0    200  47892 |   10  3361    0.0378    0.0038    0.0002 |
    3.370    20    20    20.0    200  48092 |   10  3371    0.0375    0.0037    0.0002 |
    3.380    20    20    20.0    200  48292 |   10  3381    0.0372    0.0037    0.0002 |
    3.390    20    20    20.0    200  48492 |   10  3391    0.0368    0.0037    0.0002 |
    3.400    20    20    20.0    200  48692 |   10  3401    0.0375    0.0038    0.0002 |
    3.410    20    20    20.0    200  48892 |   10  3411    0.0382    0.0038    0.0002 |
    3.420    20    20    20.0    200  49092 |   10  3421    0.0386    0.0039    0.0002 |
    3.430    20    20    20.0    200  49292 |   10  3431    0.0368    0.0037    0.0002 |
    3.440    20    20    20.0    200  49492 |   10  3441    0.0376    0.0038    0.0002 |
    3.450    20    20    20.0    200  49692 |   10  3451    0.0371    0.0037    0.0002 |
    3.460    20    20    20.0    200  49892 |   10  3461    0.0373    0.0037    0.0002 |
    3.470    20    20    20.0    200  50092 |   10  3471    0.0378    0.0038    0.0002 |
    3.480    20    20    20.0    200  50292 |   10  3481    0.0380    0.0038    0.0002 |
    3.490    20    20    20.0    200  50492 |   10  3491    0.0371    0.0037    0.0002 |
    3.500    20    20    20.0    200  50692 |   10  3501    0.0386    0.0039    0.0002 |
    3.510    20    20    20.0    200  50892 |   10  3511    0.0373    0.0037    0.0002 |
    3.520    20    20    20.0    200  51092 |   10  3521    0.0366    0.0037    0.0002 |
    3.530    20    20    20.0    200  51292 |   10  3531    0.0377    0.0038    0.0002 |
    3.540    20    20    20.0    200  51492 |   10  3541    0.0369    0.0037    0.0002 |
    3.550    20    20    20.0    200  51692 |   10  3551    0.0364    0.0036    0.0002 |
    3.560    20    20    20.0    200  51892 |   10  3561    0.0374    0.0037    0.0002 |
    3.570    20    20    20.0    200  52092 |   10  3571    0.0383    0.0038    0.0002 |
    3.580    20    20    20.0    200  52292 |   10  3581    0.0378    0.0038    0.0002 |
    3.590    20    20    20.0    200  52492 |   10  3591    0.0376    0.0038    0.0002 |
    3.600    20    20    20.0    200  52692 |   10  3601    0.0370    0.0037    0.0002 |
    3.610    20    20    20.0    200  52892 |   10  3611    0.0374    0.0037    0.0002 |
    3.620    20    20    20.0    200  53092 |   10  3621    0.0380    0.0038    0.0002 |
    3.630    20    20    20.0    200  53292 |   10  3631    0.0369    0.0037    0.0002 |
    3.640    20    20    20.0    200  53492 |   10  3641    0.0378    0.0038    0.0002 |
    3.650    20    20    20.0    200  53692 |   10  3651    0.0381    0.0038    0.0002 |
    3.660    20    20    20.0    200  53892 |   10  3661    0.0386    0.0039    0.0002 |
    3.670    19    20    19.9    199  54091 |   10  3671    0.0376    0.0038    0.0002 |
    3.680    19    19    19.0    190  54281 |   10  3681    0.0338    0.0034    0.0002 |
    3.690    18    19    18.5    185  54466 |   10  3691    0.0343    0.0034    0.0002 |
    3.700    18    18    18.0    180  54646 |   10  3701    0.0346    0.0035    0.0002 |
    3.710    18    18    18.0    180  54826 |   10  3711    0.0345    0.0034    0.0002 |
    3.720    18    18    18.0    180  55006 |   10  3721    0.0348    0.0035    0.0002 |
    3.730    18    18    18.0    180  55186 |   10  3731    0.0384    0.0038    0.0002 |
    3.740    18    18    18.0    180  55366 |   10  3741    0.0363    0.0036    0.0002 |
    3.750    18    18    18.0    180  55546 |   10  3751    0.0355    0.0035    0.0002 |
    3.760    18    18    18.0    180  55726 |   10  3761    0.0346    0.0035    0.0002 |
    3.770    18    18    18.0    180  55906 |   10  3771    0.0342    0.0034    0.0002 |
    3.780    18    18    18.0    180  56086 |   10  3781    0.0384    0.0038    0.0002 |
    3.790    18    18    18.0    180  56266 |   10  3791    0.0357    0.0036    0.0002 |
    3.800    18    18    18.0    180  56446 |   10  3801    0.0357    0.0036    0.0002 |
    3.810    18    18    18.0    180  56626 |   10  3811    0.0339    0.0034    0.0002 |
    3.820    18    18    18.0    180  56806 |   10  3821    0.0347    0.0035    0.0002 |
    3.830    18    18    18.0    180  56986 |   10  3831    0.0367    0.0037    0.0002 |
    3.840    18    18    18.0    180  57166 |   10  3841    0.0382    0.0038    0.0002 |
    3.850    18    18    18.0    180  57346 |   10  3851    0.0346    0.0035    0.0002 |
    3.860    18    18    18.0    180  57526 |   10  3861    0.0354    0.0035    0.0002 |
    3.870    18    18    18.0    180  57706 |   10  3871    0.0340    0.0034    0.0002 |
    3.880    18    18    18.0    180  57886 |   10  3881    0.0367    0.0037    0.0002 |
    3.890    18    18    18.0    180  58066 |   10  3891    0.0377    0.0038    0.0002 |
    3.900    18    18    18.0    180  58246 |   10  3901    0.0358    0.0036    0.0002 |
    3.910    18    18    18.0    180  58426 |   10  3911    0.0346    0.0035    0.0002 |
    3.920    18    18    18.0    180  58606 |   10  3921    0.0344    0.0034    0.0002 |
    3.930    18    18    18.0    180  58786 |   10  3931    0.0362    0.0036    0.0002 |
    3.940    18    18    18.0    180  58966 |   10  3941    0.0346    0.0035    0.0002 |
    3.950    18    18    18.0    180  59146 |   10  3951    0.0347    0.0035    0.0002 |
    3.960    18    18    18.0    180  59326 |   10  3961    0.0341    0.0034    0.0002 |
    3.970    18    18    18.0    180  59506 |   10  3971    0.0333    0.0033    0.0002 |
    3.980    17    18    17.3    173  59679 |   10  3981    0.0327    0.0033    0.0002 |
    3.990    17    17    17.0    170  59849 |   10  3991    0.0334    0.0033    0.0002 |
    4.000    17    17    17.0    170  60019 |   10  4001    0.0321    0.0032    0.0002 |
    4.010    17    17    17.0    170  60189 |   10  4011    0.0335    0.0034    0.0002 |
    4.020    17    17    17.0    170  60359 |   10  4021    0.0312    0.0031    0.0002 |
    4.030    17    17    17.0    170  60529 |   10  4031    0.0323    0.0032    0.0002 |
    4.040    17    17    17.0    170  60699 |   10  4041    0.0369    0.0037    0.0002 |
    4.050    17    17    17.0    170  60869 |   10  4051    0.0337    0.0034    0.0002 |
    4.060    17    17    17.0    170  61039 |   10  4061    0.0349    0.0035    0.0002 |
    4.070    17    17    17.0    170  61209 |   10  4071    0.0317    0.0032    0.0002 |
    4.080    17    17    17.0    170  61379 |   10  4081    0.0320    0.0032    0.0002 |
    4.090    17    17    17.0    170  61549 |   10  4091    0.0337    0.0034    0.0002 |
    4.100    17    17    17.0    170  61719 |   10  4101    0.0369    0.0037    0.0002 |
    4.110    17    17    17.0    170  61889 |   10  4111    0.0333    0.0033    0.0002 |
    4.120    17    17    17.0    170  62059 |   10  4121    0.0314    0.0031    0.0002 |
    4.130    17    17    17.0    170  62229 |   10  4131    0.0329    0.0033    0.0002 |
    4.140    17    17    17.0    170  62399 |   10  4141    0.0336    0.0034    0.0002 |
    4.150    17    17    17.0    170  62569 |   10  4151    0.0339    0.0034    0.0002 |
    4.160    17    17    17.0    170  62739 |   10  4161    0.0336    0.0034    0.0002 |
    4.170    17    17    17.0    170  62909 |   10  4171    0.0345    0.0034    0.0002 |
    4.180    17    17    17.0    170  63079 |   10  4181    0.0326    0.0033    0.0002 |
    4.190    17    17    17.0    170  63249 |   10  4191    0.0317    0.0032    0.0002 |
    4.200    17    17    17.0    170  63419 |   10  4201    0.0367    0.0037    0.0002 |
    4.210    17    17    17.0    170  63589 |   10  4211    0.0351    0.0035    0.0002 |
    4.220    17    17    17.0    170  63759 |   10  4221    0.0336    0.0034    0.0002 |
    4.230    17    17    17.0    170  63929 |   10  4231    0.0327    0.0033    0.0002 |
    4.240    17    17    17.0    170  64099 |   10  4241    0.0323    0.0032    0.0002 |
    4.250    17    17    17.0    170  64269 |   10  4251    0.0341    0.0034    0.0002 |
    4.260    17    17    17.0    170  64439 |   10  4261    0.0376    0.0038    0.0002 |
    4.270    17    17    17.0    170  64609 |   10  4271    0.0330    0.0033    0.0002 |
    4.280    17    17    17.0    170  64779 |   10  4281    0.0328    0.0033    0.0002 |
    4.290    17    17    17.0    170  64949 |   10  4291    0.0323    0.0032    0.0002 |
    4.300    17    17    17.0    170  65119 |   10  4301    0.0339    0.0034    0.0002 |
    4.310    17    17    17.0    170  65289 |   10  4311    0.0341    0.0034    0.0002 |
    4.320    17    17    17.0    170  65459 |   10  4321    0.0333    0.0033    0.0002 |
    4.330    17    17    17.0    170  65629 |   10  4331    0.0339    0.0034    0.0002 |
    4.340    17    17    17.0    170  65799 |   10  4341    0.0324    0.0032    0.0002 |
    4.350    17    17    17.0    170  65969 |   10  4351    0.0320    0.0032    0.0002 |
    4.360    17    17    17.0    170  66139 |   10  4361    0.0347    0.0035    0.0002 |
    4.370    17    17    17.0    170  66309 |   10  4371    0.0338    0.0034    0.0002 |
    4.380    17    17    17.0    170  66479 |   10  4381    0.0328    0.0033    0.0002 |
    4.390    17    17    17.0    170  66649 |   10  4391    0.0319    0.0032    0.0002 |
    4.400    17    17    17.0    170  66819 |   10  4401    0.0320    0.0032    0.0002 |
    4.410    17    17    17.0    170  66989 |   10  4411    0.0334    0.0033    0.0002 |
    4.420    17    17    17.0    170  67159 |   10  4421    0.0351    0.0035    0.0002 |
    4.430    17    17    17.0    170  67329 |   10  4431    0.0333    0.0033    0.0002 |
    4.440    17    17    17.0    170  67499 |   10  4441    0.0344    0.0034    0.0002 |
    4.450    17    17    17.0    170  67669 |   10  4451    0.0332    0.0033    0.0002 |
    4.460    16    16    16.0    160  67829 |   10  4461    0.0323    0.0032    0.0002 |
    4.470    16    16    16.0    160  67989 |   10  4471    0.0322    0.0032    0.0002 |
    4.480    16    16    16.0    160  68149 |   10  4481    0.0334    0.0033    0.0002 |
    4.490    16    16    16.0    160  68309 |   10  4491    0.0328    0.0033    0.0002 |
    4.500    16    16    16.0    160  68469 |   10  4501    0.0312    0.0031    0.0002 |
    4.510    16    16    16.0    160  68629 |   10  4511    0.0310    0.0031    0.0002 |
    4.520    16    16    16.0    160  68789 |   10  4521    0.0321    0.0032    0.0002 |
    4.530    16    16    16.0    160  68949 |   10  4531    0.0342    0.0034    0.0002 |
    4.540    16    16    16.0    160  69109 |   10  4541    0.0304    0.0030    0.0002 |
    4.550    16    16    16.0    160  69269 |   10  4551    0.0317    0.0032    0.0002 |
    4.560    16    16    16.0    160  69429 |   10  4561    0.0306    0.0031    0.0002 |
    4.570    16    16    16.0    160  69589 |   10  4571    0.0315    0.0032    0.0002 |
    4.580    16    16    16.0    160  69749 |   10  4581    0.0342    0.0034    0.0002 |
    4.590    16    16    16.0    160  69909 |   10  4591    0.0329    0.0033    0.0002 |
    4.600    16    16    16.0    160  70069 |   10  4601    0.0304    0.0030    0.0002 |
    4.610    16    16    16.0    160  70229 |   10  4611    0.0305    0.0030    0.0002 |
    4.620    16    16    16.0    160  70389 |   10  4621    0.0317    0.0032    0.0002 |
    4.630    16    16    16.0    160  70549 |   10  4631    0.0343    0.0034    0.0002 |
    4.640    16    16    16.0    160  70709 |   10  4641    0.0340    0.0034    0.0002 |
    4.650    16    16    16.0    160  70869 |   10  4651    0.0280    0.0028    0.0002 |
    4.660    16    16    16.0    160  71029 |   10  4661    0.0320    0.0032    0.0002 |
    4.670    16    16    16.0    160  71189 |   10  4671    0.0304    0.0030    0.0002 |
    4.680    16    16    16.0    160  71349 |   10  4681    0.0317    0.0032    0.0002 |
    4.690    16    16    16.0    160  71509 |   10  4691    0.0327    0.0033    0.0002 |
    4.700    16    16    16.0    160  71669 |   10  4701    0.0333    0.0033    0.0002 |
    4.710    16    16    16.0    160  71829 |   10  4711    0.0318    0.0032    0.0002 |
    4.720    16    16    16.0    160  71989 |   10  4721    0.0306    0.0031    0.0002 |
    4.730    15    16    15.8    158  72147 |   10  4731    0.0309    0.0031    0.0002 |
    4.740    15    15    15.0    150  72297 |   10  4741    0.0300    0.0030    0.0002 |
    4.750    15    15    15.0    150  72447 |   10  4751    0.0302    0.0030    0.0002 |
    4.760    15    15    15.0    150  72597 |   10  4761    0.0288    0.0029    0.0002 |
    4.770    15    15    15.0    150  72747 |   10  4771    0.0303    0.0030    0.0002 |
    4.780    15    15    15.0    150  72897 |   10  4781    0.0304    0.0030    0.0002 |
    4.790    15    15    15.0    150  73047 |   10  4791    0.0294    0.0029    0.0002 |
    4.800    15    15    15.0    150  73197 |   10  4801    0.0288    0.0029    0.0002 |
    4.810    15    15    15.0    150  73347 |   10  4811    0.0312    0.0031    0.0002 |
    4.820    15    15    15.0    150  73497 |   10  4821    0.0316    0.0032    0.0002 |
    4.830    15    15    15.0    150  73647 |   10  4831    0.0286    0.0029    0.0002 |
    4.840    15    15    15.0    150  73797 |   10  4841    0.0296    0.0030    0.0002 |
    4.850    15    15    15.0    150  73947 |   10  4851    0.0254    0.0025    0.0002 |
    4.860    15    15    15.0    150  74097 |   10  4861    0.0310    0.0031    0.0002 |
    4.870    15    15    15.0    150  74247 |   10  4871    0.0312    0.0031    0.0002 |
    4.880    15    15    15.0    150  74397 |   10  4881    0.0304    0.0030    0.0002 |
    4.890    15    15    15.0    150  74547 |   10  4891    0.0291    0.0029    0.0002 |
    4.900    15    15    15.0    150  74697 |   10  4901    0.0279    0.0028    0.0002 |
    4.910    15    15    15.0    150  74847 |   10  4911    0.0285    0.0028    0.0002 |
    4.920    15    15    15.0    150  74997 |   10  4921    0.0291    0.0029    0.0002 |
    4.930    15    15    15.0    150  75147 |   10  4931    0.0310    0.0031    0.0002 |
    4.940    15    15    15.0    150  75297 |   10  4941    0.0316    0.0032    0.0002 |
    4.950    15    15    15.0    150  75447 |   10  4951    0.0297    0.0030    0.0002 |
    4.960    15    15    15.0    150  75597 |   10  4961    0.0290    0.0029    0.0002 |
    4.970    15    15    15.0    150  75747 |   10  4971    0.0296    0.0030    0.0002 |
    4.980    15    15    15.0    150  75897 |   10  4981    0.0303    0.0030    0.0002 |
    4.990    15    15    15.0    150  76047 |   10  4991    0.0311    0.0031    0.0002 |
    5.000    15    15    15.0    150  76197 |   10  5001    0.0316    0.0032    0.0002 |
    5.010    15    15    15.0    150  76347 |   10  5011    0.0299    0.0030    0.0002 |
    5.020    15    15    15.0    150  76497 |   10  5021    0.0280    0.0028    0.0002 |
    5.030    15    15    15.0    150  76647 |   10  5031    0.0293    0.0029    0.0002 |
    5.040    15    15    15.0    150  76797 |   10  5041    0.0294    0.0029    0.0002 |
    5.050    15    15    15.0    150  76947 |   10  5051    0.0321    0.0032    0.0002 |
    5.060    15    15    15.0    150  77097 |   10  5061    0.0310    0.0031    0.0002 |
    5.070    15    15    15.0    150  77247 |   10  5071    0.0288    0.0029    0.0002 |
    5.080    15    15    15.0    150  77397 |   10  5081    0.0280    0.0028    0.0002 |
    5.090    15    15    15.0    150  77547 |   10  5091    0.0293    0.0029    0.0002 |
    5.100    15    15    15.0    150  77697 |   10  5101    0.0286    0.0029    0.0002 |
    5.110    15    15    15.0    150  77847 |   10  5111    0.0303    0.0030    0.0002 |
    5.120    15    15    15.0    150  77997 |   10  5121    0.0282    0.0028    0.0002 |
    5.130    15    15    15.0    150  78147 |   10  5131    0.0291    0.0029    0.0002 |
    5.140    15    15    15.0    150  78297 |   10  5141    0.0284    0.0028    0.0002 |
    5.150    15    15    15.0    150  78447 |   10  5151    0.0287    0.0029    0.0002 |
    5.160    15    15    15.0    150  78597 |   10  5161    0.0283    0.0028    0.0002 |
    5.170    15    15    15.0    150  78747 |   10  5171    0.0280    0.0028    0.0002 |
    5.180    15    15    15.0    150  78897 |   10  5181    0.0287    0.0029    0.0002 |
    5.190    14    15    14.6    146  79043 |   10  5191    0.0281    0.0028    0.0002 |
    5.200    14    14    14.0    140  79183 |   10  5201    0.0281    0.0028    0.0002 |
    5.210    14    14    14.0    140  79323 |   10  5211    0.0279    0.0028    0.0002 |
    5.220    14    14    14.0    140  79463 |   10  5221    0.0257    0.0026    0.0002 |
    5.230    14    14    14.0    140  79603 |   10  5231    0.0274    0.0027    0.0002 |
    5.240    14    14    14.0    140  79743 |   10  5241    0.0254    0.0025    0.0002 |
    5.250    14    14    14.0    140  79883 |   10  5251    0.0271    0.0027    0.0002 |
    5.260    14    14    14.0    140  80023 |   10  5261    0.0280    0.0028    0.0002 |
    5.270    14    14    14.0    140  80163 |   10  5271    0.0288    0.0029    0.0002 |
    5.280    14    14    14.0    140  80303 |   10  5281    0.0275    0.0027    0.0002 |
    5.290    14    14    14.0    140  80443 |   10  5291    0.0267    0.0027    0.0002 |
    5.300    14    14    14.0    140  80583 |   10  5301    0.0260    0.0026    0.0002 |
    5.310    14    14    14.0    140  80723 |   10  5311    0.0265    0.0027    0.0002 |
    5.320    14    14    14.0    140  80863 |   10  5321    0.0272    0.0027    0.0002 |
    5.330    14    14    14.0    140  81003 |   10  5331    0.0281    0.0028    0.0002 |
    5.340    14    14    14.0    140  81143 |   10  5341    0.0264    0.0026    0.0002 |
    5.350    14    14    14.0    140  81283 |   10  5351    0.0278    0.0028    0.0002 |
    5.360    14    14    14.0    140  81423 |   10  5361    0.0273    0.0027    0.0002 |
    5.370    14    14    14.0    140  81563 |   10  5371    0.0265    0.0026    0.0002 |
    5.380    14    14    14.0    140  81703 |   10  5381    0.0271    0.0027    0.0002 |
    5.390    14    14    14.0    140  81843 |   10  5391    0.0277    0.0028    0.0002 |
    5.400    14    14    14.0    140  81983 |   10  5401    0.0264    0.0026    0.0002 |
    5.410    14    14    14.0    140  82123 |   10  5411    0.0282    0.0028    0.0002 |
    5.420    14    14    14.0    140  82263 |   10  5421    0.0270    0.0027    0.0002 |
    5.430    14    14    14.0    140  82403 |   10  5431    0.0268    0.0027    0.0002 |
    5.440    14    14    14.0    140  82543 |   10  5441    0.0257    0.0026    0.0002 |
    5.450    14    14    14.0    140  82683 |   10  5451    0.0258    0.0026    0.0002 |
    5.460    14    14    14.0    140  82823 |   10  5461    0.0269    0.0027    0.0002 |
    5.470    14    14    14.0    140  82963 |   10  5471    0.0272    0.0027    0.0002 |
    5.480    14    14    14.0    140  83103 |   10  5481    0.0268    0.0027    0.0002 |
    5.490    14    14    14.0    140  83243 |   10  5491    0.0254    0.0025    0.0002 |
    5.500    14    14    14.0    140  83383 |   10  5501    0.0277    0.0028    0.0002 |
    5.510    14    14    14.0    140  83523 |   10  5511    0.0281    0.0028    0.0002 |
    5.520    14    14    14.0    140  83663 |   10  5521    0.0272    0.0027    0.0002 |
    5.530    14    14    14.0    140  83803 |   10  5531    0.0274    0.0027    0.0002 |
    5.540    14    14    14.0    140  83943 |   10  5541    0.0270    0.0027    0.0002 |
    5.550    14    14    14.0    140  84083 |   10  5551    0.0265    0.0026    0.0002 |
    5.560    14    14    14.0    140  84223 |   10  5561    0.0269    0.0027    0.0002 |
    5.570    14    14    14.0    140  84363 |   10  5571    0.0273    0.0027    0.0002 |
    5.580    14    14    14.0    140  84503 |   10  5581    0.0253    0.0025    0.0002 |
    5.590    14    14    14.0    140  84643 |   10  5591    0.0275    0.0027    0.0002 |
    5.600    14    14    14.0    140  84783 |   10  5601    0.0285    0.0028    0.0002 |
    5.610    14    14    14.0    140  84923 |   10  5611    0.0273    0.0027    0.0002 |
    5.620    14    14    14.0    140  85063 |   10  5621    0.0253    0.0025    0.0002 |
    5.630    14    14    14.0    140  85203 |   10  5631    0.0272    0.0027    0.0002 |
    5.640    14    14    14.0    140  85343 |   10  5641    0.0278    0.0028    0.0002 |
    5.650    14    14    14.0    140  85483 |   10  5651    0.0264    0.0026    0.0002 |
    5.660    14    14    14.0    140  85623 |   10  5661    0.0261    0.0026    0.0002 |
    5.670    14    14    14.0    140  85763 |   10  5671    0.0262    0.0026    0.0002 |
    5.680    13    14    13.4    134  85897 |   10  5681    0.0272    0.0027    0.0002 |
    5.690    13    13    13.0    130  86027 |   10  5691    0.0252    0.0025    0.0002 |
    5.700    13    13    13.0    130  86157 |   10  5701    0.0260    0.0026    0.0002 |
    5.710    13    13    13.0    130  86287 |   10  5711    0.0260    0.0026    0.0002 |
    5.720    13    13    13.0    130  86417 |   10  5721    0.0264    0.0026    0.0002 |
    5.730    13    13    13.0    130  86547 |   10  5731    0.0265    0.0026    0.0002 |
    5.740    12    13    12.5    125  86672 |   10  5741    0.0238    0.0024    0.0002 |
    5.750    12    12    12.0    120  86792 |   10  5751    0.0231    0.0023    0.0002 |
    5.760    12    12    12.0    120  86912 |   10  5761    0.0245    0.0025    0.0002 |
    5.770    12    12    12.0    120  87032 |   10  5771    0.0229    0.0023    0.0002 |
    5.780    12    12    12.0    120  87152 |   10  5781    0.0239    0.0024    0.0002 |
    5.790    12    12    12.0    120  87272 |   10  5791    0.0255    0.0025    0.0002 |
    5.800    12    12    12.0    120  87392 |   10  5801    0.0246    0.0025    0.0002 |
    5.810    12    12    12.0    120  87512 |   10  5811    0.0251    0.0025    0.0002 |
    5.820    12    12    12.0    120  87632 |   10  5821    0.0236    0.0024    0.0002 |
    5.830    11    12    11.5    115  87747 |   10  5831    0.0232    0.0023    0.0002 |
    5.840    11    12    11.1    111  87858 |   10  5841    0.0231    0.0023    0.0002 |
    5.850    11    11    11.0    110  87968 |   10  5851    0.0219    0.0022    0.0002 |
    5.860    11    11    11.0    110  88078 |   10  5861    0.0226    0.0023    0.0002 |
    5.870    11    11    11.0    110  88188 |   10  5871    0.0227    0.0023    0.0002 |
    5.880    11    11    11.0    110  88298 |   10  5881    0.0229    0.0023    0.0002 |
    5.890    11    11    11.0    110  88408 |   10  5891    0.0228    0.0023    0.0002 |
    5.900    11    11    11.0    110  88518 |   10  5901    0.0230    0.0023    0.0002 |
    5.910    11    11    11.0    110  88628 |   10  5911    0.0224    0.0022    0.0002 |
    5.920    11    11    11.0    110  88738 |   10  5921    0.0211    0.0021    0.0002 |
    5.930    11    11    11.0    110  88848 |   10  5931    0.0221    0.0022    0.0002 |
    5.940    11    11    11.0    110  88958 |   10  5941    0.0218    0.0022    0.0002 |
    5.950    11    11    11.0    110  89068 |   10  5951    0.0224    0.0022    0.0002 |
    5.960    11    11    11.0    110  89178 |   10  5961    0.0231    0.0023    0.0002 |
    5.970    11    11    11.0    110  89288 |   10  5971    0.0225    0.0023    0.0002 |
    5.980    11    11    11.0    110  89398 |   10  5981    0.0225    0.0023    0.0002 |
    5.990    11    11    11.0    110  89508 |   10  5991    0.0216    0.0022    0.0002 |
    6.000    11    11    11.0    110  89618 |   10  6001    0.0236    0.0024    0.0002 |
    6.010    11    11    11.0    110  89728 |   10  6011    0.0228    0.0023    0.0002 |
    6.020    11    11    11.0    110  89838 |   10  6021    0.0213    0.0021    0.0002 |
    6.030    11    11    11.0    110  89948 |   10  6031    0.0215    0.0021    0.0002 |
    6.040    11    11    11.0    110  90058 |   10  6041    0.0223    0.0022    0.0002 |
    6.050    11    11    11.0    110  90168 |   10  6051    0.0230    0.0023    0.0002 |
    6.060    11    11    11.0    110  90278 |   10  6061    0.0230    0.0023    0.0002 |
    6.070    11    11    11.0    110  90388 |   10  6071    0.0217    0.0022    0.0002 |
    6.080    11    11    11.0    110  90498 |   10  6081    0.0224    0.0022    0.0002 |
    6.090    11    11    11.0    110  90608 |   10  6091    0.0221    0.0022    0.0002 |
    6.100    11    11    11.0    110  90718 |   10  6101    0.0221    0.0022    0.0002 |
    6.110    11    11    11.0    110  90828 |   10  6111    0.0224    0.0022    0.0002 |
    6.120    11    11    11.0    110  90938 |   10  6121    0.0228    0.0023    0.0002 |
    6.130    11    11    11.0    110  91048 |   10  6131    0.0222    0.0022    0.0002 |
    6.140    11    11    11.0    110  91158 |   10  6141    0.0221    0.0022    0.0002 |
    6.150    11    11    11.0    110  91268 |   10  6151    0.0227    0.0023    0.0002 |
    6.160    11    11    11.0    110  91378 |   10  6161    0.0208    0.0021    0.0002 |
    6.170    11    11    11.0    110  91488 |   10  6171    0.0212    0.0021    0.0002 |
    6.180    11    11    11.0    110  91598 |   10  6181    0.0220    0.0022    0.0002 |
    6.190    11    11    11.0    110  91708 |   10  6191    0.0227    0.0023    0.0002 |
    6.200    11    11    11.0    110  91818 |   10  6201    0.0224    0.0022    0.0002 |
    6.210    11    11    11.0    110  91928 |   10  6211    0.0236    0.0024    0.0002 |
    6.220    11    11    11.0    110  92038 |   10  6221    0.0215    0.0021    0.0002 |
    6.230    11    11    11.0    110  92148 |   10  6231    0.0224    0.0022    0.0002 |
    6.240    11    11    11.0    110  92258 |   10  6241    0.0220    0.0022    0.0002 |
    6.250    11    11    11.0    110  92368 |   10  6251    0.0225    0.0023    0.0002 |
    6.260    11    11    11.0    110  92478 |   10  6261    0.0229    0.0023    0.0002 |
    6.270    11    11    11.0    110  92588 |   10  6271    0.0225    0.0022    0.0002 |
    6.280    11    11    11.0    110  92698 |   10  6281    0.0216    0.0022    0.0002 |
    6.290    11    11    11.0    110  92808 |   10  6291    0.0225    0.0022    0.0002 |
    6.300    11    11    11.0    110  92918 |   10  6301    0.0229    0.0023    0.0002 |
    6.310    11    11    11.0    110  93028 |   10  6311    0.0221    0.0022    0.0002 |
    6.320    11    11    11.0    110  93138 |   10  6321    0.0220    0.0022    0.0002 |
    6.330    11    11    11.0    110  93248 |   10  6331    0.0231    0.0023    0.0002 |
    6.340    11    11    11.0    110  93358 |   10  6341    0.0227    0.0023    0.0002 |
    6.350    11    11    11.0    110  93468 |   10  6351    0.0222    0.0022    0.0002 |
    6.360    11    11    11.0    110  93578 |   10  6361    0.0214    0.0021    0.0002 |
    6.370    11    11    11.0    110  93688 |   10  6371    0.0228    0.0023    0.0002 |
    6.380    11    11    11.0    110  93798 |   10  6381    0.0251    0.0025    0.0002 |
    6.390    11    11    11.0    110  93908 |   10  6391    0.0247    0.0025    0.0002 |
    6.400    11    11    11.0    110  94018 |   10  6401    0.0237    0.0024    0.0002 |
    6.410    11    11    11.0    110  94128 |   10  6411    0.0243    0.0024    0.0002 |
    6.420    11    11    11.0    110  94238 |   10  6421    0.0223    0.0022    0.0002 |
    6.430    11    11    11.0    110  94348 |   10  6431    0.0227    0.0023    0.0002 |
    6.440    11    11    11.0    110  94458 |   10  6441    0.0225    0.0022    0.0002 |
    6.450    11    11    11.0    110  94568 |   10  6451    0.0248    0.0025    0.0002 |
    6.460    11    11    11.0    110  94678 |   10  6461    0.0241    0.0024    0.0002 |
    6.470    11    11    11.0    110  94788 |   10  6471    0.0247    0.0025    0.0002 |
    6.480    11    11    11.0    110  94898 |   10  6481    0.0234    0.0023    0.0002 |
    6.490    11    11    11.0    110  95008 |   10  6491    0.0227    0.0023    0.0002 |
    6.500    11    11    11.0    110  95118 |   10  6501    0.0223    0.0022    0.0002 |
    6.510    10    11    10.9    109  95227 |   10  6511    0.0219    0.0022    0.0002 |
    6.520    10    10    10.0    100  95327 |   10  6521    0.0218    0.0022    0.0002 |
    6.530    10    10    10.0    100  95427 |   10  6531    0.0208    0.0021    0.0002 |
    6.540    10    10    10.0    100  95527 |   10  6541    0.0210    0.0021    0.0002 |
    6.550    10    10    10.0    100  95627 |   10  6551    0.0226    0.0023    0.0002 |
    6.560    10    10    10.0    100  95727 |   10  6561    0.0222    0.0022    0.0002 |
    6.570    10    10    10.0    100  95827 |   10  6571    0.0205    0.0020    0.0002 |
    6.580    10    10    10.0    100  95927 |   10  6581    0.0208    0.0021    0.0002 |
    6.590    10    10    10.0    100  96027 |   10  6591    0.0210    0.0021    0.0002 |
    6.600    10    10    10.0    100  96127 |   10  6601    0.0195    0.0020    0.0002 |
    6.610    10    10    10.0    100  96227 |   10  6611    0.0237    0.0024    0.0002 |
    6.620    10    10    10.0    100  96327 |   10  6621    0.0228    0.0023    0.0002 |
    6.630    10    10    10.0    100  96427 |   10  6631    0.0224    0.0022    0.0002 |
    6.640    10    10    10.0    100  96527 |   10  6641    0.0211    0.0021    0.0002 |
    6.650    10    10    10.0    100  96627 |   10  6651    0.0202    0.0020    0.0002 |
    6.660    10    10    10.0    100  96727 |   10  6661    0.0195    0.0020    0.0002 |
    6.670    10    10    10.0    100  96827 |   10  6671    0.0200    0.0020    0.0002 |
    6.680    10    10    10.0    100  96927 |   10  6681    0.0205    0.0020    0.0002 |
    6.690    10    10    10.0    100  97027 |   10  6691    0.0219    0.0022    0.0002 |
    6.700    10    10    10.0    100  97127 |   10  6701    0.0224    0.0022    0.0002 |
    6.710    10    10    10.0    100  97227 |   10  6711    0.0226    0.0023    0.0002 |
    6.720    10    10    10.0    100  97327 |   10  6721    0.0184    0.0018    0.0002 |
    6.730    10    10    10.0    100  97427 |   10  6731    0.0207    0.0021    0.0002 |
    6.740    10    10    10.0    100  97527 |   10  6741    0.0200    0.0020    0.0002 |
    6.750    10    10    10.0    100  97627 |   10  6751    0.0198    0.0020    0.0002 |
    6.760    10    10    10.0    100  97727 |   10  6761    0.0206    0.0021    0.0002 |
    6.770    10    10    10.0    100  97827 |   10  6771    0.0230    0.0023    0.0002 |
    6.780    10    10    10.0    100  97927 |   10  6781    0.0225    0.0022    0.0002 |
    6.790    10    10    10.0    100  98027 |   10  6791    0.0229    0.0023    0.0002 |
    6.800    10    10    10.0    100  98127 |   10  6801    0.0202    0.0020    0.0002 |
    6.810    10    10    10.0    100  98227 |   10  6811    0.0214    0.0021    0.0002 |
    6.820    10    10    10.0    100  98327 |   10  6821    0.0207    0.0021    0.0002 |
    6.830    10    10    10.0    100  98427 |   10  6831    0.0218    0.0022    0.0002 |
    6.840    10    10    10.0    100  98527 |   10  6841    0.0212    0.0021    0.0002 |
    6.850    10    10    10.0    100  98627 |   10  6851    0.0225    0.0022    0.0002 |
    6.860    10    10    10.0    100  98727 |   10  6861    0.0216    0.0022    0.0002 |
    6.870    10    10    10.0    100  98827 |   10  6871    0.0215    0.0021    0.0002 |
    6.880    10    10    10.0    100  98927 |   10  6881    0.0208    0.0021    0.0002 |
    6.890     9    10     9.5     95  99022 |   10  6891    0.0210    0.0021    0.0002 |
    6.900     9     9     9.0     90  99112 |   10  6901    0.0185    0.0018    0.0002 |
    6.910     9     9     9.0     90  99202 |   10  6911    0.0188    0.0019    0.0002 |
    6.920     9     9     9.0     90  99292 |   10  6921    0.0182    0.0018    0.0002 |
    6.930     9     9     9.0     90  99382 |   10  6931    0.0179    0.0018    0.0002 |
    6.940     9     9     9.0     90  99472 |   10  6941    0.0204    0.0020    0.0002 |
    6.950     9     9     9.0     90  99562 |   10  6951    0.0195    0.0019    0.0002 |
    6.960     9     9     9.0     90  99652 |   10  6961    0.0209    0.0021    0.0002 |
    6.970     9     9     9.0     90  99742 |   10  6971    0.0191    0.0019    0.0002 |
    6.980     9     9     9.0     90  99832 |   10  6981    0.0191    0.0019    0.0002 |
    6.990     9     9     9.0     90  99922 |   10  6991    0.0179    0.0018    0.0002 |
    7.000     9     9     9.0     90 100012 |   10  7001    0.0187    0.0019    0.0002 |
    7.010     9     9     9.0     90 100102 |   10  7011    0.0185    0.0018    0.0002 |
    7.020     9     9     9.0     90 100192 |   10  7021    0.0207    0.0021    0.0002 |
    7.030     9     9     9.0     90 100282 |   10  7031    0.0197    0.0020    0.0002 |
    7.040     9     9     9.0     90 100372 |   10  7041    0.0201    0.0020    0.0002 |
    7.050     9     9     9.0     90 100462 |   10  7051    0.0209    0.0021    0.0002 |
    7.060     9     9     9.0     90 100552 |   10  7061    0.0204    0.0020    0.0002 |
    7.070     9     9     9.0     90 100642 |   10  7071    0.0190    0.0019    0.0002 |
    7.080     9     9     9.0     90 100732 |   10  7081    0.0197    0.0020    0.0002 |
    7.090     9     9     9.0     90 100822 |   10  7091    0.0187    0.0019    0.0002 |
    7.100     9     9     9.0     90 100912 |   10  7101    0.0185    0.0018    0.0002 |
    7.110     9     9     9.0     90 101002 |   10  7111    0.0211    0.0021    0.0002 |
    7.120     9     9     9.0     90 101092 |   10  7121    0.0209    0.0021    0.0002 |
    7.130     9     9     9.0     90 101182 |   10  7131    0.0217    0.0022    0.0002 |
    7.140     9     9     9.0     90 101272 |   10  7141    0.0200    0.0020    0.0002 |
    7.150     9     9     9.0     90 101362 |   10  7151    0.0217    0.0022    0.0002 |
    7.160     9     9     9.0     90 101452 |   10  7161    0.0200    0.0020    0.0002 |
    7.170     9     9     9.0     90 101542 |   10  7171    0.0205    0.0020    0.0002 |
    7.180     9     9     9.0     90 101632 |   10  7181    0.0197    0.0020    0.0002 |
    7.190     9     9     9.0     90 101722 |   10  7191    0.0208    0.0021    0.0002 |
    7.200     8     9     8.9     89 101811 |   10  7201    0.0199    0.0020    0.0002 |
    7.210     8     9     8.1     81 101892 |   10  7211    0.0187    0.0019    0.0002 |
    7.220     8     8     8.0     80 101972 |   10  7221    0.0190    0.0019    0.0002 |
    7.230     8     8     8.0     80 102052 |   10  7231    0.0182    0.0018    0.0002 |
    7.240     8     8     8.0     80 102132 |   10  7241    0.0181    0.0018    0.0002 |
    7.250     8     8     8.0     80 102212 |   10  7251    0.0179    0.0018    0.0002 |
    7.260     8     8     8.0     80 102292 |   10  7261    0.0179    0.0018    0.0002 |
    7.270     8     8     8.0     80 102372 |   10  7271    0.0176    0.0018    0.0002 |
    7.280     8     8     8.0     80 102452 |   10  7281    0.0204    0.0020    0.0003 |
    7.290     8     8     8.0     80 102532 |   10  7291    0.0187    0.0019    0.0002 |
    7.300     8     8     8.0     80 102612 |   10  7301    0.0199    0.0020    0.0002 |
    7.310     8     8     8.0     80 102692 |   10  7311    0.0187    0.0019    0.0002 |
    7.320     8     8     8.0     80 102772 |   10  7321    0.0178    0.0018    0.0002 |
    7.330     8     8     8.0     80 102852 |   10  7331    0.0192    0.0019    0.0002 |
    7.340     8     8     8.0     80 102932 |   10  7341    0.0176    0.0018    0.0002 |
    7.350     8     8     8.0     80 103012 |   10  7351    0.0178    0.0018    0.0002 |
    7.360     8     8     8.0     80 103092 |   10  7361    0.0179    0.0018    0.0002 |
    7.370     8     8     8.0     80 103172 |   10  7371    0.0182    0.0018    0.0002 |
    7.380     8     8     8.0     80 103252 |   10  7381    0.0187    0.0019    0.0002 |
    7.390     8     8     8.0     80 103332 |   10  7391    0.0192    0.0019    0.0002 |
    7.400     8     8     8.0     80 103412 |   10  7401    0.0173    0.0017    0.0002 |
    7.410     8     8     8.0     80 103492 |   10  7411    0.0170    0.0017    0.0002 |
    7.420     8     8     8.0     80 103572 |   10  7421    0.0180    0.0018    0.0002 |
    7.430     8     8     8.0     80 103652 |   10  7431    0.0161    0.0016    0.0002 |
    7.440     8     8     8.0     80 103732 |   10  7441    0.0174    0.0017    0.0002 |
    7.450     8     8     8.0     80 103812 |   10  7451    0.0166    0.0017    0.0002 |
    7.460     8     8     8.0     80 103892 |   10  7461    0.0166    0.0017    0.0002 |
    7.470     8     8     8.0     80 103972 |   10  7471    0.0179    0.0018    0.0002 |
    7.480     8     8     8.0     80 104052 |   10  7481    0.0200    0.0020    0.0002 |
    7.490     8     8     8.0     80 104132 |   10  7491    0.0173    0.0017    0.0002 |
    7.500     8     8     8.0     80 104212 |   10  7501    0.0173    0.0017    0.0002 |
    7.510     8     8     8.0     80 104292 |   10  7511    0.0164    0.0016    0.0002 |
    7.520     8     8     8.0     80 104372 |   10  7521    0.0179    0.0018    0.0002 |
    7.530     8     8     8.0     80 104452 |   10  7531    0.0166    0.0017    0.0002 |
    7.540     8     8     8.0     80 104532 |   10  7541    0.0178    0.0018    0.0002 |
    7.550     8     8     8.0     80 104612 |   10  7551    0.0167    0.0017    0.0002 |
    7.560     8     8     8.0     80 104692 |   10  7561    0.0165    0.0017    0.0002 |
    7.570     8     8     8.0     80 104772 |   10  7571    0.0190    0.0019    0.0002 |
    7.580     8     8     8.0     80 104852 |   10  7581    0.0198    0.0020    0.0002 |
    7.590     8     8     8.0     80 104932 |   10  7591    0.0186    0.0019    0.0002 |
    7.600     8     8     8.0     80 105012 |   10  7601    0.0170    0.0017    0.0002 |
    7.610     8     8     8.0     80 105092 |   10  7611    0.0182    0.0018    0.0002 |
    7.620     8     8     8.0     80 105172 |   10  7621    0.0177    0.0018    0.0002 |
    7.630     8     8     8.0     80 105252 |   10  7631    0.0172    0.0017    0.0002 |
    7.640     8     8     8.0     80 105332 |   10  7641    0.0174    0.0017    0.0002 |
    7.650     8     8     8.0     80 105412 |   10  7651    0.0173    0.0017    0.0002 |
    7.660     8     8     8.0     80 105492 |   10  7661    0.0185    0.0018    0.0002 |
    7.670     8     8     8.0     80 105572 |   10  7671    0.0195    0.0020    0.0002 |
    7.680     8     8     8.0     80 105652 |   10  7681    0.0186    0.0019    0.0002 |
    7.690     8     8     8.0     80 105732 |   10  7691    0.0190    0.0019    0.0002 |
    7.700     8     8     8.0     80 105812 |   10  7701    0.0175    0.0017    0.0002 |
    7.710     8     8     8.0     80 105892 |   10  7711    0.0187    0.0019    0.0002 |
    7.720     8     8     8.0     80 105972 |   10  7721    0.0169    0.0017    0.0002 |
    7.730     8     8     8.0     80 106052 |   10  7731    0.0168    0.0017    0.0002 |
    7.740     8     8     8.0     80 106132 |   10  7741    0.0173    0.0017    0.0002 |
    7.750     8     8     8.0     80 106212 |   10  7751    0.0169    0.0017    0.0002 |
    7.760     8     8     8.0     80 106292 |   10  7761    0.0198    0.0020    0.0002 |
    7.770     8     8     8.0     80 106372 |   10  7771    0.0190    0.0019    0.0002 |
    7.780     8     8     8.0     80 106452 |   10  7781    0.0191    0.0019    0.0002 |
    7.790     7     8     7.3     73 106525 |   10  7791    0.0169    0.0017    0.0002 |
    7.800     7     8     7.3     73 106598 |   10  7801    0.0174    0.0017    0.0002 |
    7.810     7     7     7.0     70 106668 |   10  7811    0.0166    0.0017    0.0002 |
    7.820     7     7     7.0     70 106738 |   10  7821    0.0152    0.0015    0.0002 |
    7.830     7     7     7.0     70 106808 |   10  7831    0.0150    0.0015    0.0002 |
    7.840     7     7     7.0     70 106878 |   10  7841    0.0154    0.0015    0.0002 |
    7.850     7     7     7.0     70 106948 |   10  7851    0.0154    0.0015    0.0002 |
    7.860     7     7     7.0     70 107018 |   10  7861    0.0158    0.0016    0.0002 |
    7.870     7     7     7.0     70 107088 |   10  7871    0.0175    0.0017    0.0002 |
    7.880     7     7     7.0     70 107158 |   10  7881    0.0172    0.0017    0.0002 |
    7.890     7     7     7.0     70 107228 |   10  7891    0.0148    0.0015    0.0002 |
    7.900     7     7     7.0     70 107298 |   10  7901    0.0163    0.0016    0.0002 |
    7.910     7     7     7.0     70 107368 |   10  7911    0.0158    0.0016    0.0002 |
    7.920     7     7     7.0     70 107438 |   10  7921    0.0150    0.0015    0.0002 |
    7.930     7     7     7.0     70 107508 |   10  7931    0.0153    0.0015    0.0002 |
    7.940     7     7     7.0     70 107578 |   10  7941    0.0155    0.0015    0.0002 |
    7.950     7     7     7.0     70 107648 |   10  7951    0.0156    0.0016    0.0002 |
    7.960     7     7     7.0     70 107718 |   10  7961    0.0173    0.0017    0.0002 |
    7.970     7     7     7.0     70 107788 |   10  7971    0.0171    0.0017    0.0002 |
    7.980     7     7     7.0     70 107858 |   10  7981    0.0172    0.0017    0.0002 |
    7.990     7     7     7.0     70 107928 |   10  7991    0.0151    0.0015    0.0002 |
    8.000     7     7     7.0     70 107998 |   10  8001    0.0147    0.0015    0.0002 |
    8.010     7     7     7.0     70 108068 |   10  8011    0.0166    0.0017    0.0002 |
    8.020     7     7     7.0     70 108138 |   10  8021    0.0144    0.0014    0.0002 |
    8.030     7     7     7.0     70 108208 |   10  8031    0.0135    0.0014    0.0002 |
    8.040     7     7     7.0     70 108278 |   10  8041    0.0155    0.0015    0.0002 |
    8.050     7     7     7.0     70 108348 |   10  8051    0.0153    0.0015    0.0002 |
    8.060     7     7     7.0     70 108418 |   10  8061    0.0171    0.0017    0.0002 |
    8.070     7     7     7.0     70 108488 |   10  8071    0.0153    0.0015    0.0002 |
    8.080     7     7     7.0     70 108558 |   10  8081    0.0180    0.0018    0.0003 |
    8.090     7     7     7.0     70 108628 |   10  8091    0.0179    0.0018    0.0003 |
    8.100     7     7     7.0     70 108698 |   10  8101    0.0152    0.0015    0.0002 |
    8.110     7     7     7.0     70 108768 |   10  8111    0.0171    0.0017    0.0002 |
    8.120     7     7     7.0     70 108838 |   10  8121    0.0151    0.0015    0.0002 |
    8.130     6     7     6.6     66 108904 |   10  8131    0.0152    0.0015    0.0002 |
    8.140     6     6     6.0     60 108964 |   10  8141    0.0137    0.0014    0.0002 |
    8.150     6     6     6.0     60 109024 |   10  8151    0.0138    0.0014    0.0002 |
    8.160     6     6     6.0     60 109084 |   10  8161    0.0144    0.0014    0.0002 |
    8.170     6     6     6.0     60 109144 |   10  8171    0.0148    0.0015    0.0002 |
    8.180     6     6     6.0     60 109204 |   10  8181    0.0166    0.0017    0.0003 |
    8.190     6     6     6.0     60 109264 |   10  8191    0.0127    0.0013    0.0002 |
    8.200     6     6     6.0     60 109324 |   10  8201    0.0149    0.0015    0.0002 |
    8.210     6     6     6.0     60 109384 |   10  8211    0.0134    0.0013    0.0002 |
    8.220     6     6     6.0     60 109444 |   10  8221    0.0149    0.0015    0.0002 |
    8.230     6     6     6.0     60 109504 |   10  8231    0.0139    0.0014    0.0002 |
    8.240     6     6     6.0     60 109564 |   10  8241    0.0138    0.0014    0.0002 |
    8.250     6     6     6.0     60 109624 |   10  8251    0.0136    0.0014    0.0002 |
    8.260     6     6     6.0     60 109684 |   10  8261    0.0144    0.0014    0.0002 |
    8.270     6     6     6.0     60 109744 |   10  8271    0.0137    0.0014    0.0002 |
    8.280     6     6     6.0     60 109804 |   10  8281    0.0150    0.0015    0.0003 |
    8.290     6     6     6.0     60 109864 |   10  8291    0.0144    0.0014    0.0002 |
    8.300     6     6     6.0     60 109924 |   10  8301    0.0157    0.0016    0.0003 |
    8.310     6     6     6.0     60 109984 |   10  8311    0.0155    0.0016    0.0003 |
    8.320     6     6     6.0     60 110044 |   10  8321    0.0139    0.0014    0.0002 |
    8.330     6     6     6.0     60 110104 |   10  8331    0.0146    0.0015    0.0002 |
    8.340     6     6     6.0     60 110164 |   10  8341    0.0151    0.0015    0.0003 |
    8.350     6     6     6.0     60 110224 |   10  8351    0.0148    0.0015    0.0002 |
    8.360     6     6     6.0     60 110284 |   10  8361    0.0140    0.0014    0.0002 |
    8.370     6     6     6.0     60 110344 |   10  8371    0.0142    0.0014    0.0002 |
    8.380     6     6     6.0     60 110404 |   10  8381    0.0142    0.0014    0.0002 |
    8.390     6     6     6.0     60 110464 |   10  8391    0.0156    0.0016    0.0003 |
    8.400     6     6     6.0     60 110524 |   10  8401    0.0142    0.0014    0.0002 |
    8.410     6     6     6.0     60 110584 |   10  8411    0.0153    0.0015    0.0003 |
    8.420     6     6     6.0     60 110644 |   10  8421    0.0164    0.0016    0.0003 |
    8.430     6     6     6.0     60 110704 |   10  8431    0.0138    0.0014    0.0002 |
    8.440     6     6     6.0     60 110764 |   10  8441    0.0138    0.0014    0.0002 |
    8.450     6     6     6.0     60 110824 |   10  8451    0.0150    0.0015    0.0002 |
    8.460     6     6     6.0     60 110884 |   10  8461    0.0134    0.0013    0.0002 |
    8.470     6     6     6.0     60 110944 |   10  8471    0.0138    0.0014    0.0002 |
    8.480     6     6     6.0     60 111004 |   10  8481    0.0131    0.0013    0.0002 |
    8.490     6     6     6.0     60 111064 |   10  8491    0.0140    0.0014    0.0002 |
    8.500     6     6     6.0     60 111124 |   10  8501    0.0137    0.0014    0.0002 |
    8.510     6     6     6.0     60 111184 |   10  8511    0.0154    0.0015    0.0003 |
    8.520     6     6     6.0     60 111244 |   10  8521    0.0151    0.0015    0.0003 |
    8.530     6     6     6.0     60 111304 |   10  8531    0.0152    0.0015    0.0003 |
    8.540     6     6     6.0     60 111364 |   10  8541    0.0146    0.0015    0.0002 |
    8.550     6     6     6.0     60 111424 |   10  8551    0.0129    0.0013    0.0002 |
    8.560     5     6     5.7     57 111481 |   10  8561    0.0142    0.0014    0.0002 |
    8.570     5     6     5.5     55 111536 |   10  8571    0.0125    0.0012    0.0002 |
    8.580     5     6     5.5     55 111591 |   10  8581    0.0126    0.0013    0.0002 |
    8.590     5     6     5.5     55 111646 |   10  8591    0.0131    0.0013    0.0002 |
    8.600     5     6     5.5     55 111701 |   10  8601    0.0128    0.0013    0.0002 |
    8.610     5     6     5.5     55 111756 |   10  8611    0.0126    0.0013    0.0002 |
    8.620     5     6     5.5     55 111811 |   10  8621    0.0131    0.0013    0.0002 |
    8.630     5     6     5.5     55 111866 |   10  8631    0.0144    0.0014    0.0003 |
    8.640     5     6     5.4     54 111920 |   10  8641    0.0149    0.0015    0.0003 |
    8.650     5     6     5.4     54 111974 |   10  8651    0.0137    0.0014    0.0003 |
    8.660     5     6     5.4     54 112028 |   10  8661    0.0134    0.0013    0.0002 |
    8.670     5     6     5.4     54 112082 |   10  8671    0.0132    0.0013    0.0002 |
    8.680     5     6     5.3     53 112135 |   10  8681    0.0141    0.0014    0.0003 |
    8.690     5     6     5.3     53 112188 |   10  8691    0.0127    0.0013    0.0002 |
    8.700     5     6     5.4     54 112242 |   10  8701    0.0134    0.0013    0.0002 |
    8.710     5     6     5.3     53 112295 |   10  8711    0.0129    0.0013    0.0002 |
    8.720     5     6     5.3     53 112348 |   10  8721    0.0128    0.0013    0.0002 |
    8.730     5     6     5.4     54 112402 |   10  8731    0.0115    0.0011    0.0002 |
    8.740     5     6     5.3     53 112455 |   10  8741    0.0140    0.0014    0.0003 |
    8.750     5     6     5.3     53 112508 |   10  8751    0.0121    0.0012    0.0002 |
    8.760     5     6     5.2     52 112560 |   10  8761    0.0147    0.0015    0.0003 |
    8.770     5     6     5.1     51 112611 |   10  8771    0.0135    0.0013    0.0003 |
    8.780     5     5     5.0     50 112661 |   10  8781    0.0124    0.0012    0.0002 |
    8.790     5     6     5.1     51 112712 |   10  8791    0.0120    0.0012    0.0002 |
    8.800     5     6     5.1     51 112763 |   10  8801    0.0131    0.0013    0.0003 |
    8.810     5     5     5.0     50 112813 |   10  8811    0.0120    0.0012    0.0002 |
    8.820     5     6     5.1     51 112864 |   10  8821    0.0122    0.0012    0.0002 |
    8.830     5     5     5.0     50 112914 |   10  8831    0.0125    0.0013    0.0003 |
    8.840     5     6     5.1     51 112965 |   10  8841    0.0131    0.0013    0.0003 |
    8.850     5     5     5.0     50 113015 |   10  8851    0.0123    0.0012    0.0002 |
    8.860     5     5     5.0     50 113065 |   10  8861    0.0124    0.0012    0.0002 |
    8.870     5     5     5.0     50 113115 |   10  8871    0.0133    0.0013    0.0003 |
    8.880     5     5     5.0     50 113165 |   10  8881    0.0127    0.0013    0.0003 |
    8.890     5     5     5.0     50 113215 |   10  8891    0.0132    0.0013    0.0003 |
    8.900     5     5     5.0     50 113265 |   10  8901    0.0135    0.0013    0.0003 |
    8.910     5     5     5.0     50 113315 |   10  8911    0.0116    0.0012    0.0002 |
    8.920     5     5     5.0     50 113365 |   10  8921    0.0110    0.0011    0.0002 |
    8.930     5     5     5.0     50 113415 |   10  8931    0.0137    0.0014    0.0003 |
    8.940     5     5     5.0     50 113465 |   10  8941    0.0121    0.0012    0.0002 |
    8.950     5     5     5.0     50 113515 |   10  8951    0.0122    0.0012    0.0002 |
    8.960     5     5     5.0     50 113565 |   10  8961    0.0115    0.0012    0.0002 |
    8.970     5     5     5.0     50 113615 |   10  8971    0.0123    0.0012    0.0002 |
    8.980     5     5     5.0     50 113665 |   10  8981    0.0119    0.0012    0.0002 |
    8.990     5     5     5.0     50 113715 |   10  8991    0.0121    0.0012    0.0002 |
    9.000     5     5     5.0     50 113765 |   10  9001    0.0137    0.0014    0.0003 |
    9.010     5     5     5.0     50 113815 |   10  9011    0.0145    0.0015    0.0003 |
    9.020     5     5     5.0     50 113865 |   10  9021    0.0115    0.0012    0.0002 |
    9.030     5     5     5.0     50 113915 |   10  9031    0.0139    0.0014    0.0003 |
    9.040     5     5     5.0     50 113965 |   10  9041    0.0124    0.0012    0.0002 |
    9.050     5     5     5.0     50 114015 |   10  9051    0.0120    0.0012    0.0002 |
    9.060     5     5     5.0     50 114065 |   10  9061    0.0124    0.0012    0.0002 |
    9.070     5     5     5.0     50 114115 |   10  9071    0.0121    0.0012    0.0002 |
    9.080     5     5     5.0     50 114165 |   10  9081    0.0130    0.0013    0.0003 |
    9.090     5     5     5.0     50 114215 |   10  9091    0.0120    0.0012    0.0002 |
    9.100     5     5     5.0     50 114265 |   10  9101    0.0117    0.0012    0.0002 |
    9.110     5     5     5.0     50 114315 |   10  9111    0.0117    0.0012    0.0002 |
    9.120     5     5     5.0     50 114365 |   10  9121    0.0138    0.0014    0.0003 |
    9.130     5     5     5.0     50 114415 |   10  9131    0.0127    0.0013    0.0003 |
    9.140     5     5     5.0     50 114465 |   10  9141    0.0134    0.0013    0.0003 |
    9.150     5     5     5.0     50 114515 |   10  9151    0.0131    0.0013    0.0003 |
    9.160     5     5     5.0     50 114565 |   10  9161    0.0120    0.0012    0.0002 |
    9.170     5     5     5.0     50 114615 |   10  9171    0.0115    0.0012    0.0002 |
    9.180     5     5     5.0     50 114665 |   10  9181    0.0132    0.0013    0.0003 |
    9.190     5     5     5.0     50 114715 |   10  9191    0.0120    0.0012    0.0002 |
    9.200     5     5     5.0     50 114765 |   10  9201    0.0122    0.0012    0.0002 |
    9.210     5     5     5.0     50 114815 |   10  9211    0.0124    0.0012    0.0002 |
    9.220     5     5     5.0     50 114865 |   10  9221    0.0121    0.0012    0.0002 |
    9.230     5     5     5.0     50 114915 |   10  9231    0.0126    0.0013    0.0003 |
    9.240     5     5     5.0     50 114965 |   10  9241    0.0124    0.0012    0.0002 |
    9.250     5     5     5.0     50 115015 |   10  9251    0.0136    0.0014    0.0003 |
    9.260     5     5     5.0     50 115065 |   10  9261    0.0134    0.0013    0.0003 |
    9.270     5     5     5.0     50 115115 |   10  9271    0.0120    0.0012    0.0002 |
    9.280     5     5     5.0     50 115165 |   10  9281    0.0138    0.0014    0.0003 |
    9.290     5     5     5.0     50 115215 |   10  9291    0.0124    0.0012    0.0002 |
    9.300     5     5     5.0     50 115265 |   10  9301    0.0126    0.0013    0.0003 |
    9.310     5     5     5.0     50 115315 |   10  9311    0.0138    0.0014    0.0003 |
    9.320     5     5     5.0     50 115365 |   10  9321    0.0130    0.0013    0.0003 |
    9.330     5     5     5.0     50 115415 |   10  9331    0.0121    0.0012    0.0002 |
    9.340     5     5     5.0     50 115465 |   10  9341    0.0125    0.0012    0.0002 |
    9.350     5     5     5.0     50 115515 |   10  9351    0.0120    0.0012    0.0002 |
    9.360     5     5     5.0     50 115565 |   10  9361    0.0116    0.0012    0.0002 |
    9.370     5     5     5.0     50 115615 |   10  9371    0.0120    0.0012    0.0002 |
    9.380     5     5     5.0     50 115665 |   10  9381    0.0122    0.0012    0.0002 |
    9.390     5     5     5.0     50 115715 |   10  9391    0.0139    0.0014    0.0003 |
    9.400     5     5     5.0     50 115765 |   10  9401    0.0120    0.0012    0.0002 |
    9.410     5     5     5.0     50 115815 |   10  9411    0.0130    0.0013    0.0003 |
    9.420     5     5     5.0     50 115865 |   10  9421    0.0127    0.0013    0.0003 |
    9.430     5     5     5.0     50 115915 |   10  9431    0.0134    0.0013    0.0003 |
    9.440     5     5     5.0     50 115965 |   10  9441    0.0117    0.0012    0.0002 |
    9.450     5     5     5.0     50 116015 |   10  9451    0.0122    0.0012    0.0002 |
    9.460     5     5     5.0     50 116065 |   10  9461    0.0133    0.0013    0.0003 |
    9.470     5     5     5.0     50 116115 |   10  9471    0.0118    0.0012    0.0002 |
    9.480     5     5     5.0     50 116165 |   10  9481    0.0119    0.0012    0.0002 |
    9.490     5     5     5.0     50 116215 |   10  9491    0.0119    0.0012    0.0002 |
    9.500     5     5     5.0     50 116265 |   10  9501    0.0131    0.0013    0.0003 |
    9.510     5     5     5.0     50 116315 |   10  9511    0.0122    0.0012    0.0002 |
    9.520     5     5     5.0     50 116365 |   10  9521    0.0134    0.0013    0.0003 |
    9.530     5     5     5.0     50 116415 |   10  9531    0.0140    0.0014    0.0003 |
    9.540     5     5     5.0     50 116465 |   10  9541    0.0122    0.0012    0.0002 |
    9.550     5     5     5.0     50 116515 |   10  9551    0.0129    0.0013    0.0003 |
    9.560     5     5     5.0     50 116565 |   10  9561    0.0133    0.0013    0.0003 |
    9.570     5     5     5.0     50 116615 |   10  9571    0.0130    0.0013    0.0003 |
    9.580     5     5     5.0     50 116665 |   10  9581    0.0121    0.0012    0.0002 |
    9.590     5     5     5.0     50 116715 |   10  9591    0.0125    0.0013    0.0003 |
    9.600     5     5     5.0     50 116765 |   10  9601    0.0118    0.0012    0.0002 |
    9.610     5     5     5.0     50 116815 |   10  9611    0.0114    0.0011    0.0002 |
    9.620     5     5     5.0     50 116865 |   10  9621    0.0122    0.0012    0.0002 |
    9.630     5     5     5.0     50 116915 |   10  9631    0.0141    0.0014    0.0003 |
    9.640     5     5     5.0     50 116965 |   10  9641    0.0136    0.0014    0.0003 |
    9.650     5     5     5.0     50 117015 |   10  9651    0.0121    0.0012    0.0002 |
    9.660     5     5     5.0     50 117065 |   10  9661    0.0144    0.0014    0.0003 |
    9.670     5     5     5.0     50 117115 |   10  9671    0.0117    0.0012    0.0002 |
    9.680     5     5     5.0     50 117165 |   10  9681    0.0135    0.0013    0.0003 |
    9.690     5     5     5.0     50 117215 |   10  9691    0.0112    0.0011    0.0002 |
    9.700     5     5     5.0     50 117265 |   10  9701    0.0128    0.0013    0.0003 |
    9.710     5     5     5.0     50 117315 |   10  9711    0.0124    0.0012    0.0002 |
    9.720     5     5     5.0     50 117365 |   10  9721    0.0126    0.0013    0.0003 |
    9.730     5     5     5.0     50 117415 |   10  9731    0.0120    0.0012    0.0002 |
    9.740     5     5     5.0     50 117465 |   10  9741    0.0113    0.0011    0.0002 |
    9.750     5     5     5.0     50 117515 |   10  9751    0.0136    0.0014    0.0003 |
    9.760     5     5     5.0     50 117565 |   10  9761    0.0118    0.0012    0.0002 |
    9.770     5     5     5.0     50 117615 |   10  9771    0.0147    0.0015    0.0003 |
    9.780     5     5     5.0     50 117665 |   10  9781    0.0141    0.0014    0.0003 |
    9.790     5     5     5.0     50 117715 |   10  9791    0.0117    0.0012    0.0002 |
    9.800     5     5     5.0     50 117765 |   10  9801    0.0113    0.0011    0.0002 |
    9.810     5     5     5.0     50 117815 |   10  9811    0.0129    0.0013    0.0003 |
    9.820     5     5     5.0     50 117865 |   10  9821    0.0110    0.0011    0.0002 |
    9.830     5     5     5.0     50 117915 |   10  9831    0.0115    0.0012    0.0002 |
    9.840     5     5     5.0     50 117965 |   10  9841    0.0120    0.0012    0.0002 |
    9.850     5     5     5.0     50 118015 |   10  9851    0.0115    0.0012    0.0002 |
    9.860     5     5     5.0     50 118065 |   10  9861    0.0118    0.0012    0.0002 |
    9.870     5     5     5.0     50 118115 |   10  9871    0.0125    0.0012    0.0002 |
    9.880     5     5     5.0     50 118165 |   10  9881    0.0128    0.0013    0.0003 |
    9.890     5     5     5.0     50 118215 |   10  9891    0.0126    0.0013    0.0003 |
    9.900     5     5     5.0     50 118265 |   10  9901    0.0121    0.0012    0.0002 |
    9.910     5     5     5.0     50 118315 |   10  9911    0.0138    0.0014    0.0003 |
    9.920     5     5     5.0     50 118365 |   10  9921    0.0117    0.0012    0.0002 |
    9.930     5     5     5.0     50 118415 |   10  9931    0.0116    0.0012    0.0002 |
    9.940     5     5     5.0     50 118465 |   10  9941    0.0133    0.0013    0.0003 |
    9.950     5     5     5.0     50 118515 |   10  9951    0.0120    0.0012    0.0002 |
    9.960     5     5     5.0     50 118565 |   10  9961    0.0126    0.0013    0.0003 |
    9.970     5     5     5.0     50 118615 |   10  9971    0.0121    0.0012    0.0002 |
    9.980     5     5     5.0     50 118665 |   10  9981    0.0119    0.0012    0.0002 |
    9.990     5     5     5.0     50 118715 |   10  9991    0.0124    0.0012    0.0002 |
   10.000     5     5     5.0     50 118765 |   10 10001    0.0126    0.0013    0.0003 |
