          ----- ----- -------  -----  ----- | ---- ----- --------- --------- --------- |
          mn it mx it  avg it    its  ttits |   ss    ts        st      stps     stpit |
    0.000     0     0     0.0      0      0 |    1     1    0.0000    0.0000    0.0000 |
    0.010     7     8     7.6     76     76 |   10    11    0.0178    0.0018    0.0002 |
    0.020     8     8     8.0     80    156 |   10    21    0.0035    0.0004    0.0000 |
    0.030     8     8     8.0     80    236 |   10    31    0.0034    0.0003    0.0000 |
    0.040     8     8     8.0     80    316 |   10    41    0.0033    0.0003    0.0000 |
    0.050     8     8     8.0     80    396 |   10    51    0.0030    0.0003    0.0000 |
    0.060     8     8     8.0     80    476 |   10    61    0.0030    0.0003    0.0000 |
    0.070     8     8     8.0     80    556 |   10    71    0.0028    0.0003    0.0000 |
    0.080     8     8     8.0     80    636 |   10    81    0.0027    0.0003    0.0000 |
    0.090     8     8     8.0     80    716 |   10    91    0.0027    0.0003    0.0000 |
    0.100     8     8     8.0     80    796 |   10   101    0.0029    0.0003    0.0000 |
    0.110     8     8     8.0     80    876 |   10   111    0.0026    0.0003    0.0000 |
    0.120     8     8     8.0     80    956 |   10   121    0.0026    0.0003    0.0000 |
    0.130     8     8     8.0     80   1036 |   10   131    0.0026    0.0003    0.0000 |
    0.140     8     8     8.0     80   1116 |   10   141    0.0028    0.0003    0.0000 |
    0.150     8     8     8.0     80   1196 |   10   151    0.0029    0.0003    0.0000 |
    0.160     8     8     8.0     80   1276 |   10   161    0.0025    0.0003    0.0000 |
    0.170     8     8     8.0     80   1356 |   10   171    0.0026    0.0003    0.0000 |
    0.180     8     8     8.0     80   1436 |   10   181    0.0027    0.0003    0.0000 |
    0.190     8     8     8.0     80   1516 |   10   191    0.0027    0.0003    0.0000 |
    0.200     8     8     8.0     80   1596 |   10   201    0.0028    0.0003    0.0000 |
    0.210     8     8     8.0     80   1676 |   10   211    0.0028    0.0003    0.0000 |
    0.220     8     8     8.0     80   1756 |   10   221    0.0029    0.0003    0.0000 |
    0.230     8     8     8.0     80   1836 |   10   231    0.0032    0.0003    0.0000 |
    0.240     8     8     8.0     80   1916 |   10   241    0.0027    0.0003    0.0000 |
    0.250     8     8     8.0     80   1996 |   10   251    0.0028    0.0003    0.0000 |
    0.260     8     8     8.0     80   2076 |   10   261    0.0028    0.0003    0.0000 |
    0.270     8     8     8.0     80   2156 |   10   271    0.0026    0.0003    0.0000 |
    0.280     8     8     8.0     80   2236 |   10   281    0.0026    0.0003    0.0000 |
    0.290     8     8     8.0     80   2316 |   10   291    0.0027    0.0003    0.0000 |
    0.300     8     8     8.0     80   2396 |   10   301    0.0027    0.0003    0.0000 |
    0.310     8     8     8.0     80   2476 |   10   311    0.0028    0.0003    0.0000 |
    0.320     8     8     8.0     80   2556 |   10   321    0.0028    0.0003    0.0000 |
    0.330     8     8     8.0     80   2636 |   10   331    0.0026    0.0003    0.0000 |
    0.340     8     8     8.0     80   2716 |   10   341    0.0027    0.0003    0.0000 |
    0.350     8     8     8.0     80   2796 |   10   351    0.0029    0.0003    0.0000 |
    0.360     8     8     8.0     80   2876 |   10   361    0.0027    0.0003    0.0000 |
    0.370     8     8     8.0     80   2956 |   10   371    0.0029    0.0003    0.0000 |
    0.380     8     8     8.0     80   3036 |   10   381    0.0026    0.0003    0.0000 |
    0.390     8     8     8.0     80   3116 |   10   391    0.0027    0.0003    0.0000 |
    0.400     8     8     8.0     80   3196 |   10   401    0.0028    0.0003    0.0000 |
    0.410     8     8     8.0     80   3276 |   10   411    0.0026    0.0003    0.0000 |
    0.420     8     8     8.0     80   3356 |   10   421    0.0027    0.0003    0.0000 |
    0.430     8     8     8.0     80   3436 |   10   431    0.0024    0.0002    0.0000 |
    0.440     8     8     8.0     80   3516 |   10   441    0.0027    0.0003    0.0000 |
    0.450     8     8     8.0     80   3596 |   10   451    0.0027    0.0003    0.0000 |
    0.460     8     8     8.0     80   3676 |   10   461    0.0028    0.0003    0.0000 |
    0.470     8     8     8.0     80   3756 |   10   471    0.0029    0.0003    0.0000 |
    0.480     8     8     8.0     80   3836 |   10   481    0.0025    0.0002    0.0000 |
    0.490     8     8     8.0     80   3916 |   10   491    0.0029    0.0003    0.0000 |
    0.500     8     8     8.0     80   3996 |   10   501    0.0025    0.0003    0.0000 |
    0.510     8     8     8.0     80   4076 |   10   511    0.0029    0.0003    0.0000 |
    0.520     8     8     8.0     80   4156 |   10   521    0.0026    0.0003    0.0000 |
    0.530     8     8     8.0     80   4236 |   10   531    0.0027    0.0003    0.0000 |
    0.540     8     8     8.0     80   4316 |   10   541    0.0026    0.0003    0.0000 |
    0.550     8     8     8.0     80   4396 |   10   551    0.0026    0.0003    0.0000 |
    0.560     8     8     8.0     80   4476 |   10   561    0.0029    0.0003    0.0000 |
    0.570     8     8     8.0     80   4556 |   10   571    0.0027    0.0003    0.0000 |
    0.580     8     8     8.0     80   4636 |   10   581    0.0027    0.0003    0.0000 |
    0.590     8     8     8.0     80   4716 |   10   591    0.0027    0.0003    0.0000 |
    0.600     8     8     8.0     80   4796 |   10   601    0.0027    0.0003    0.0000 |
    0.610     8     8     8.0     80   4876 |   10   611    0.0028    0.0003    0.0000 |
    0.620     8     8     8.0     80   4956 |   10   621    0.0026    0.0003    0.0000 |
    0.630     8     8     8.0     80   5036 |   10   631    0.0028    0.0003    0.0000 |
    0.640     8     8     8.0     80   5116 |   10   641    0.0027    0.0003    0.0000 |
    0.650     8     8     8.0     80   5196 |   10   651    0.0027    0.0003    0.0000 |
    0.660     8     8     8.0     80   5276 |   10   661    0.0025    0.0003    0.0000 |
    0.670     8     8     8.0     80   5356 |   10   671    0.0025    0.0003    0.0000 |
    0.680     8     8     8.0     80   5436 |   10   681    0.0026    0.0003    0.0000 |
    0.690     8     8     8.0     80   5516 |   10   691    0.0026    0.0003    0.0000 |
    0.700     8     8     8.0     80   5596 |   10   701    0.0027    0.0003    0.0000 |
    0.710     8     8     8.0     80   5676 |   10   711    0.0027    0.0003    0.0000 |
    0.720     8     8     8.0     80   5756 |   10   721    0.0028    0.0003    0.0000 |
    0.730     8     8     8.0     80   5836 |   10   731    0.0026    0.0003    0.0000 |
    0.740     8     8     8.0     80   5916 |   10   741    0.0032    0.0003    0.0000 |
    0.750     8     8     8.0     80   5996 |   10   751    0.0031    0.0003    0.0000 |
    0.760     8     8     8.0     80   6076 |   10   761    0.0035    0.0004    0.0000 |
    0.770     8     8     8.0     80   6156 |   10   771    0.0034    0.0003    0.0000 |
    0.780     8     8     8.0     80   6236 |   10   781    0.0033    0.0003    0.0000 |
    0.790     8     8     8.0     80   6316 |   10   791    0.0027    0.0003    0.0000 |
    0.800     8     8     8.0     80   6396 |   10   801    0.0026    0.0003    0.0000 |
    0.810     8     8     8.0     80   6476 |   10   811    0.0029    0.0003    0.0000 |
    0.820     8     8     8.0     80   6556 |   10   821    0.0026    0.0003    0.0000 |
    0.830     8     8     8.0     80   6636 |   10   831    0.0026    0.0003    0.0000 |
    0.840     8     8     8.0     80   6716 |   10   841    0.0026    0.0003    0.0000 |
    0.850     8     8     8.0     80   6796 |   10   851    0.0027    0.0003    0.0000 |
    0.860     8     8     8.0     80   6876 |   10   861    0.0027    0.0003    0.0000 |
    0.870     8     8     8.0     80   6956 |   10   871    0.0027    0.0003    0.0000 |
    0.880     8     8     8.0     80   7036 |   10   881    0.0026    0.0003    0.0000 |
    0.890     8     8     8.0     80   7116 |   10   891    0.0029    0.0003    0.0000 |
    0.900     8     8     8.0     80   7196 |   10   901    0.0024    0.0002    0.0000 |
    0.910     8     8     8.0     80   7276 |   10   911    0.0026    0.0003    0.0000 |
    0.920     8     8     8.0     80   7356 |   10   921    0.0027    0.0003    0.0000 |
    0.930     8     8     8.0     80   7436 |   10   931    0.0025    0.0003    0.0000 |
    0.940     8     8     8.0     80   7516 |   10   941    0.0026    0.0003    0.0000 |
    0.950     8     8     8.0     80   7596 |   10   951    0.0028    0.0003    0.0000 |
    0.960     8     8     8.0     80   7676 |   10   961    0.0026    0.0003    0.0000 |
    0.970     8     8     8.0     80   7756 |   10   971    0.0025    0.0002    0.0000 |
    0.980     8     8     8.0     80   7836 |   10   981    0.0028    0.0003    0.0000 |
    0.990     8     8     8.0     80   7916 |   10   991    0.0026    0.0003    0.0000 |
    1.000     8     8     8.0     80   7996 |   10  1001    0.0028    0.0003    0.0000 |
    1.010     8     8     8.0     80   8076 |   10  1011    0.0027    0.0003    0.0000 |
    1.020     8     8     8.0     80   8156 |   10  1021    0.0028    0.0003    0.0000 |
    1.030     8     8     8.0     80   8236 |   10  1031    0.0027    0.0003    0.0000 |
    1.040     8     8     8.0     80   8316 |   10  1041    0.0029    0.0003    0.0000 |
    1.050     8     8     8.0     80   8396 |   10  1051    0.0028    0.0003    0.0000 |
    1.060     8     8     8.0     80   8476 |   10  1061    0.0026    0.0003    0.0000 |
    1.070     8     8     8.0     80   8556 |   10  1071    0.0030    0.0003    0.0000 |
    1.080     8     8     8.0     80   8636 |   10  1081    0.0026    0.0003    0.0000 |
    1.090     8     8     8.0     80   8716 |   10  1091    0.0028    0.0003    0.0000 |
    1.100     8     8     8.0     80   8796 |   10  1101    0.0025    0.0003    0.0000 |
    1.110     8     8     8.0     80   8876 |   10  1111    0.0025    0.0003    0.0000 |
    1.120     8     8     8.0     80   8956 |   10  1121    0.0026    0.0003    0.0000 |
    1.130     8     8     8.0     80   9036 |   10  1131    0.0032    0.0003    0.0000 |
    1.140     8     8     8.0     80   9116 |   10  1141    0.0027    0.0003    0.0000 |
    1.150     8     8     8.0     80   9196 |   10  1151    0.0026    0.0003    0.0000 |
    1.160     8     8     8.0     80   9276 |   10  1161    0.0029    0.0003    0.0000 |
    1.170     8     8     8.0     80   9356 |   10  1171    0.0027    0.0003    0.0000 |
    1.180     8     8     8.0     80   9436 |   10  1181    0.0026    0.0003    0.0000 |
    1.190     8     8     8.0     80   9516 |   10  1191    0.0029    0.0003    0.0000 |
    1.200     8     8     8.0     80   9596 |   10  1201    0.0029    0.0003    0.0000 |
    1.210     8     8     8.0     80   9676 |   10  1211    0.0027    0.0003    0.0000 |
    1.220     8     8     8.0     80   9756 |   10  1221    0.0031    0.0003    0.0000 |
    1.230     8     8     8.0     80   9836 |   10  1231    0.0027    0.0003    0.0000 |
    1.240     8     8     8.0     80   9916 |   10  1241    0.0028    0.0003    0.0000 |
    1.250     8     8     8.0     80   9996 |   10  1251    0.0028    0.0003    0.0000 |
    1.260     8     8     8.0     80  10076 |   10  1261    0.0027    0.0003    0.0000 |
    1.270     8     8     8.0     80  10156 |   10  1271    0.0027    0.0003    0.0000 |
    1.280     8     8     8.0     80  10236 |   10  1281    0.0027    0.0003    0.0000 |
    1.290     8     8     8.0     80  10316 |   10  1291    0.0029    0.0003    0.0000 |
    1.300     8     8     8.0     80  10396 |   10  1301    0.0026    0.0003    0.0000 |
    1.310     8     8     8.0     80  10476 |   10  1311    0.0025    0.0003    0.0000 |
    1.320     7     8     7.5     75  10551 |   10  1321    0.0024    0.0002    0.0000 |
    1.330     7     7     7.0     70  10621 |   10  1331    0.0023    0.0002    0.0000 |
    1.340     7     7     7.0     70  10691 |   10  1341    0.0023    0.0002    0.0000 |
    1.350     7     7     7.0     70  10761 |   10  1351    0.0023    0.0002    0.0000 |
    1.360     7     7     7.0     70  10831 |   10  1361    0.0022    0.0002    0.0000 |
    1.370     7     7     7.0     70  10901 |   10  1371    0.0025    0.0003    0.0000 |
    1.380     7     7     7.0     70  10971 |   10  1381    0.0024    0.0002    0.0000 |
    1.390     7     7     7.0     70  11041 |   10  1391    0.0025    0.0002    0.0000 |
    1.400     7     7     7.0     70  11111 |   10  1401    0.0024    0.0002    0.0000 |
    1.410     7     7     7.0     70  11181 |   10  1411    0.0023    0.0002    0.0000 |
    1.420     7     7     7.0     70  11251 |   10  1421    0.0023    0.0002    0.0000 |
    1.430     7     7     7.0     70  11321 |   10  1431    0.0023    0.0002    0.0000 |
    1.440     7     7     7.0     70  11391 |   10  1441    0.0027    0.0003    0.0000 |
    1.450     7     7     7.0     70  11461 |   10  1451    0.0024    0.0002    0.0000 |
    1.460     7     7     7.0     70  11531 |   10  1461    0.0024    0.0002    0.0000 |
    1.470     7     7     7.0     70  11601 |   10  1471    0.0031    0.0003    0.0000 |
    1.480     7     7     7.0     70  11671 |   10  1481    0.0027    0.0003    0.0000 |
    1.490     7     7     7.0     70  11741 |   10  1491    0.0032    0.0003    0.0000 |
    1.500     7     7     7.0     70  11811 |   10  1501    0.0025    0.0002    0.0000 |
    1.510     7     7     7.0     70  11881 |   10  1511    0.0028    0.0003    0.0000 |
    1.520     7     7     7.0     70  11951 |   10  1521    0.0037    0.0004    0.0001 |
    1.530     7     7     7.0     70  12021 |   10  1531    0.0023    0.0002    0.0000 |
    1.540     7     7     7.0     70  12091 |   10  1541    0.0025    0.0003    0.0000 |
    1.550     7     7     7.0     70  12161 |   10  1551    0.0025    0.0002    0.0000 |
    1.560     7     7     7.0     70  12231 |   10  1561    0.0032    0.0003    0.0000 |
    1.570     7     7     7.0     70  12301 |   10  1571    0.0025    0.0003    0.0000 |
    1.580     7     7     7.0     70  12371 |   10  1581    0.0027    0.0003    0.0000 |
    1.590     7     7     7.0     70  12441 |   10  1591    0.0025    0.0002    0.0000 |
    1.600     7     7     7.0     70  12511 |   10  1601    0.0026    0.0003    0.0000 |
    1.610     7     7     7.0     70  12581 |   10  1611    0.0025    0.0003    0.0000 |
    1.620     7     7     7.0     70  12651 |   10  1621    0.0025    0.0002    0.0000 |
    1.630     7     7     7.0     70  12721 |   10  1631    0.0025    0.0002    0.0000 |
    1.640     7     7     7.0     70  12791 |   10  1641    0.0024    0.0002    0.0000 |
    1.650     7     7     7.0     70  12861 |   10  1651    0.0027    0.0003    0.0000 |
    1.660     7     7     7.0     70  12931 |   10  1661    0.0024    0.0002    0.0000 |
    1.670     7     7     7.0     70  13001 |   10  1671    0.0025    0.0003    0.0000 |
    1.680     7     7     7.0     70  13071 |   10  1681    0.0025    0.0002    0.0000 |
    1.690     7     7     7.0     70  13141 |   10  1691    0.0024    0.0002    0.0000 |
    1.700     7     7     7.0     70  13211 |   10  1701    0.0025    0.0003    0.0000 |
    1.710     7     7     7.0     70  13281 |   10  1711    0.0026    0.0003    0.0000 |
    1.720     7     7     7.0     70  13351 |   10  1721    0.0024    0.0002    0.0000 |
    1.730     7     7     7.0     70  13421 |   10  1731    0.0026    0.0003    0.0000 |
    1.740     7     7     7.0     70  13491 |   10  1741    0.0024    0.0002    0.0000 |
    1.750     7     7     7.0     70  13561 |   10  1751    0.0024    0.0002    0.0000 |
    1.760     7     7     7.0     70  13631 |   10  1761    0.0024    0.0002    0.0000 |
    1.770     7     7     7.0     70  13701 |   10  1771    0.0026    0.0003    0.0000 |
    1.780     7     7     7.0     70  13771 |   10  1781    0.0024    0.0002    0.0000 |
    1.790     7     7     7.0     70  13841 |   10  1791    0.0026    0.0003    0.0000 |
    1.800     7     7     7.0     70  13911 |   10  1801    0.0025    0.0002    0.0000 |
    1.810     7     7     7.0     70  13981 |   10  1811    0.0025    0.0002    0.0000 |
    1.820     7     7     7.0     70  14051 |   10  1821    0.0025    0.0003    0.0000 |
    1.830     7     7     7.0     70  14121 |   10  1831    0.0026    0.0003    0.0000 |
    1.840     7     7     7.0     70  14191 |   10  1841    0.0024    0.0002    0.0000 |
    1.850     7     7     7.0     70  14261 |   10  1851    0.0024    0.0002    0.0000 |
    1.860     7     7     7.0     70  14331 |   10  1861    0.0026    0.0003    0.0000 |
    1.870     7     7     7.0     70  14401 |   10  1871    0.0027    0.0003    0.0000 |
    1.880     7     7     7.0     70  14471 |   10  1881    0.0025    0.0003    0.0000 |
    1.890     7     7     7.0     70  14541 |   10  1891    0.0024    0.0002    0.0000 |
    1.900     7     7     7.0     70  14611 |   10  1901    0.0026    0.0003    0.0000 |
    1.910     7     7     7.0     70  14681 |   10  1911    0.0024    0.0002    0.0000 |
    1.920     7     7     7.0     70  14751 |   10  1921    0.0025    0.0002    0.0000 |
    1.930     7     7     7.0     70  14821 |   10  1931    0.0024    0.0002    0.0000 |
    1.940     7     7     7.0     70  14891 |   10  1941    0.0026    0.0003    0.0000 |
    1.950     7     7     7.0     70  14961 |   10  1951    0.0025    0.0002    0.0000 |
    1.960     7     7     7.0     70  15031 |   10  1961    0.0024    0.0002    0.0000 |
    1.970     7     7     7.0     70  15101 |   10  1971    0.0025    0.0003    0.0000 |
    1.980     7     7     7.0     70  15171 |   10  1981    0.0024    0.0002    0.0000 |
    1.990     7     7     7.0     70  15241 |   10  1991    0.0025    0.0002    0.0000 |
    2.000     7     7     7.0     70  15311 |   10  2001    0.0026    0.0003    0.0000 |
    2.010    10    11    10.7    107  15418 |   10  2011    0.0036    0.0004    0.0000 |
    2.020    11    11    11.0    110  15528 |   10  2021    0.0034    0.0003    0.0000 |
    2.030    11    12    11.7    117  15645 |   10  2031    0.0040    0.0004    0.0000 |
    2.040    12    12    12.0    120  15765 |   10  2041    0.0036    0.0004    0.0000 |
    2.050    12    12    12.0    120  15885 |   10  2051    0.0035    0.0004    0.0000 |
    2.060    12    12    12.0    120  16005 |   10  2061    0.0036    0.0004    0.0000 |
    2.070    12    12    12.0    120  16125 |   10  2071    0.0040    0.0004    0.0000 |
    2.080    12    12    12.0    120  16245 |   10  2081    0.0039    0.0004    0.0000 |
    2.090    12    12    12.0    120  16365 |   10  2091    0.0044    0.0004    0.0000 |
    2.100    12    12    12.0    120  16485 |   10  2101    0.0037    0.0004    0.0000 |
    2.110    11    12    11.6    116  16601 |   10  2111    0.0037    0.0004    0.0000 |
    2.120    11    11    11.0    110  16711 |   10  2121    0.0035    0.0003    0.0000 |
    2.130    11    11    11.0    110  16821 |   10  2131    0.0034    0.0003    0.0000 |
    2.140    11    11    11.0    110  16931 |   10  2141    0.0033    0.0003    0.0000 |
    2.150    11    11    11.0    110  17041 |   10  2151    0.0036    0.0004    0.0000 |
    2.160    11    11    11.0    110  17151 |   10  2161    0.0035    0.0003    0.0000 |
    2.170    11    11    11.0    110  17261 |   10  2171    0.0037    0.0004    0.0000 |
    2.180    11    11    11.0    110  17371 |   10  2181    0.0034    0.0003    0.0000 |
    2.190    11    11    11.0    110  17481 |   10  2191    0.0033    0.0003    0.0000 |
    2.200    11    11    11.0    110  17591 |   10  2201    0.0033    0.0003    0.0000 |
    2.210    11    11    11.0    110  17701 |   10  2211    0.0036    0.0004    0.0000 |
    2.220    11    11    11.0    110  17811 |   10  2221    0.0035    0.0003    0.0000 |
    2.230    11    11    11.0    110  17921 |   10  2231    0.0035    0.0004    0.0000 |
    2.240    11    11    11.0    110  18031 |   10  2241    0.0035    0.0003    0.0000 |
    2.250    11    11    11.0    110  18141 |   10  2251    0.0034    0.0003    0.0000 |
    2.260    11    11    11.0    110  18251 |   10  2261    0.0037    0.0004    0.0000 |
    2.270    11    11    11.0    110  18361 |   10  2271    0.0036    0.0004    0.0000 |
    2.280    11    11    11.0    110  18471 |   10  2281    0.0034    0.0003    0.0000 |
    2.290    11    11    11.0    110  18581 |   10  2291    0.0037    0.0004    0.0000 |
    2.300    11    11    11.0    110  18691 |   10  2301    0.0034    0.0003    0.0000 |
    2.310    11    11    11.0    110  18801 |   10  2311    0.0035    0.0004    0.0000 |
    2.320    11    11    11.0    110  18911 |   10  2321    0.0035    0.0003    0.0000 |
    2.330    11    11    11.0    110  19021 |   10  2331    0.0033    0.0003    0.0000 |
    2.340    11    11    11.0    110  19131 |   10  2341    0.0037    0.0004    0.0000 |
    2.350    11    11    11.0    110  19241 |   10  2351    0.0036    0.0004    0.0000 |
    2.360    11    11    11.0    110  19351 |   10  2361    0.0032    0.0003    0.0000 |
    2.370    11    11    11.0    110  19461 |   10  2371    0.0035    0.0003    0.0000 |
    2.380    11    11    11.0    110  19571 |   10  2381    0.0033    0.0003    0.0000 |
    2.390    11    11    11.0    110  19681 |   10  2391    0.0033    0.0003    0.0000 |
    2.400    11    11    11.0    110  19791 |   10  2401    0.0034    0.0003    0.0000 |
    2.410    11    11    11.0    110  19901 |   10  2411    0.0035    0.0003    0.0000 |
    2.420    11    11    11.0    110  20011 |   10  2421    0.0034    0.0003    0.0000 |
    2.430    11    11    11.0    110  20121 |   10  2431    0.0035    0.0003    0.0000 |
    2.440    11    11    11.0    110  20231 |   10  2441    0.0032    0.0003    0.0000 |
    2.450    11    11    11.0    110  20341 |   10  2451    0.0034    0.0003    0.0000 |
    2.460    11    11    11.0    110  20451 |   10  2461    0.0033    0.0003    0.0000 |
    2.470    11    11    11.0    110  20561 |   10  2471    0.0034    0.0003    0.0000 |
    2.480    11    11    11.0    110  20671 |   10  2481    0.0037    0.0004    0.0000 |
    2.490    11    11    11.0    110  20781 |   10  2491    0.0038    0.0004    0.0000 |
    2.500    11    11    11.0    110  20891 |   10  2501    0.0036    0.0004    0.0000 |
    2.510    11    11    11.0    110  21001 |   10  2511    0.0037    0.0004    0.0000 |
    2.520    11    11    11.0    110  21111 |   10  2521    0.0035    0.0004    0.0000 |
    2.530    11    11    11.0    110  21221 |   10  2531    0.0037    0.0004    0.0000 |
    2.540    11    11    11.0    110  21331 |   10  2541    0.0034    0.0003    0.0000 |
    2.550    11    11    11.0    110  21441 |   10  2551    0.0033    0.0003    0.0000 |
    2.560    11    11    11.0    110  21551 |   10  2561    0.0035    0.0003    0.0000 |
    2.570    11    11    11.0    110  21661 |   10  2571    0.0032    0.0003    0.0000 |
    2.580    11    11    11.0    110  21771 |   10  2581    0.0034    0.0003    0.0000 |
    2.590    11    11    11.0    110  21881 |   10  2591    0.0036    0.0004    0.0000 |
    2.600    11    11    11.0    110  21991 |   10  2601    0.0035    0.0003    0.0000 |
    2.610    10    10    10.0    100  22091 |   10  2611    0.0032    0.0003    0.0000 |
    2.620    10    10    10.0    100  22191 |   10  2621    0.0030    0.0003    0.0000 |
    2.630    10    10    10.0    100  22291 |   10  2631    0.0032    0.0003    0.0000 |
    2.640    10    10    10.0    100  22391 |   10  2641    0.0033    0.0003    0.0000 |
    2.650    10    10    10.0    100  22491 |   10  2651    0.0035    0.0003    0.0000 |
    2.660    10    10    10.0    100  22591 |   10  2661    0.0032    0.0003    0.0000 |
    2.670    10    10    10.0    100  22691 |   10  2671    0.0033    0.0003    0.0000 |
    2.680    10    10    10.0    100  22791 |   10  2681    0.0032    0.0003    0.0000 |
    2.690    10    10    10.0    100  22891 |   10  2691    0.0032    0.0003    0.0000 |
    2.700    10    10    10.0    100  22991 |   10  2701    0.0031    0.0003    0.0000 |
    2.710    10    10    10.0    100  23091 |   10  2711    0.0033    0.0003    0.0000 |
    2.720    10    10    10.0    100  23191 |   10  2721    0.0032    0.0003    0.0000 |
    2.730    10    10    10.0    100  23291 |   10  2731    0.0033    0.0003    0.0000 |
    2.740    10    10    10.0    100  23391 |   10  2741    0.0033    0.0003    0.0000 |
    2.750    10    10    10.0    100  23491 |   10  2751    0.0032    0.0003    0.0000 |
    2.760    10    10    10.0    100  23591 |   10  2761    0.0033    0.0003    0.0000 |
    2.770    10    10    10.0    100  23691 |   10  2771    0.0031    0.0003    0.0000 |
    2.780    10    10    10.0    100  23791 |   10  2781    0.0033    0.0003    0.0000 |
    2.790    10    10    10.0    100  23891 |   10  2791    0.0030    0.0003    0.0000 |
    2.800    10    10    10.0    100  23991 |   10  2801    0.0035    0.0004    0.0000 |
    2.810    10    10    10.0    100  24091 |   10  2811    0.0031    0.0003    0.0000 |
    2.820    10    10    10.0    100  24191 |   10  2821    0.0033    0.0003    0.0000 |
    2.830    10    10    10.0    100  24291 |   10  2831    0.0033    0.0003    0.0000 |
    2.840    10    10    10.0    100  24391 |   10  2841    0.0036    0.0004    0.0000 |
    2.850    10    10    10.0    100  24491 |   10  2851    0.0031    0.0003    0.0000 |
    2.860    10    10    10.0    100  24591 |   10  2861    0.0031    0.0003    0.0000 |
    2.870    10    10    10.0    100  24691 |   10  2871    0.0032    0.0003    0.0000 |
    2.880    10    10    10.0    100  24791 |   10  2881    0.0032    0.0003    0.0000 |
    2.890    10    10    10.0    100  24891 |   10  2891    0.0032    0.0003    0.0000 |
    2.900    10    10    10.0    100  24991 |   10  2901    0.0030    0.0003    0.0000 |
    2.910    10    10    10.0    100  25091 |   10  2911    0.0032    0.0003    0.0000 |
    2.920    10    10    10.0    100  25191 |   10  2921    0.0033    0.0003    0.0000 |
    2.930    10    10    10.0    100  25291 |   10  2931    0.0033    0.0003    0.0000 |
    2.940    10    10    10.0    100  25391 |   10  2941    0.0031    0.0003    0.0000 |
    2.950    10    10    10.0    100  25491 |   10  2951    0.0032    0.0003    0.0000 |
    2.960    10    10    10.0    100  25591 |   10  2961    0.0031    0.0003    0.0000 |
    2.970    10    10    10.0    100  25691 |   10  2971    0.0032    0.0003    0.0000 |
    2.980    10    10    10.0    100  25791 |   10  2981    0.0032    0.0003    0.0000 |
    2.990    10    10    10.0    100  25891 |   10  2991    0.0033    0.0003    0.0000 |
    3.000    10    10    10.0    100  25991 |   10  3001    0.0034    0.0003    0.0000 |
    3.010    10    10    10.0    100  26091 |   10  3011    0.0034    0.0003    0.0000 |
    3.020    10    10    10.0    100  26191 |   10  3021    0.0032    0.0003    0.0000 |
    3.030    10    10    10.0    100  26291 |   10  3031    0.0034    0.0003    0.0000 |
    3.040    10    10    10.0    100  26391 |   10  3041    0.0031    0.0003    0.0000 |
    3.050    10    10    10.0    100  26491 |   10  3051    0.0031    0.0003    0.0000 |
    3.060    10    10    10.0    100  26591 |   10  3061    0.0033    0.0003    0.0000 |
    3.070    10    10    10.0    100  26691 |   10  3071    0.0032    0.0003    0.0000 |
    3.080    10    10    10.0    100  26791 |   10  3081    0.0033    0.0003    0.0000 |
    3.090    10    10    10.0    100  26891 |   10  3091    0.0032    0.0003    0.0000 |
    3.100    10    10    10.0    100  26991 |   10  3101    0.0033    0.0003    0.0000 |
    3.110    10    10    10.0    100  27091 |   10  3111    0.0033    0.0003    0.0000 |
    3.120    10    10    10.0    100  27191 |   10  3121    0.0037    0.0004    0.0000 |
    3.130    10    10    10.0    100  27291 |   10  3131    0.0035    0.0003    0.0000 |
    3.140    10    10    10.0    100  27391 |   10  3141    0.0031    0.0003    0.0000 |
    3.150    10    10    10.0    100  27491 |   10  3151    0.0031    0.0003    0.0000 |
    3.160    10    10    10.0    100  27591 |   10  3161    0.0031    0.0003    0.0000 |
    3.170    10    10    10.0    100  27691 |   10  3171    0.0035    0.0004    0.0000 |
    3.180    10    10    10.0    100  27791 |   10  3181    0.0035    0.0004    0.0000 |
    3.190    10    10    10.0    100  27891 |   10  3191    0.0031    0.0003    0.0000 |
    3.200    10    10    10.0    100  27991 |   10  3201    0.0031    0.0003    0.0000 |
    3.210    10    10    10.0    100  28091 |   10  3211    0.0032    0.0003    0.0000 |
    3.220    10    10    10.0    100  28191 |   10  3221    0.0034    0.0003    0.0000 |
    3.230    10    10    10.0    100  28291 |   10  3231    0.0031    0.0003    0.0000 |
    3.240    10    10    10.0    100  28391 |   10  3241    0.0031    0.0003    0.0000 |
    3.250    10    10    10.0    100  28491 |   10  3251    0.0032    0.0003    0.0000 |
    3.260    10    10    10.0    100  28591 |   10  3261    0.0030    0.0003    0.0000 |
    3.270    10    10    10.0    100  28691 |   10  3271    0.0028    0.0003    0.0000 |
    3.280    10    10    10.0    100  28791 |   10  3281    0.0035    0.0003    0.0000 |
    3.290    10    10    10.0    100  28891 |   10  3291    0.0031    0.0003    0.0000 |
    3.300    10    10    10.0    100  28991 |   10  3301    0.0031    0.0003    0.0000 |
    3.310    10    10    10.0    100  29091 |   10  3311    0.0030    0.0003    0.0000 |
    3.320    10    10    10.0    100  29191 |   10  3321    0.0034    0.0003    0.0000 |
    3.330    10    10    10.0    100  29291 |   10  3331    0.0037    0.0004    0.0000 |
    3.340    10    10    10.0    100  29391 |   10  3341    0.0031    0.0003    0.0000 |
    3.350    10    10    10.0    100  29491 |   10  3351    0.0034    0.0003    0.0000 |
    3.360    10    10    10.0    100  29591 |   10  3361    0.0033    0.0003    0.0000 |
    3.370    10    10    10.0    100  29691 |   10  3371    0.0030    0.0003    0.0000 |
    3.380    10    10    10.0    100  29791 |   10  3381    0.0032    0.0003    0.0000 |
    3.390    10    10    10.0    100  29891 |   10  3391    0.0031    0.0003    0.0000 |
    3.400    10    10    10.0    100  29991 |   10  3401    0.0037    0.0004    0.0000 |
    3.410    10    10    10.0    100  30091 |   10  3411    0.0032    0.0003    0.0000 |
    3.420    10    10    10.0    100  30191 |   10  3421    0.0030    0.0003    0.0000 |
    3.430    10    10    10.0    100  30291 |   10  3431    0.0033    0.0003    0.0000 |
    3.440    10    10    10.0    100  30391 |   10  3441    0.0032    0.0003    0.0000 |
    3.450    10    10    10.0    100  30491 |   10  3451    0.0032    0.0003    0.0000 |
    3.460    10    10    10.0    100  30591 |   10  3461    0.0036    0.0004    0.0000 |
    3.470    10    10    10.0    100  30691 |   10  3471    0.0030    0.0003    0.0000 |
    3.480    10    10    10.0    100  30791 |   10  3481    0.0031    0.0003    0.0000 |
    3.490    10    10    10.0    100  30891 |   10  3491    0.0032    0.0003    0.0000 |
    3.500    10    10    10.0    100  30991 |   10  3501    0.0031    0.0003    0.0000 |
    3.510    10    10    10.0    100  31091 |   10  3511    0.0033    0.0003    0.0000 |
    3.520    10    10    10.0    100  31191 |   10  3521    0.0031    0.0003    0.0000 |
    3.530    10    10    10.0    100  31291 |   10  3531    0.0036    0.0004    0.0000 |
    3.540    10    10    10.0    100  31391 |   10  3541    0.0032    0.0003    0.0000 |
    3.550    10    10    10.0    100  31491 |   10  3551    0.0037    0.0004    0.0000 |
    3.560    10    10    10.0    100  31591 |   10  3561    0.0033    0.0003    0.0000 |
    3.570    10    10    10.0    100  31691 |   10  3571    0.0032    0.0003    0.0000 |
    3.580    10    10    10.0    100  31791 |   10  3581    0.0032    0.0003    0.0000 |
    3.590    10    10    10.0    100  31891 |   10  3591    0.0032    0.0003    0.0000 |
    3.600    10    10    10.0    100  31991 |   10  3601    0.0032    0.0003    0.0000 |
    3.610    10    10    10.0    100  32091 |   10  3611    0.0033    0.0003    0.0000 |
    3.620    10    10    10.0    100  32191 |   10  3621    0.0032    0.0003    0.0000 |
    3.630    10    10    10.0    100  32291 |   10  3631    0.0032    0.0003    0.0000 |
    3.640    10    10    10.0    100  32391 |   10  3641    0.0032    0.0003    0.0000 |
    3.650    10    10    10.0    100  32491 |   10  3651    0.0033    0.0003    0.0000 |
    3.660    10    10    10.0    100  32591 |   10  3661    0.0031    0.0003    0.0000 |
    3.670    10    10    10.0    100  32691 |   10  3671    0.0032    0.0003    0.0000 |
    3.680    10    10    10.0    100  32791 |   10  3681    0.0032    0.0003    0.0000 |
    3.690    10    10    10.0    100  32891 |   10  3691    0.0033    0.0003    0.0000 |
    3.700    10    10    10.0    100  32991 |   10  3701    0.0038    0.0004    0.0000 |
    3.710    10    10    10.0    100  33091 |   10  3711    0.0033    0.0003    0.0000 |
    3.720    10    10    10.0    100  33191 |   10  3721    0.0031    0.0003    0.0000 |
    3.730    10    10    10.0    100  33291 |   10  3731    0.0033    0.0003    0.0000 |
    3.740    10    10    10.0    100  33391 |   10  3741    0.0035    0.0004    0.0000 |
    3.750    10    10    10.0    100  33491 |   10  3751    0.0036    0.0004    0.0000 |
    3.760    10    10    10.0    100  33591 |   10  3761    0.0033    0.0003    0.0000 |
    3.770    10    10    10.0    100  33691 |   10  3771    0.0031    0.0003    0.0000 |
    3.780    10    10    10.0    100  33791 |   10  3781    0.0035    0.0003    0.0000 |
    3.790    10    10    10.0    100  33891 |   10  3791    0.0035    0.0004    0.0000 |
    3.800    10    10    10.0    100  33991 |   10  3801    0.0034    0.0003    0.0000 |
    3.810    10    10    10.0    100  34091 |   10  3811    0.0031    0.0003    0.0000 |
    3.820    10    10    10.0    100  34191 |   10  3821    0.0031    0.0003    0.0000 |
    3.830    10    10    10.0    100  34291 |   10  3831    0.0039    0.0004    0.0000 |
    3.840    10    10    10.0    100  34391 |   10  3841    0.0033    0.0003    0.0000 |
    3.850    10    10    10.0    100  34491 |   10  3851    0.0034    0.0003    0.0000 |
    3.860    10    10    10.0    100  34591 |   10  3861    0.0033    0.0003    0.0000 |
    3.870    10    10    10.0    100  34691 |   10  3871    0.0033    0.0003    0.0000 |
    3.880    10    10    10.0    100  34791 |   10  3881    0.0038    0.0004    0.0000 |
    3.890    10    10    10.0    100  34891 |   10  3891    0.0034    0.0003    0.0000 |
    3.900    10    10    10.0    100  34991 |   10  3901    0.0034    0.0003    0.0000 |
    3.910    10    10    10.0    100  35091 |   10  3911    0.0033    0.0003    0.0000 |
    3.920    10    10    10.0    100  35191 |   10  3921    0.0034    0.0003    0.0000 |
    3.930    10    10    10.0    100  35291 |   10  3931    0.0039    0.0004    0.0000 |
    3.940    10    10    10.0    100  35391 |   10  3941    0.0033    0.0003    0.0000 |
    3.950    10    10    10.0    100  35491 |   10  3951    0.0032    0.0003    0.0000 |
    3.960    10    10    10.0    100  35591 |   10  3961    0.0032    0.0003    0.0000 |
    3.970     9    10     9.4     94  35685 |   10  3971    0.0030    0.0003    0.0000 |
    3.980     9     9     9.0     90  35775 |   10  3981    0.0033    0.0003    0.0000 |
    3.990     9     9     9.0     90  35865 |   10  3991    0.0037    0.0004    0.0000 |
    4.000     9     9     9.0     90  35955 |   10  4001    0.0033    0.0003    0.0000 |
    4.010     9     9     9.0     90  36045 |   10  4011    0.0033    0.0003    0.0000 |
    4.020     9     9     9.0     90  36135 |   10  4021    0.0028    0.0003    0.0000 |
    4.030     9     9     9.0     90  36225 |   10  4031    0.0028    0.0003    0.0000 |
    4.040     9     9     9.0     90  36315 |   10  4041    0.0031    0.0003    0.0000 |
    4.050     9     9     9.0     90  36405 |   10  4051    0.0033    0.0003    0.0000 |
    4.060     9     9     9.0     90  36495 |   10  4061    0.0030    0.0003    0.0000 |
    4.070     9     9     9.0     90  36585 |   10  4071    0.0032    0.0003    0.0000 |
    4.080     9     9     9.0     90  36675 |   10  4081    0.0030    0.0003    0.0000 |
    4.090     9     9     9.0     90  36765 |   10  4091    0.0032    0.0003    0.0000 |
    4.100     9     9     9.0     90  36855 |   10  4101    0.0031    0.0003    0.0000 |
    4.110     9     9     9.0     90  36945 |   10  4111    0.0030    0.0003    0.0000 |
    4.120     9     9     9.0     90  37035 |   10  4121    0.0031    0.0003    0.0000 |
    4.130     9     9     9.0     90  37125 |   10  4131    0.0030    0.0003    0.0000 |
    4.140     9     9     9.0     90  37215 |   10  4141    0.0030    0.0003    0.0000 |
    4.150     9     9     9.0     90  37305 |   10  4151    0.0031    0.0003    0.0000 |
    4.160     9     9     9.0     90  37395 |   10  4161    0.0031    0.0003    0.0000 |
    4.170     9     9     9.0     90  37485 |   10  4171    0.0032    0.0003    0.0000 |
    4.180     9     9     9.0     90  37575 |   10  4181    0.0030    0.0003    0.0000 |
    4.190     9     9     9.0     90  37665 |   10  4191    0.0031    0.0003    0.0000 |
    4.200     9     9     9.0     90  37755 |   10  4201    0.0031    0.0003    0.0000 |
    4.210     9     9     9.0     90  37845 |   10  4211    0.0032    0.0003    0.0000 |
    4.220     9     9     9.0     90  37935 |   10  4221    0.0035    0.0004    0.0000 |
    4.230     9     9     9.0     90  38025 |   10  4231    0.0029    0.0003    0.0000 |
    4.240     9     9     9.0     90  38115 |   10  4241    0.0030    0.0003    0.0000 |
    4.250     9     9     9.0     90  38205 |   10  4251    0.0031    0.0003    0.0000 |
    4.260     9     9     9.0     90  38295 |   10  4261    0.0032    0.0003    0.0000 |
    4.270     9     9     9.0     90  38385 |   10  4271    0.0033    0.0003    0.0000 |
    4.280     9     9     9.0     90  38475 |   10  4281    0.0028    0.0003    0.0000 |
    4.290     9     9     9.0     90  38565 |   10  4291    0.0029    0.0003    0.0000 |
    4.300     9     9     9.0     90  38655 |   10  4301    0.0030    0.0003    0.0000 |
    4.310     9     9     9.0     90  38745 |   10  4311    0.0034    0.0003    0.0000 |
    4.320     9     9     9.0     90  38835 |   10  4321    0.0031    0.0003    0.0000 |
    4.330     9     9     9.0     90  38925 |   10  4331    0.0032    0.0003    0.0000 |
    4.340     9     9     9.0     90  39015 |   10  4341    0.0029    0.0003    0.0000 |
    4.350     9     9     9.0     90  39105 |   10  4351    0.0029    0.0003    0.0000 |
    4.360     9     9     9.0     90  39195 |   10  4361    0.0036    0.0004    0.0000 |
    4.370     9     9     9.0     90  39285 |   10  4371    0.0034    0.0003    0.0000 |
    4.380     9     9     9.0     90  39375 |   10  4381    0.0032    0.0003    0.0000 |
    4.390     9     9     9.0     90  39465 |   10  4391    0.0030    0.0003    0.0000 |
    4.400     9     9     9.0     90  39555 |   10  4401    0.0030    0.0003    0.0000 |
    4.410     9     9     9.0     90  39645 |   10  4411    0.0033    0.0003    0.0000 |
    4.420     9     9     9.0     90  39735 |   10  4421    0.0032    0.0003    0.0000 |
    4.430     9     9     9.0     90  39825 |   10  4431    0.0027    0.0003    0.0000 |
    4.440     9     9     9.0     90  39915 |   10  4441    0.0030    0.0003    0.0000 |
    4.450     9     9     9.0     90  40005 |   10  4451    0.0030    0.0003    0.0000 |
    4.460     9     9     9.0     90  40095 |   10  4461    0.0034    0.0003    0.0000 |
    4.470     9     9     9.0     90  40185 |   10  4471    0.0032    0.0003    0.0000 |
    4.480     9     9     9.0     90  40275 |   10  4481    0.0033    0.0003    0.0000 |
    4.490     9     9     9.0     90  40365 |   10  4491    0.0033    0.0003    0.0000 |
    4.500     9     9     9.0     90  40455 |   10  4501    0.0030    0.0003    0.0000 |
    4.510     9     9     9.0     90  40545 |   10  4511    0.0029    0.0003    0.0000 |
    4.520     9     9     9.0     90  40635 |   10  4521    0.0033    0.0003    0.0000 |
    4.530     9     9     9.0     90  40725 |   10  4531    0.0033    0.0003    0.0000 |
    4.540     9     9     9.0     90  40815 |   10  4541    0.0028    0.0003    0.0000 |
    4.550     9     9     9.0     90  40905 |   10  4551    0.0034    0.0003    0.0000 |
    4.560     9     9     9.0     90  40995 |   10  4561    0.0027    0.0003    0.0000 |
    4.570     9     9     9.0     90  41085 |   10  4571    0.0029    0.0003    0.0000 |
    4.580     9     9     9.0     90  41175 |   10  4581    0.0038    0.0004    0.0000 |
    4.590     9     9     9.0     90  41265 |   10  4591    0.0031    0.0003    0.0000 |
    4.600     9     9     9.0     90  41355 |   10  4601    0.0031    0.0003    0.0000 |
    4.610     9     9     9.0     90  41445 |   10  4611    0.0030    0.0003    0.0000 |
    4.620     9     9     9.0     90  41535 |   10  4621    0.0029    0.0003    0.0000 |
    4.630     9     9     9.0     90  41625 |   10  4631    0.0033    0.0003    0.0000 |
    4.640     9     9     9.0     90  41715 |   10  4641    0.0034    0.0003    0.0000 |
    4.650     9     9     9.0     90  41805 |   10  4651    0.0029    0.0003    0.0000 |
    4.660     9     9     9.0     90  41895 |   10  4661    0.0029    0.0003    0.0000 |
    4.670     9     9     9.0     90  41985 |   10  4671    0.0029    0.0003    0.0000 |
    4.680     9     9     9.0     90  42075 |   10  4681    0.0028    0.0003    0.0000 |
    4.690     9     9     9.0     90  42165 |   10  4691    0.0037    0.0004    0.0000 |
    4.700     9     9     9.0     90  42255 |   10  4701    0.0032    0.0003    0.0000 |
    4.710     9     9     9.0     90  42345 |   10  4711    0.0029    0.0003    0.0000 |
    4.720     9     9     9.0     90  42435 |   10  4721    0.0029    0.0003    0.0000 |
    4.730     9     9     9.0     90  42525 |   10  4731    0.0030    0.0003    0.0000 |
    4.740     9     9     9.0     90  42615 |   10  4741    0.0032    0.0003    0.0000 |
    4.750     9     9     9.0     90  42705 |   10  4751    0.0033    0.0003    0.0000 |
    4.760     9     9     9.0     90  42795 |   10  4761    0.0031    0.0003    0.0000 |
    4.770     9     9     9.0     90  42885 |   10  4771    0.0028    0.0003    0.0000 |
    4.780     9     9     9.0     90  42975 |   10  4781    0.0029    0.0003    0.0000 |
    4.790     9     9     9.0     90  43065 |   10  4791    0.0034    0.0003    0.0000 |
    4.800     9     9     9.0     90  43155 |   10  4801    0.0033    0.0003    0.0000 |
    4.810     9     9     9.0     90  43245 |   10  4811    0.0031    0.0003    0.0000 |
    4.820     9     9     9.0     90  43335 |   10  4821    0.0030    0.0003    0.0000 |
    4.830     9     9     9.0     90  43425 |   10  4831    0.0030    0.0003    0.0000 |
    4.840     9     9     9.0     90  43515 |   10  4841    0.0031    0.0003    0.0000 |
    4.850     9     9     9.0     90  43605 |   10  4851    0.0029    0.0003    0.0000 |
    4.860     9     9     9.0     90  43695 |   10  4861    0.0032    0.0003    0.0000 |
    4.870     9     9     9.0     90  43785 |   10  4871    0.0031    0.0003    0.0000 |
    4.880     9     9     9.0     90  43875 |   10  4881    0.0032    0.0003    0.0000 |
    4.890     9     9     9.0     90  43965 |   10  4891    0.0034    0.0003    0.0000 |
    4.900     9     9     9.0     90  44055 |   10  4901    0.0029    0.0003    0.0000 |
    4.910     9     9     9.0     90  44145 |   10  4911    0.0030    0.0003    0.0000 |
    4.920     9     9     9.0     90  44235 |   10  4921    0.0031    0.0003    0.0000 |
    4.930     9     9     9.0     90  44325 |   10  4931    0.0031    0.0003    0.0000 |
    4.940     9     9     9.0     90  44415 |   10  4941    0.0032    0.0003    0.0000 |
    4.950     9     9     9.0     90  44505 |   10  4951    0.0033    0.0003    0.0000 |
    4.960     9     9     9.0     90  44595 |   10  4961    0.0030    0.0003    0.0000 |
    4.970     9     9     9.0     90  44685 |   10  4971    0.0027    0.0003    0.0000 |
    4.980     9     9     9.0     90  44775 |   10  4981    0.0031    0.0003    0.0000 |
    4.990     9     9     9.0     90  44865 |   10  4991    0.0033    0.0003    0.0000 |
    5.000     9     9     9.0     90  44955 |   10  5001    0.0034    0.0003    0.0000 |
    5.010     8     9     8.9     89  45044 |   10  5011    0.0032    0.0003    0.0000 |
    5.020     8     8     8.0     80  45124 |   10  5021    0.0025    0.0003    0.0000 |
    5.030     8     8     8.0     80  45204 |   10  5031    0.0028    0.0003    0.0000 |
    5.040     8     8     8.0     80  45284 |   10  5041    0.0028    0.0003    0.0000 |
    5.050     8     8     8.0     80  45364 |   10  5051    0.0029    0.0003    0.0000 |
    5.060     8     8     8.0     80  45444 |   10  5061    0.0028    0.0003    0.0000 |
    5.070     8     8     8.0     80  45524 |   10  5071    0.0027    0.0003    0.0000 |
    5.080     8     8     8.0     80  45604 |   10  5081    0.0028    0.0003    0.0000 |
    5.090     8     8     8.0     80  45684 |   10  5091    0.0028    0.0003    0.0000 |
    5.100     8     8     8.0     80  45764 |   10  5101    0.0029    0.0003    0.0000 |
    5.110     8     8     8.0     80  45844 |   10  5111    0.0026    0.0003    0.0000 |
    5.120     8     8     8.0     80  45924 |   10  5121    0.0027    0.0003    0.0000 |
    5.130     8     8     8.0     80  46004 |   10  5131    0.0027    0.0003    0.0000 |
    5.140     8     8     8.0     80  46084 |   10  5141    0.0030    0.0003    0.0000 |
    5.150     8     8     8.0     80  46164 |   10  5151    0.0027    0.0003    0.0000 |
    5.160     8     8     8.0     80  46244 |   10  5161    0.0026    0.0003    0.0000 |
    5.170     8     8     8.0     80  46324 |   10  5171    0.0027    0.0003    0.0000 |
    5.180     8     8     8.0     80  46404 |   10  5181    0.0028    0.0003    0.0000 |
    5.190     8     8     8.0     80  46484 |   10  5191    0.0027    0.0003    0.0000 |
    5.200     8     8     8.0     80  46564 |   10  5201    0.0027    0.0003    0.0000 |
    5.210     8     8     8.0     80  46644 |   10  5211    0.0026    0.0003    0.0000 |
    5.220     8     8     8.0     80  46724 |   10  5221    0.0027    0.0003    0.0000 |
    5.230     8     8     8.0     80  46804 |   10  5231    0.0027    0.0003    0.0000 |
    5.240     8     8     8.0     80  46884 |   10  5241    0.0028    0.0003    0.0000 |
    5.250     8     8     8.0     80  46964 |   10  5251    0.0029    0.0003    0.0000 |
    5.260     8     8     8.0     80  47044 |   10  5261    0.0026    0.0003    0.0000 |
    5.270     8     8     8.0     80  47124 |   10  5271    0.0026    0.0003    0.0000 |
    5.280     8     8     8.0     80  47204 |   10  5281    0.0026    0.0003    0.0000 |
    5.290     8     8     8.0     80  47284 |   10  5291    0.0026    0.0003    0.0000 |
    5.300     8     8     8.0     80  47364 |   10  5301    0.0026    0.0003    0.0000 |
    5.310     8     8     8.0     80  47444 |   10  5311    0.0028    0.0003    0.0000 |
    5.320     8     8     8.0     80  47524 |   10  5321    0.0028    0.0003    0.0000 |
    5.330     8     8     8.0     80  47604 |   10  5331    0.0028    0.0003    0.0000 |
    5.340     8     8     8.0     80  47684 |   10  5341    0.0026    0.0003    0.0000 |
    5.350     8     8     8.0     80  47764 |   10  5351    0.0026    0.0003    0.0000 |
    5.360     8     8     8.0     80  47844 |   10  5361    0.0025    0.0003    0.0000 |
    5.370     8     8     8.0     80  47924 |   10  5371    0.0027    0.0003    0.0000 |
    5.380     8     8     8.0     80  48004 |   10  5381    0.0029    0.0003    0.0000 |
    5.390     8     8     8.0     80  48084 |   10  5391    0.0028    0.0003    0.0000 |
    5.400     8     8     8.0     80  48164 |   10  5401    0.0027    0.0003    0.0000 |
    5.410     8     8     8.0     80  48244 |   10  5411    0.0027    0.0003    0.0000 |
    5.420     8     8     8.0     80  48324 |   10  5421    0.0028    0.0003    0.0000 |
    5.430     8     8     8.0     80  48404 |   10  5431    0.0027    0.0003    0.0000 |
    5.440     8     8     8.0     80  48484 |   10  5441    0.0031    0.0003    0.0000 |
    5.450     8     8     8.0     80  48564 |   10  5451    0.0026    0.0003    0.0000 |
    5.460     8     8     8.0     80  48644 |   10  5461    0.0030    0.0003    0.0000 |
    5.470     8     8     8.0     80  48724 |   10  5471    0.0032    0.0003    0.0000 |
    5.480     8     8     8.0     80  48804 |   10  5481    0.0026    0.0003    0.0000 |
    5.490     8     8     8.0     80  48884 |   10  5491    0.0029    0.0003    0.0000 |
    5.500     8     8     8.0     80  48964 |   10  5501    0.0029    0.0003    0.0000 |
    5.510     8     8     8.0     80  49044 |   10  5511    0.0026    0.0003    0.0000 |
    5.520     8     8     8.0     80  49124 |   10  5521    0.0028    0.0003    0.0000 |
    5.530     8     8     8.0     80  49204 |   10  5531    0.0028    0.0003    0.0000 |
    5.540     8     8     8.0     80  49284 |   10  5541    0.0026    0.0003    0.0000 |
    5.550     8     8     8.0     80  49364 |   10  5551    0.0026    0.0003    0.0000 |
    5.560     8     8     8.0     80  49444 |   10  5561    0.0029    0.0003    0.0000 |
    5.570     8     8     8.0     80  49524 |   10  5571    0.0029    0.0003    0.0000 |
    5.580     8     8     8.0     80  49604 |   10  5581    0.0027    0.0003    0.0000 |
    5.590     8     8     8.0     80  49684 |   10  5591    0.0030    0.0003    0.0000 |
    5.600     8     8     8.0     80  49764 |   10  5601    0.0026    0.0003    0.0000 |
    5.610     8     8     8.0     80  49844 |   10  5611    0.0026    0.0003    0.0000 |
    5.620     8     8     8.0     80  49924 |   10  5621    0.0027    0.0003    0.0000 |
    5.630     8     8     8.0     80  50004 |   10  5631    0.0028    0.0003    0.0000 |
    5.640     8     8     8.0     80  50084 |   10  5641    0.0028    0.0003    0.0000 |
    5.650     8     8     8.0     80  50164 |   10  5651    0.0027    0.0003    0.0000 |
    5.660     8     8     8.0     80  50244 |   10  5661    0.0026    0.0003    0.0000 |
    5.670     8     8     8.0     80  50324 |   10  5671    0.0029    0.0003    0.0000 |
    5.680     8     8     8.0     80  50404 |   10  5681    0.0026    0.0003    0.0000 |
    5.690     8     8     8.0     80  50484 |   10  5691    0.0028    0.0003    0.0000 |
    5.700     8     8     8.0     80  50564 |   10  5701    0.0026    0.0003    0.0000 |
    5.710     8     8     8.0     80  50644 |   10  5711    0.0026    0.0003    0.0000 |
    5.720     8     8     8.0     80  50724 |   10  5721    0.0028    0.0003    0.0000 |
    5.730     8     8     8.0     80  50804 |   10  5731    0.0028    0.0003    0.0000 |
    5.740     8     8     8.0     80  50884 |   10  5741    0.0027    0.0003    0.0000 |
    5.750     8     8     8.0     80  50964 |   10  5751    0.0029    0.0003    0.0000 |
    5.760     8     8     8.0     80  51044 |   10  5761    0.0029    0.0003    0.0000 |
    5.770     8     8     8.0     80  51124 |   10  5771    0.0027    0.0003    0.0000 |
    5.780     8     8     8.0     80  51204 |   10  5781    0.0029    0.0003    0.0000 |
    5.790     8     8     8.0     80  51284 |   10  5791    0.0027    0.0003    0.0000 |
    5.800     8     8     8.0     80  51364 |   10  5801    0.0027    0.0003    0.0000 |
    5.810     8     8     8.0     80  51444 |   10  5811    0.0026    0.0003    0.0000 |
    5.820     8     8     8.0     80  51524 |   10  5821    0.0029    0.0003    0.0000 |
    5.830     8     8     8.0     80  51604 |   10  5831    0.0026    0.0003    0.0000 |
    5.840     8     8     8.0     80  51684 |   10  5841    0.0028    0.0003    0.0000 |
    5.850     8     8     8.0     80  51764 |   10  5851    0.0027    0.0003    0.0000 |
    5.860     8     8     8.0     80  51844 |   10  5861    0.0028    0.0003    0.0000 |
    5.870     8     8     8.0     80  51924 |   10  5871    0.0029    0.0003    0.0000 |
    5.880     8     8     8.0     80  52004 |   10  5881    0.0027    0.0003    0.0000 |
    5.890     8     8     8.0     80  52084 |   10  5891    0.0029    0.0003    0.0000 |
    5.900     8     8     8.0     80  52164 |   10  5901    0.0029    0.0003    0.0000 |
    5.910     8     8     8.0     80  52244 |   10  5911    0.0027    0.0003    0.0000 |
    5.920     8     8     8.0     80  52324 |   10  5921    0.0027    0.0003    0.0000 |
    5.930     8     8     8.0     80  52404 |   10  5931    0.0028    0.0003    0.0000 |
    5.940     8     8     8.0     80  52484 |   10  5941    0.0026    0.0003    0.0000 |
    5.950     8     8     8.0     80  52564 |   10  5951    0.0027    0.0003    0.0000 |
    5.960     8     8     8.0     80  52644 |   10  5961    0.0027    0.0003    0.0000 |
    5.970     8     8     8.0     80  52724 |   10  5971    0.0029    0.0003    0.0000 |
    5.980     8     8     8.0     80  52804 |   10  5981    0.0030    0.0003    0.0000 |
    5.990     8     8     8.0     80  52884 |   10  5991    0.0030    0.0003    0.0000 |
    6.000     8     8     8.0     80  52964 |   10  6001    0.0031    0.0003    0.0000 |
    6.010     8     8     8.0     80  53044 |   10  6011    0.0026    0.0003    0.0000 |
    6.020     8     8     8.0     80  53124 |   10  6021    0.0028    0.0003    0.0000 |
    6.030     8     8     8.0     80  53204 |   10  6031    0.0028    0.0003    0.0000 |
    6.040     8     8     8.0     80  53284 |   10  6041    0.0028    0.0003    0.0000 |
    6.050     8     8     8.0     80  53364 |   10  6051    0.0025    0.0003    0.0000 |
    6.060     8     8     8.0     80  53444 |   10  6061    0.0027    0.0003    0.0000 |
    6.070     8     8     8.0     80  53524 |   10  6071    0.0028    0.0003    0.0000 |
    6.080     8     8     8.0     80  53604 |   10  6081    0.0028    0.0003    0.0000 |
    6.090     8     8     8.0     80  53684 |   10  6091    0.0026    0.0003    0.0000 |
    6.100     8     8     8.0     80  53764 |   10  6101    0.0026    0.0003    0.0000 |
    6.110     8     8     8.0     80  53844 |   10  6111    0.0029    0.0003    0.0000 |
    6.120     8     8     8.0     80  53924 |   10  6121    0.0027    0.0003    0.0000 |
    6.130     8     8     8.0     80  54004 |   10  6131    0.0028    0.0003    0.0000 |
    6.140     8     8     8.0     80  54084 |   10  6141    0.0026    0.0003    0.0000 |
    6.150     8     8     8.0     80  54164 |   10  6151    0.0027    0.0003    0.0000 |
    6.160     8     8     8.0     80  54244 |   10  6161    0.0026    0.0003    0.0000 |
    6.170     8     8     8.0     80  54324 |   10  6171    0.0030    0.0003    0.0000 |
    6.180     8     8     8.0     80  54404 |   10  6181    0.0026    0.0003    0.0000 |
    6.190     8     8     8.0     80  54484 |   10  6191    0.0027    0.0003    0.0000 |
    6.200     8     8     8.0     80  54564 |   10  6201    0.0027    0.0003    0.0000 |
    6.210     8     8     8.0     80  54644 |   10  6211    0.0028    0.0003    0.0000 |
    6.220     8     8     8.0     80  54724 |   10  6221    0.0027    0.0003    0.0000 |
    6.230     8     8     8.0     80  54804 |   10  6231    0.0028    0.0003    0.0000 |
    6.240     8     8     8.0     80  54884 |   10  6241    0.0028    0.0003    0.0000 |
    6.250     8     8     8.0     80  54964 |   10  6251    0.0028    0.0003    0.0000 |
    6.260     8     8     8.0     80  55044 |   10  6261    0.0029    0.0003    0.0000 |
    6.270     8     8     8.0     80  55124 |   10  6271    0.0027    0.0003    0.0000 |
    6.280     8     8     8.0     80  55204 |   10  6281    0.0026    0.0003    0.0000 |
    6.290     8     8     8.0     80  55284 |   10  6291    0.0027    0.0003    0.0000 |
    6.300     8     8     8.0     80  55364 |   10  6301    0.0028    0.0003    0.0000 |
    6.310     8     8     8.0     80  55444 |   10  6311    0.0027    0.0003    0.0000 |
    6.320     8     8     8.0     80  55524 |   10  6321    0.0026    0.0003    0.0000 |
    6.330     8     8     8.0     80  55604 |   10  6331    0.0026    0.0003    0.0000 |
    6.340     8     8     8.0     80  55684 |   10  6341    0.0028    0.0003    0.0000 |
    6.350     8     8     8.0     80  55764 |   10  6351    0.0028    0.0003    0.0000 |
    6.360     8     8     8.0     80  55844 |   10  6361    0.0026    0.0003    0.0000 |
    6.370     8     8     8.0     80  55924 |   10  6371    0.0029    0.0003    0.0000 |
    6.380     8     8     8.0     80  56004 |   10  6381    0.0030    0.0003    0.0000 |
    6.390     8     8     8.0     80  56084 |   10  6391    0.0029    0.0003    0.0000 |
    6.400     8     8     8.0     80  56164 |   10  6401    0.0027    0.0003    0.0000 |
    6.410     8     8     8.0     80  56244 |   10  6411    0.0028    0.0003    0.0000 |
    6.420     8     8     8.0     80  56324 |   10  6421    0.0026    0.0003    0.0000 |
    6.430     8     8     8.0     80  56404 |   10  6431    0.0026    0.0003    0.0000 |
    6.440     8     8     8.0     80  56484 |   10  6441    0.0028    0.0003    0.0000 |
    6.450     7     8     7.1     71  56555 |   10  6451    0.0027    0.0003    0.0000 |
    6.460     7     7     7.0     70  56625 |   10  6461    0.0028    0.0003    0.0000 |
    6.470     7     7     7.0     70  56695 |   10  6471    0.0029    0.0003    0.0000 |
    6.480     7     7     7.0     70  56765 |   10  6481    0.0025    0.0003    0.0000 |
    6.490     7     7     7.0     70  56835 |   10  6491    0.0024    0.0002    0.0000 |
    6.500     7     7     7.0     70  56905 |   10  6501    0.0027    0.0003    0.0000 |
    6.510     7     7     7.0     70  56975 |   10  6511    0.0025    0.0003    0.0000 |
    6.520     7     7     7.0     70  57045 |   10  6521    0.0030    0.0003    0.0000 |
    6.530     7     7     7.0     70  57115 |   10  6531    0.0029    0.0003    0.0000 |
    6.540     7     7     7.0     70  57185 |   10  6541    0.0026    0.0003    0.0000 |
    6.550     7     7     7.0     70  57255 |   10  6551    0.0025    0.0003    0.0000 |
    6.560     7     7     7.0     70  57325 |   10  6561    0.0027    0.0003    0.0000 |
    6.570     7     7     7.0     70  57395 |   10  6571    0.0025    0.0002    0.0000 |
    6.580     7     7     7.0     70  57465 |   10  6581    0.0024    0.0002    0.0000 |
    6.590     7     7     7.0     70  57535 |   10  6591    0.0023    0.0002    0.0000 |
    6.600     7     7     7.0     70  57605 |   10  6601    0.0026    0.0003    0.0000 |
    6.610     7     7     7.0     70  57675 |   10  6611    0.0027    0.0003    0.0000 |
    6.620     7     7     7.0     70  57745 |   10  6621    0.0027    0.0003    0.0000 |
    6.630     7     7     7.0     70  57815 |   10  6631    0.0027    0.0003    0.0000 |
    6.640     7     7     7.0     70  57885 |   10  6641    0.0028    0.0003    0.0000 |
    6.650     7     7     7.0     70  57955 |   10  6651    0.0025    0.0003    0.0000 |
    6.660     7     7     7.0     70  58025 |   10  6661    0.0025    0.0002    0.0000 |
    6.670     7     7     7.0     70  58095 |   10  6671    0.0026    0.0003    0.0000 |
    6.680     7     7     7.0     70  58165 |   10  6681    0.0025    0.0003    0.0000 |
    6.690     7     7     7.0     70  58235 |   10  6691    0.0030    0.0003    0.0000 |
    6.700     7     7     7.0     70  58305 |   10  6701    0.0028    0.0003    0.0000 |
    6.710     7     7     7.0     70  58375 |   10  6711    0.0028    0.0003    0.0000 |
    6.720     7     7     7.0     70  58445 |   10  6721    0.0024    0.0002    0.0000 |
    6.730     7     7     7.0     70  58515 |   10  6731    0.0029    0.0003    0.0000 |
    6.740     7     7     7.0     70  58585 |   10  6741    0.0025    0.0002    0.0000 |
    6.750     7     7     7.0     70  58655 |   10  6751    0.0026    0.0003    0.0000 |
    6.760     7     7     7.0     70  58725 |   10  6761    0.0026    0.0003    0.0000 |
    6.770     7     7     7.0     70  58795 |   10  6771    0.0025    0.0003    0.0000 |
    6.780     7     7     7.0     70  58865 |   10  6781    0.0027    0.0003    0.0000 |
    6.790     7     7     7.0     70  58935 |   10  6791    0.0030    0.0003    0.0000 |
    6.800     7     7     7.0     70  59005 |   10  6801    0.0026    0.0003    0.0000 |
    6.810     7     7     7.0     70  59075 |   10  6811    0.0027    0.0003    0.0000 |
    6.820     7     7     7.0     70  59145 |   10  6821    0.0026    0.0003    0.0000 |
    6.830     7     7     7.0     70  59215 |   10  6831    0.0023    0.0002    0.0000 |
    6.840     7     7     7.0     70  59285 |   10  6841    0.0026    0.0003    0.0000 |
    6.850     7     7     7.0     70  59355 |   10  6851    0.0028    0.0003    0.0000 |
    6.860     7     7     7.0     70  59425 |   10  6861    0.0028    0.0003    0.0000 |
    6.870     7     7     7.0     70  59495 |   10  6871    0.0028    0.0003    0.0000 |
    6.880     7     7     7.0     70  59565 |   10  6881    0.0027    0.0003    0.0000 |
    6.890     7     7     7.0     70  59635 |   10  6891    0.0024    0.0002    0.0000 |
    6.900     7     7     7.0     70  59705 |   10  6901    0.0023    0.0002    0.0000 |
    6.910     7     7     7.0     70  59775 |   10  6911    0.0025    0.0003    0.0000 |
    6.920     7     7     7.0     70  59845 |   10  6921    0.0025    0.0002    0.0000 |
    6.930     7     7     7.0     70  59915 |   10  6931    0.0023    0.0002    0.0000 |
    6.940     7     7     7.0     70  59985 |   10  6941    0.0030    0.0003    0.0000 |
    6.950     7     7     7.0     70  60055 |   10  6951    0.0028    0.0003    0.0000 |
    6.960     7     7     7.0     70  60125 |   10  6961    0.0029    0.0003    0.0000 |
    6.970     7     7     7.0     70  60195 |   10  6971    0.0025    0.0003    0.0000 |
    6.980     7     7     7.0     70  60265 |   10  6981    0.0026    0.0003    0.0000 |
    6.990     7     7     7.0     70  60335 |   10  6991    0.0023    0.0002    0.0000 |
    7.000     7     7     7.0     70  60405 |   10  7001    0.0024    0.0002    0.0000 |
    7.010     7     7     7.0     70  60475 |   10  7011    0.0023    0.0002    0.0000 |
    7.020     7     7     7.0     70  60545 |   10  7021    0.0028    0.0003    0.0000 |
    7.030     7     7     7.0     70  60615 |   10  7031    0.0027    0.0003    0.0000 |
    7.040     7     7     7.0     70  60685 |   10  7041    0.0027    0.0003    0.0000 |
    7.050     7     7     7.0     70  60755 |   10  7051    0.0028    0.0003    0.0000 |
    7.060     7     7     7.0     70  60825 |   10  7061    0.0026    0.0003    0.0000 |
    7.070     7     7     7.0     70  60895 |   10  7071    0.0025    0.0002    0.0000 |
    7.080     7     7     7.0     70  60965 |   10  7081    0.0023    0.0002    0.0000 |
    7.090     7     7     7.0     70  61035 |   10  7091    0.0026    0.0003    0.0000 |
    7.100     7     7     7.0     70  61105 |   10  7101    0.0025    0.0002    0.0000 |
    7.110     7     7     7.0     70  61175 |   10  7111    0.0026    0.0003    0.0000 |
    7.120     7     7     7.0     70  61245 |   10  7121    0.0031    0.0003    0.0000 |
    7.130     7     7     7.0     70  61315 |   10  7131    0.0029    0.0003    0.0000 |
    7.140     7     7     7.0     70  61385 |   10  7141    0.0025    0.0002    0.0000 |
    7.150     7     7     7.0     70  61455 |   10  7151    0.0025    0.0002    0.0000 |
    7.160     7     7     7.0     70  61525 |   10  7161    0.0026    0.0003    0.0000 |
    7.170     7     7     7.0     70  61595 |   10  7171    0.0028    0.0003    0.0000 |
    7.180     7     7     7.0     70  61665 |   10  7181    0.0026    0.0003    0.0000 |
    7.190     7     7     7.0     70  61735 |   10  7191    0.0027    0.0003    0.0000 |
    7.200     7     7     7.0     70  61805 |   10  7201    0.0025    0.0003    0.0000 |
    7.210     7     7     7.0     70  61875 |   10  7211    0.0026    0.0003    0.0000 |
    7.220     7     7     7.0     70  61945 |   10  7221    0.0028    0.0003    0.0000 |
    7.230     7     7     7.0     70  62015 |   10  7231    0.0026    0.0003    0.0000 |
    7.240     7     7     7.0     70  62085 |   10  7241    0.0031    0.0003    0.0000 |
    7.250     7     7     7.0     70  62155 |   10  7251    0.0025    0.0003    0.0000 |
    7.260     7     7     7.0     70  62225 |   10  7261    0.0026    0.0003    0.0000 |
    7.270     7     7     7.0     70  62295 |   10  7271    0.0027    0.0003    0.0000 |
    7.280     7     7     7.0     70  62365 |   10  7281    0.0028    0.0003    0.0000 |
    7.290     7     7     7.0     70  62435 |   10  7291    0.0028    0.0003    0.0000 |
    7.300     7     7     7.0     70  62505 |   10  7301    0.0030    0.0003    0.0000 |
    7.310     7     7     7.0     70  62575 |   10  7311    0.0029    0.0003    0.0000 |
    7.320     7     7     7.0     70  62645 |   10  7321    0.0027    0.0003    0.0000 |
    7.330     7     7     7.0     70  62715 |   10  7331    0.0025    0.0003    0.0000 |
    7.340     7     7     7.0     70  62785 |   10  7341    0.0027    0.0003    0.0000 |
    7.350     7     7     7.0     70  62855 |   10  7351    0.0025    0.0002    0.0000 |
    7.360     7     7     7.0     70  62925 |   10  7361    0.0026    0.0003    0.0000 |
    7.370     7     7     7.0     70  62995 |   10  7371    0.0025    0.0003    0.0000 |
    7.380     7     7     7.0     70  63065 |   10  7381    0.0029    0.0003    0.0000 |
    7.390     7     7     7.0     70  63135 |   10  7391    0.0026    0.0003    0.0000 |
    7.400     7     7     7.0     70  63205 |   10  7401    0.0027    0.0003    0.0000 |
    7.410     7     7     7.0     70  63275 |   10  7411    0.0026    0.0003    0.0000 |
    7.420     7     7     7.0     70  63345 |   10  7421    0.0026    0.0003    0.0000 |
    7.430     7     7     7.0     70  63415 |   10  7431    0.0026    0.0003    0.0000 |
    7.440     7     7     7.0     70  63485 |   10  7441    0.0028    0.0003    0.0000 |
    7.450     7     7     7.0     70  63555 |   10  7451    0.0023    0.0002    0.0000 |
    7.460     7     7     7.0     70  63625 |   10  7461    0.0024    0.0002    0.0000 |
    7.470     7     7     7.0     70  63695 |   10  7471    0.0031    0.0003    0.0000 |
    7.480     7     7     7.0     70  63765 |   10  7481    0.0025    0.0003    0.0000 |
    7.490     7     7     7.0     70  63835 |   10  7491    0.0027    0.0003    0.0000 |
    7.500     7     7     7.0     70  63905 |   10  7501    0.0027    0.0003    0.0000 |
    7.510     7     7     7.0     70  63975 |   10  7511    0.0027    0.0003    0.0000 |
    7.520     7     7     7.0     70  64045 |   10  7521    0.0025    0.0003    0.0000 |
    7.530     7     7     7.0     70  64115 |   10  7531    0.0026    0.0003    0.0000 |
    7.540     7     7     7.0     70  64185 |   10  7541    0.0027    0.0003    0.0000 |
    7.550     7     7     7.0     70  64255 |   10  7551    0.0028    0.0003    0.0000 |
    7.560     7     7     7.0     70  64325 |   10  7561    0.0026    0.0003    0.0000 |
    7.570     7     7     7.0     70  64395 |   10  7571    0.0029    0.0003    0.0000 |
    7.580     7     7     7.0     70  64465 |   10  7581    0.0025    0.0003    0.0000 |
    7.590     7     7     7.0     70  64535 |   10  7591    0.0025    0.0003    0.0000 |
    7.600     7     7     7.0     70  64605 |   10  7601    0.0026    0.0003    0.0000 |
    7.610     7     7     7.0     70  64675 |   10  7611    0.0025    0.0003    0.0000 |
    7.620     7     7     7.0     70  64745 |   10  7621    0.0025    0.0002    0.0000 |
    7.630     7     7     7.0     70  64815 |   10  7631    0.0024    0.0002    0.0000 |
    7.640     7     7     7.0     70  64885 |   10  7641    0.0026    0.0003    0.0000 |
    7.650     7     7     7.0     70  64955 |   10  7651    0.0025    0.0002    0.0000 |
    7.660     7     7     7.0     70  65025 |   10  7661    0.0027    0.0003    0.0000 |
    7.670     7     7     7.0     70  65095 |   10  7671    0.0027    0.0003    0.0000 |
    7.680     7     7     7.0     70  65165 |   10  7681    0.0027    0.0003    0.0000 |
    7.690     7     7     7.0     70  65235 |   10  7691    0.0024    0.0002    0.0000 |
    7.700     7     7     7.0     70  65305 |   10  7701    0.0026    0.0003    0.0000 |
    7.710     7     7     7.0     70  65375 |   10  7711    0.0028    0.0003    0.0000 |
    7.720     7     7     7.0     70  65445 |   10  7721    0.0023    0.0002    0.0000 |
    7.730     7     7     7.0     70  65515 |   10  7731    0.0025    0.0002    0.0000 |
    7.740     7     7     7.0     70  65585 |   10  7741    0.0025    0.0002    0.0000 |
    7.750     7     7     7.0     70  65655 |   10  7751    0.0025    0.0003    0.0000 |
    7.760     7     7     7.0     70  65725 |   10  7761    0.0026    0.0003    0.0000 |
    7.770     7     7     7.0     70  65795 |   10  7771    0.0029    0.0003    0.0000 |
    7.780     7     7     7.0     70  65865 |   10  7781    0.0030    0.0003    0.0000 |
    7.790     7     7     7.0     70  65935 |   10  7791    0.0027    0.0003    0.0000 |
    7.800     7     7     7.0     70  66005 |   10  7801    0.0024    0.0002    0.0000 |
    7.810     7     7     7.0     70  66075 |   10  7811    0.0024    0.0002    0.0000 |
    7.820     7     7     7.0     70  66145 |   10  7821    0.0025    0.0002    0.0000 |
    7.830     7     7     7.0     70  66215 |   10  7831    0.0024    0.0002    0.0000 |
    7.840     7     7     7.0     70  66285 |   10  7841    0.0025    0.0002    0.0000 |
    7.850     7     7     7.0     70  66355 |   10  7851    0.0028    0.0003    0.0000 |
    7.860     7     7     7.0     70  66425 |   10  7861    0.0024    0.0002    0.0000 |
    7.870     7     7     7.0     70  66495 |   10  7871    0.0029    0.0003    0.0000 |
    7.880     7     7     7.0     70  66565 |   10  7881    0.0030    0.0003    0.0000 |
    7.890     7     7     7.0     70  66635 |   10  7891    0.0025    0.0003    0.0000 |
    7.900     7     7     7.0     70  66705 |   10  7901    0.0026    0.0003    0.0000 |
    7.910     7     7     7.0     70  66775 |   10  7911    0.0026    0.0003    0.0000 |
    7.920     7     7     7.0     70  66845 |   10  7921    0.0025    0.0003    0.0000 |
    7.930     7     7     7.0     70  66915 |   10  7931    0.0026    0.0003    0.0000 |
    7.940     7     7     7.0     70  66985 |   10  7941    0.0024    0.0002    0.0000 |
    7.950     7     7     7.0     70  67055 |   10  7951    0.0024    0.0002    0.0000 |
    7.960     7     7     7.0     70  67125 |   10  7961    0.0032    0.0003    0.0000 |
    7.970     7     7     7.0     70  67195 |   10  7971    0.0028    0.0003    0.0000 |
    7.980     7     7     7.0     70  67265 |   10  7981    0.0026    0.0003    0.0000 |
    7.990     7     7     7.0     70  67335 |   10  7991    0.0024    0.0002    0.0000 |
    8.000     7     7     7.0     70  67405 |   10  8001    0.0025    0.0002    0.0000 |
    8.010     7     7     7.0     70  67475 |   10  8011    0.0026    0.0003    0.0000 |
    8.020     7     7     7.0     70  67545 |   10  8021    0.0025    0.0002    0.0000 |
    8.030     7     7     7.0     70  67615 |   10  8031    0.0024    0.0002    0.0000 |
    8.040     7     7     7.0     70  67685 |   10  8041    0.0024    0.0002    0.0000 |
    8.050     7     7     7.0     70  67755 |   10  8051    0.0026    0.0003    0.0000 |
    8.060     7     7     7.0     70  67825 |   10  8061    0.0029    0.0003    0.0000 |
    8.070     7     7     7.0     70  67895 |   10  8071    0.0026    0.0003    0.0000 |
    8.080     7     7     7.0     70  67965 |   10  8081    0.0026    0.0003    0.0000 |
    8.090     7     7     7.0     70  68035 |   10  8091    0.0030    0.0003    0.0000 |
    8.100     7     7     7.0     70  68105 |   10  8101    0.0025    0.0002    0.0000 |
    8.110     7     7     7.0     70  68175 |   10  8111    0.0027    0.0003    0.0000 |
    8.120     7     7     7.0     70  68245 |   10  8121    0.0024    0.0002    0.0000 |
    8.130     7     7     7.0     70  68315 |   10  8131    0.0023    0.0002    0.0000 |
    8.140     7     7     7.0     70  68385 |   10  8141    0.0026    0.0003    0.0000 |
    8.150     7     7     7.0     70  68455 |   10  8151    0.0027    0.0003    0.0000 |
    8.160     7     7     7.0     70  68525 |   10  8161    0.0023    0.0002    0.0000 |
    8.170     7     7     7.0     70  68595 |   10  8171    0.0028    0.0003    0.0000 |
    8.180     7     7     7.0     70  68665 |   10  8181    0.0030    0.0003    0.0000 |
    8.190     7     7     7.0     70  68735 |   10  8191    0.0025    0.0002    0.0000 |
    8.200     7     7     7.0     70  68805 |   10  8201    0.0032    0.0003    0.0000 |
    8.210     7     7     7.0     70  68875 |   10  8211    0.0026    0.0003    0.0000 |
    8.220     7     7     7.0     70  68945 |   10  8221    0.0029    0.0003    0.0000 |
    8.230     7     7     7.0     70  69015 |   10  8231    0.0027    0.0003    0.0000 |
    8.240     7     7     7.0     70  69085 |   10  8241    0.0025    0.0002    0.0000 |
    8.250     7     7     7.0     70  69155 |   10  8251    0.0026    0.0003    0.0000 |
    8.260     7     7     7.0     70  69225 |   10  8261    0.0028    0.0003    0.0000 |
    8.270     7     7     7.0     70  69295 |   10  8271    0.0024    0.0002    0.0000 |
    8.280     7     7     7.0     70  69365 |   10  8281    0.0030    0.0003    0.0000 |
    8.290     7     7     7.0     70  69435 |   10  8291    0.0028    0.0003    0.0000 |
    8.300     7     7     7.0     70  69505 |   10  8301    0.0031    0.0003    0.0000 |
    8.310     7     7     7.0     70  69575 |   10  8311    0.0034    0.0003    0.0000 |
    8.320     7     7     7.0     70  69645 |   10  8321    0.0025    0.0002    0.0000 |
    8.330     7     7     7.0     70  69715 |   10  8331    0.0031    0.0003    0.0000 |
    8.340     7     7     7.0     70  69785 |   10  8341    0.0025    0.0002    0.0000 |
    8.350     7     7     7.0     70  69855 |   10  8351    0.0026    0.0003    0.0000 |
    8.360     7     7     7.0     70  69925 |   10  8361    0.0027    0.0003    0.0000 |
    8.370     7     7     7.0     70  69995 |   10  8371    0.0024    0.0002    0.0000 |
    8.380     7     7     7.0     70  70065 |   10  8381    0.0025    0.0002    0.0000 |
    8.390     7     7     7.0     70  70135 |   10  8391    0.0032    0.0003    0.0000 |
    8.400     7     7     7.0     70  70205 |   10  8401    0.0025    0.0003    0.0000 |
    8.410     7     7     7.0     70  70275 |   10  8411    0.0033    0.0003    0.0000 |
    8.420     7     7     7.0     70  70345 |   10  8421    0.0026    0.0003    0.0000 |
    8.430     7     7     7.0     70  70415 |   10  8431    0.0025    0.0003    0.0000 |
    8.440     7     7     7.0     70  70485 |   10  8441    0.0025    0.0003    0.0000 |
    8.450     7     7     7.0     70  70555 |   10  8451    0.0027    0.0003    0.0000 |
    8.460     7     7     7.0     70  70625 |   10  8461    0.0024    0.0002    0.0000 |
    8.470     7     7     7.0     70  70695 |   10  8471    0.0024    0.0002    0.0000 |
    8.480     7     7     7.0     70  70765 |   10  8481    0.0028    0.0003    0.0000 |
    8.490     7     7     7.0     70  70835 |   10  8491    0.0024    0.0002    0.0000 |
    8.500     7     7     7.0     70  70905 |   10  8501    0.0023    0.0002    0.0000 |
    8.510     7     7     7.0     70  70975 |   10  8511    0.0029    0.0003    0.0000 |
    8.520     7     7     7.0     70  71045 |   10  8521    0.0031    0.0003    0.0000 |
    8.530     7     7     7.0     70  71115 |   10  8531    0.0029    0.0003    0.0000 |
    8.540     7     7     7.0     70  71185 |   10  8541    0.0024    0.0002    0.0000 |
    8.550     7     7     7.0     70  71255 |   10  8551    0.0024    0.0002    0.0000 |
    8.560     7     7     7.0     70  71325 |   10  8561    0.0027    0.0003    0.0000 |
    8.570     7     7     7.0     70  71395 |   10  8571    0.0025    0.0002    0.0000 |
    8.580     7     7     7.0     70  71465 |   10  8581    0.0025    0.0002    0.0000 |
    8.590     7     7     7.0     70  71535 |   10  8591    0.0024    0.0002    0.0000 |
    8.600     7     7     7.0     70  71605 |   10  8601    0.0023    0.0002    0.0000 |
    8.610     7     7     7.0     70  71675 |   10  8611    0.0024    0.0002    0.0000 |
    8.620     7     7     7.0     70  71745 |   10  8621    0.0026    0.0003    0.0000 |
    8.630     7     7     7.0     70  71815 |   10  8631    0.0026    0.0003    0.0000 |
    8.640     7     7     7.0     70  71885 |   10  8641    0.0028    0.0003    0.0000 |
    8.650     7     7     7.0     70  71955 |   10  8651    0.0032    0.0003    0.0000 |
    8.660     7     7     7.0     70  72025 |   10  8661    0.0029    0.0003    0.0000 |
    8.670     7     7     7.0     70  72095 |   10  8671    0.0025    0.0003    0.0000 |
    8.680     7     7     7.0     70  72165 |   10  8681    0.0026    0.0003    0.0000 |
    8.690     7     7     7.0     70  72235 |   10  8691    0.0025    0.0003    0.0000 |
    8.700     7     7     7.0     70  72305 |   10  8701    0.0026    0.0003    0.0000 |
    8.710     7     7     7.0     70  72375 |   10  8711    0.0024    0.0002    0.0000 |
    8.720     7     7     7.0     70  72445 |   10  8721    0.0025    0.0003    0.0000 |
    8.730     7     7     7.0     70  72515 |   10  8731    0.0024    0.0002    0.0000 |
    8.740     7     7     7.0     70  72585 |   10  8741    0.0031    0.0003    0.0000 |
    8.750     7     7     7.0     70  72655 |   10  8751    0.0026    0.0003    0.0000 |
    8.760     7     7     7.0     70  72725 |   10  8761    0.0028    0.0003    0.0000 |
    8.770     7     7     7.0     70  72795 |   10  8771    0.0028    0.0003    0.0000 |
    8.780     7     7     7.0     70  72865 |   10  8781    0.0026    0.0003    0.0000 |
    8.790     7     7     7.0     70  72935 |   10  8791    0.0027    0.0003    0.0000 |
    8.800     7     7     7.0     70  73005 |   10  8801    0.0030    0.0003    0.0000 |
    8.810     7     7     7.0     70  73075 |   10  8811    0.0026    0.0003    0.0000 |
    8.820     7     7     7.0     70  73145 |   10  8821    0.0026    0.0003    0.0000 |
    8.830     7     7     7.0     70  73215 |   10  8831    0.0025    0.0002    0.0000 |
    8.840     7     7     7.0     70  73285 |   10  8841    0.0024    0.0002    0.0000 |
    8.850     7     7     7.0     70  73355 |   10  8851    0.0026    0.0003    0.0000 |
    8.860     7     7     7.0     70  73425 |   10  8861    0.0024    0.0002    0.0000 |
    8.870     7     7     7.0     70  73495 |   10  8871    0.0026    0.0003    0.0000 |
    8.880     7     7     7.0     70  73565 |   10  8881    0.0027    0.0003    0.0000 |
    8.890     7     7     7.0     70  73635 |   10  8891    0.0028    0.0003    0.0000 |
    8.900     7     7     7.0     70  73705 |   10  8901    0.0031    0.0003    0.0000 |
    8.910     7     7     7.0     70  73775 |   10  8911    0.0025    0.0003    0.0000 |
    8.920     7     7     7.0     70  73845 |   10  8921    0.0025    0.0002    0.0000 |
    8.930     7     7     7.0     70  73915 |   10  8931    0.0027    0.0003    0.0000 |
    8.940     7     7     7.0     70  73985 |   10  8941    0.0024    0.0002    0.0000 |
    8.950     7     7     7.0     70  74055 |   10  8951    0.0023    0.0002    0.0000 |
    8.960     7     7     7.0     70  74125 |   10  8961    0.0026    0.0003    0.0000 |
    8.970     7     7     7.0     70  74195 |   10  8971    0.0023    0.0002    0.0000 |
    8.980     7     7     7.0     70  74265 |   10  8981    0.0023    0.0002    0.0000 |
    8.990     7     7     7.0     70  74335 |   10  8991    0.0027    0.0003    0.0000 |
    9.000     7     7     7.0     70  74405 |   10  9001    0.0029    0.0003    0.0000 |
    9.010     7     7     7.0     70  74475 |   10  9011    0.0029    0.0003    0.0000 |
    9.020     7     7     7.0     70  74545 |   10  9021    0.0024    0.0002    0.0000 |
    9.030     7     7     7.0     70  74615 |   10  9031    0.0028    0.0003    0.0000 |
    9.040     7     7     7.0     70  74685 |   10  9041    0.0025    0.0003    0.0000 |
    9.050     7     7     7.0     70  74755 |   10  9051    0.0028    0.0003    0.0000 |
    9.060     7     7     7.0     70  74825 |   10  9061    0.0023    0.0002    0.0000 |
    9.070     7     7     7.0     70  74895 |   10  9071    0.0024    0.0002    0.0000 |
    9.080     7     7     7.0     70  74965 |   10  9081    0.0025    0.0003    0.0000 |
    9.090     7     7     7.0     70  75035 |   10  9091    0.0025    0.0002    0.0000 |
    9.100     7     7     7.0     70  75105 |   10  9101    0.0024    0.0002    0.0000 |
    9.110     7     7     7.0     70  75175 |   10  9111    0.0023    0.0002    0.0000 |
    9.120     7     7     7.0     70  75245 |   10  9121    0.0030    0.0003    0.0000 |
    9.130     7     7     7.0     70  75315 |   10  9131    0.0023    0.0002    0.0000 |
    9.140     7     7     7.0     70  75385 |   10  9141    0.0030    0.0003    0.0000 |
    9.150     7     7     7.0     70  75455 |   10  9151    0.0029    0.0003    0.0000 |
    9.160     7     7     7.0     70  75525 |   10  9161    0.0025    0.0003    0.0000 |
    9.170     7     7     7.0     70  75595 |   10  9171    0.0025    0.0003    0.0000 |
    9.180     7     7     7.0     70  75665 |   10  9181    0.0029    0.0003    0.0000 |
    9.190     7     7     7.0     70  75735 |   10  9191    0.0027    0.0003    0.0000 |
    9.200     7     7     7.0     70  75805 |   10  9201    0.0025    0.0003    0.0000 |
    9.210     7     7     7.0     70  75875 |   10  9211    0.0025    0.0002    0.0000 |
    9.220     7     7     7.0     70  75945 |   10  9221    0.0025    0.0002    0.0000 |
    9.230     7     7     7.0     70  76015 |   10  9231    0.0026    0.0003    0.0000 |
    9.240     7     7     7.0     70  76085 |   10  9241    0.0024    0.0002    0.0000 |
    9.250     7     7     7.0     70  76155 |   10  9251    0.0028    0.0003    0.0000 |
    9.260     7     7     7.0     70  76225 |   10  9261    0.0028    0.0003    0.0000 |
    9.270     7     7     7.0     70  76295 |   10  9271    0.0023    0.0002    0.0000 |
    9.280     7     7     7.0     70  76365 |   10  9281    0.0033    0.0003    0.0000 |
    9.290     7     7     7.0     70  76435 |   10  9291    0.0023    0.0002    0.0000 |
    9.300     7     7     7.0     70  76505 |   10  9301    0.0025    0.0003    0.0000 |
    9.310     7     7     7.0     70  76575 |   10  9311    0.0027    0.0003    0.0000 |
    9.320     7     7     7.0     70  76645 |   10  9321    0.0025    0.0002    0.0000 |
    9.330     7     7     7.0     70  76715 |   10  9331    0.0024    0.0002    0.0000 |
    9.340     7     7     7.0     70  76785 |   10  9341    0.0026    0.0003    0.0000 |
    9.350     7     7     7.0     70  76855 |   10  9351    0.0023    0.0002    0.0000 |
    9.360     7     7     7.0     70  76925 |   10  9361    0.0025    0.0002    0.0000 |
    9.370     7     7     7.0     70  76995 |   10  9371    0.0032    0.0003    0.0000 |
    9.380     7     7     7.0     70  77065 |   10  9381    0.0024    0.0002    0.0000 |
    9.390     7     7     7.0     70  77135 |   10  9391    0.0027    0.0003    0.0000 |
    9.400     7     7     7.0     70  77205 |   10  9401    0.0028    0.0003    0.0000 |
    9.410     7     7     7.0     70  77275 |   10  9411    0.0026    0.0003    0.0000 |
    9.420     7     7     7.0     70  77345 |   10  9421    0.0026    0.0003    0.0000 |
    9.430     7     7     7.0     70  77415 |   10  9431    0.0027    0.0003    0.0000 |
    9.440     7     7     7.0     70  77485 |   10  9441    0.0024    0.0002    0.0000 |
    9.450     7     7     7.0     70  77555 |   10  9451    0.0026    0.0003    0.0000 |
    9.460     7     7     7.0     70  77625 |   10  9461    0.0026    0.0003    0.0000 |
    9.470     7     7     7.0     70  77695 |   10  9471    0.0026    0.0003    0.0000 |
    9.480     7     7     7.0     70  77765 |   10  9481    0.0025    0.0003    0.0000 |
    9.490     7     7     7.0     70  77835 |   10  9491    0.0026    0.0003    0.0000 |
    9.500     7     7     7.0     70  77905 |   10  9501    0.0025    0.0003    0.0000 |
    9.510     7     7     7.0     70  77975 |   10  9511    0.0026    0.0003    0.0000 |
    9.520     7     7     7.0     70  78045 |   10  9521    0.0027    0.0003    0.0000 |
    9.530     7     7     7.0     70  78115 |   10  9531    0.0030    0.0003    0.0000 |
    9.540     7     7     7.0     70  78185 |   10  9541    0.0024    0.0002    0.0000 |
    9.550     7     7     7.0     70  78255 |   10  9551    0.0025    0.0002    0.0000 |
    9.560     7     7     7.0     70  78325 |   10  9561    0.0030    0.0003    0.0000 |
    9.570     7     7     7.0     70  78395 |   10  9571    0.0025    0.0002    0.0000 |
    9.580     7     7     7.0     70  78465 |   10  9581    0.0023    0.0002    0.0000 |
    9.590     7     7     7.0     70  78535 |   10  9591    0.0026    0.0003    0.0000 |
    9.600     7     7     7.0     70  78605 |   10  9601    0.0024    0.0002    0.0000 |
    9.610     7     7     7.0     70  78675 |   10  9611    0.0024    0.0002    0.0000 |
    9.620     7     7     7.0     70  78745 |   10  9621    0.0028    0.0003    0.0000 |
    9.630     7     7     7.0     70  78815 |   10  9631    0.0025    0.0003    0.0000 |
    9.640     7     7     7.0     70  78885 |   10  9641    0.0031    0.0003    0.0000 |
    9.650     7     7     7.0     70  78955 |   10  9651    0.0024    0.0002    0.0000 |
    9.660     7     7     7.0     70  79025 |   10  9661    0.0030    0.0003    0.0000 |
    9.670     7     7     7.0     70  79095 |   10  9671    0.0025    0.0003    0.0000 |
    9.680     7     7     7.0     70  79165 |   10  9681    0.0027    0.0003    0.0000 |
    9.690     7     7     7.0     70  79235 |   10  9691    0.0025    0.0002    0.0000 |
    9.700     7     7     7.0     70  79305 |   10  9701    0.0025    0.0003    0.0000 |
    9.710     7     7     7.0     70  79375 |   10  9711    0.0026    0.0003    0.0000 |
    9.720     7     7     7.0     70  79445 |   10  9721    0.0026    0.0003    0.0000 |
    9.730     7     7     7.0     70  79515 |   10  9731    0.0025    0.0003    0.0000 |
    9.740     7     7     7.0     70  79585 |   10  9741    0.0026    0.0003    0.0000 |
    9.750     7     7     7.0     70  79655 |   10  9751    0.0031    0.0003    0.0000 |
    9.760     7     7     7.0     70  79725 |   10  9761    0.0026    0.0003    0.0000 |
    9.770     7     7     7.0     70  79795 |   10  9771    0.0027    0.0003    0.0000 |
    9.780     7     7     7.0     70  79865 |   10  9781    0.0029    0.0003    0.0000 |
    9.790     7     7     7.0     70  79935 |   10  9791    0.0029    0.0003    0.0000 |
    9.800     7     7     7.0     70  80005 |   10  9801    0.0025    0.0003    0.0000 |
    9.810     7     7     7.0     70  80075 |   10  9811    0.0025    0.0003    0.0000 |
    9.820     7     7     7.0     70  80145 |   10  9821    0.0023    0.0002    0.0000 |
    9.830     7     7     7.0     70  80215 |   10  9831    0.0025    0.0002    0.0000 |
    9.840     7     7     7.0     70  80285 |   10  9841    0.0026    0.0003    0.0000 |
    9.850     7     7     7.0     70  80355 |   10  9851    0.0025    0.0002    0.0000 |
    9.860     7     7     7.0     70  80425 |   10  9861    0.0024    0.0002    0.0000 |
    9.870     7     7     7.0     70  80495 |   10  9871    0.0026    0.0003    0.0000 |
    9.880     7     7     7.0     70  80565 |   10  9881    0.0027    0.0003    0.0000 |
    9.890     7     7     7.0     70  80635 |   10  9891    0.0030    0.0003    0.0000 |
    9.900     7     7     7.0     70  80705 |   10  9901    0.0024    0.0002    0.0000 |
    9.910     7     7     7.0     70  80775 |   10  9911    0.0030    0.0003    0.0000 |
    9.920     7     7     7.0     70  80845 |   10  9921    0.0028    0.0003    0.0000 |
    9.930     7     7     7.0     70  80915 |   10  9931    0.0023    0.0002    0.0000 |
    9.940     7     7     7.0     70  80985 |   10  9941    0.0029    0.0003    0.0000 |
    9.950     7     7     7.0     70  81055 |   10  9951    0.0023    0.0002    0.0000 |
    9.960     7     7     7.0     70  81125 |   10  9961    0.0025    0.0003    0.0000 |
    9.970     7     7     7.0     70  81195 |   10  9971    0.0024    0.0002    0.0000 |
    9.980     7     7     7.0     70  81265 |   10  9981    0.0026    0.0003    0.0000 |
    9.990     7     7     7.0     70  81335 |   10  9991    0.0024    0.0002    0.0000 |
   10.000     7     7     7.0     70  81405 |   10 10001    0.0029    0.0003    0.0000 |
